3990.415209
3990.416211
3990.417211
3990.41821
3990.41921
3990.42021
3990.42121
3990.42221
3990.42321
3990.424209
3990.425211
3990.426211
3990.42721
3990.42821
3990.42921
3990.43021
3990.43121
3990.432209
3990.433209
3990.434211
3990.435211
3990.43621
3990.43721
3990.43821
3990.43921
3990.44021
3990.441209
3990.442209
3990.443211
3990.444211
3990.44521
3990.44621
3990.44721
3990.44821
3990.44921
3990.450209
3990.451209
3990.452211
3990.453211
3990.45421
3990.45521
3990.45621
3990.45721
3990.45821
3990.459209
3990.460209
3990.461211
3990.462211
3990.46321
3990.46421
3990.46521
3990.46621
3990.46721
3990.468209
3990.469211
3990.470211
3990.471211
3990.47221
3990.47321
3990.47421
3990.47521
3990.47621
3990.477209
3990.478211
3990.479211
3990.48021
3990.48121
3990.48221
3990.48321
3990.48421
3990.48521
3990.486209
3990.487211
3990.488211
3990.48921
3990.49021
3990.49121
3990.49221
3990.49321
3990.494209
3990.495209
3990.496211
3990.497211
3990.49821
3990.49921
3990.50021
3990.50121
3990.50221
3990.503209
3990.504209
3990.505211
3990.506211
3990.50721
3990.50821
3990.50921
3990.51021
3990.51121
3990.512209
3990.513209
3990.514211
3990.515211
3990.51621
3990.51721
3990.51821
3990.51921
3990.52021
3990.521209
3990.522209
3990.523211
3990.524211
3990.52521
3990.52621
3990.52721
3990.52821
3990.52921
3990.530209
3990.531211
3990.532211
3990.533211
3990.53421
3990.53521
3990.53621
3990.53721
3990.53821
3990.539209
3990.540211
3990.541211
3990.54221
3990.54321
3990.54421
3990.54521
3990.54621
3990.54721
3990.548209
3990.549211
3990.550211
3990.55121
3990.55221
3990.55321
3990.55421
3990.55521
3990.556209
3990.557209
3990.558211
3990.559211
3990.56021
3990.56121
3990.56221
3990.56321
3990.56421
3990.565209
3990.566209
3990.567211
3990.568211
3990.56921
3990.57021
3990.57121
3990.57221
3990.57321
3990.574209
3990.575209
3990.576211
3990.577211
3990.57821
3990.57921
3990.58021
3990.58121
3990.58221
3990.583209
3990.584209
3990.585211
3990.586211
3990.58721
3990.58821
3990.58921
3990.59021
3990.59121
3990.592209
3990.593211
3990.594211
3990.59521
3990.59621
3990.59721
3990.59821
3990.59921
3990.60021
3990.601209
3990.602211
3990.603211
3990.60421
3990.60521
3990.60621
3990.60721
3990.60821
3990.60921
3990.610209
3990.611211
3990.612211
3990.61321
3990.61421
3990.61521
3990.61621
3990.61721
3990.618209
3990.619209
3990.620211
3990.621211
3990.62221
3990.62321
3990.62421
3990.62521
3990.62621
3990.627209
3990.628209
3990.629211
3990.630211
3990.63121
3990.63221
3990.63321
3990.63421
3990.63521
3990.636209
3990.637209
3990.638211
3990.639211
3990.64021
3990.64121
3990.64221
3990.64321
3990.64421
3990.645209
3990.646209
3990.647211
3990.648211
3990.64921
3990.65021
3990.65121
3990.65221
3990.65321
3990.654209
3990.655211
3990.656211
3990.657211
3990.65821
3990.65921
3990.66021
3990.66121
3990.66221
3990.663209
3990.664211
3990.665211
3990.66621
3990.66721
3990.66821
3990.66921
3990.67021
3990.67121
3990.672209
3990.673211
3990.674211
3990.67521
3990.67621
3990.67721
3990.67821
3990.67921
3990.680209
3990.681209
3990.682211
3990.683211
3990.68421
3990.68521
3990.68621
3990.68721
3990.68821
3990.689209
3990.690209
3990.691211
3990.692211
3990.69321
3990.69421
3990.69521
3990.69621
3990.69721
3990.698209
3990.699209
3990.700211
3990.701211
3990.70221
3990.70321
3990.70421
3990.70521
3990.70621
3990.707209
3990.708209
3990.709211
3990.710211
3990.71121
3990.71221
3990.71321
3990.71421
3990.71521
3990.716209
3990.717211
3990.718211
3990.719211
3990.72021
3990.72121
3990.72221
3990.72321
3990.72421
3990.725209
3990.726211
3990.727211
3990.72821
3990.72921
3990.73021
3990.73121
3990.73221
3990.73321
3990.734209
3990.735211
3990.736211
3990.73721
3990.73821
3990.73921
3990.74021
3990.74121
3990.742209
3990.743209
3990.744211
3990.745211
3990.74621
3990.74721
3990.74821
3990.74921
3990.75021
3990.751209
3990.752209
3990.753211
3990.754211
3990.75521
3990.75621
3990.75721
3990.75821
3990.75921
3990.760209
3990.761209
3990.762211
3990.763211
3990.76421
3990.76521
3990.76621
3990.76721
3990.76821
3990.769209
3990.770209
3990.771211
3990.772211
3990.77321
3990.77421
3990.77521
3990.77621
3990.77721
3990.778209
3990.779211
3990.780211
3990.781211
3990.78221
3990.78321
3990.78421
3990.78521
3990.78621
3990.787209
3990.788211
3990.789211
3990.79021
3990.79121
3990.79221
3990.79321
3990.79421
3990.79521
3990.796209
3990.797211
3990.798211
3990.79921
3990.80021
3990.80121
3990.80221
3990.80321
3990.804209
3990.805209
3990.806211
3990.807211
3990.80821
3990.80921
3990.81021
3990.81121
3990.81221
3990.813209
3990.814209
3990.815211
3990.816211
3990.81721
3990.81821
3990.81921
3990.82021
3990.82121
3990.822209
3990.823209
3990.824211
3990.825211
3990.82621
3990.82721
3990.82821
3990.82921
3990.83021
3990.831209
3990.832209
3990.833211
3990.834211
3990.83521
3990.83621
3990.83721
3990.83821
3990.83921
3990.840209
3990.841211
3990.842211
3990.84321
3990.84421
3990.84521
3990.84621
3990.84721
3990.84821
3990.849209
3990.850211
3990.851211
3990.85221
3990.85321
3990.85421
3990.85521
3990.85621
3990.85721
3990.858209
3990.859211
3990.860211
3990.86121
3990.86221
3990.86321
3990.86421
3990.86521
3990.866209
3990.867209
3990.868211
3990.869211
3990.87021
3990.87121
3990.87221
3990.87321
3990.87421
3990.875209
3990.876209
3990.877211
3990.878211
3990.87921
3990.88021
3990.88121
3990.88221
3990.88321
3990.884209
3990.885209
3990.886211
3990.887211
3990.88821
3990.88921
3990.89021
3990.89121
3990.89221
3990.893209
3990.894209
3990.895211
3990.896211
3990.89721
3990.89821
3990.89921
3990.90021
3990.90121
3990.902209
3990.903211
3990.904211
3990.905211
3990.90621
3990.90721
3990.90821
3990.90921
3990.91021
3990.911209
3990.912211
3990.913211
3990.91421
3990.91521
3990.91621
3990.91721
3990.91821
3990.91921
3990.920209
3990.921211
3990.922211
3990.92321
3990.92421
3990.92521
3990.92621
3990.92721
3990.928209
3990.929209
3990.930211
3990.931211
3990.93221
3990.93321
3990.93421
3990.93521
3990.93621
3990.937209
3990.938209
3990.939211
3990.940211
3990.94121
3990.94221
3990.94321
3990.94421
3990.94521
3990.946209
3990.947209
3990.948211
3990.949211
3990.95021
3990.95121
3990.95221
3990.95321
3990.95421
3990.955209
3990.956209
3990.957211
3990.958211
3990.95921
3990.96021
3990.96121
3990.96221
3990.96321
3990.964209
3990.965211
3990.966211
3990.967211
3990.96821
3990.96921
3990.97021
3990.97121
3990.97221
3990.973209
3990.974211
3990.975211
3990.97621
3990.97721
3990.97821
3990.97921
3990.98021
3990.98121
3990.982209
3990.983211
3990.984211
3990.98521
3990.98621
3990.98721
3990.98821
3990.98921
3990.990209
3990.991209
3990.992211
3990.993211
3990.99421
3990.99521
3990.99621
3990.99721
3990.99821
3990.999209
3991.000209
3991.001211
3991.002211
3991.00321
3991.00421
3991.00521
3991.00621
3991.00721
3991.008209
3991.009209
3991.010211
3991.011211
3991.01221
3991.01321
3991.01421
3991.01521
3991.01621
3991.017209
3991.018209
3991.019211
3991.020211
3991.02121
3991.02221
3991.02321
3991.02421
3991.02521
3991.026209
3991.027211
3991.028211
3991.029211
3991.03021
3991.03121
3991.03221
3991.03321
3991.03421
3991.035209
3991.036211
3991.037211
3991.03821
3991.03921
3991.04021
3991.04121
3991.04221
3991.04321
3991.044209
3991.045211
3991.046211
3991.04721
3991.04821
3991.04921
3991.05021
3991.05121
3991.052209
3991.053209
3991.054211
3991.055211
3991.05621
3991.05721
3991.05821
3991.05921
3991.06021
3991.061209
3991.062209
3991.063211
3991.064211
3991.06521
3991.06621
3991.06721
3991.06821
3991.06921
3991.070209
3991.071209
3991.072211
3991.073211
3991.07421
3991.07521
3991.07621
3991.07721
3991.07821
3991.079209
3991.080209
3991.081211
3991.082211
3991.08321
3991.08421
3991.08521
3991.08621
3991.08721
3991.088209
3991.089211
3991.090211
3991.091211
3991.09221
3991.09321
3991.09421
3991.09521
3991.09621
3991.097209
3991.098211
3991.099211
3991.10021
3991.10121
3991.10221
3991.10321
3991.10421
3991.10521
3991.106209
3991.107211
3991.108211
3991.10921
3991.11021
3991.11121
3991.11221
3991.11321
3991.114209
3991.115209
3991.116211
3991.117211
3991.11821
3991.11921
3991.12021
3991.12121
3991.12221
3991.123209
3991.124209
3991.125211
3991.126211
3991.12721
3991.12821
3991.12921
3991.13021
3991.13121
3991.132209
3991.133209
3991.134211
3991.135211
3991.13621
3991.13721
3991.13821
3991.13921
3991.14021
3991.141209
3991.142209
3991.143211
3991.144211
3991.14521
3991.14621
3991.14721
3991.14821
3991.14921
3991.150209
3991.151211
3991.152211
3991.153211
3991.15421
3991.15521
3991.15621
3991.15721
3991.15821
3991.159209
3991.160211
3991.161211
3991.16221
3991.16321
3991.16421
3991.16521
3991.16621
3991.16721
3991.168209
3991.169211
3991.170211
3991.17121
3991.17221
3991.17321
3991.17421
3991.17521
3991.176209
3991.177209
3991.178211
3991.179211
3991.18021
3991.18121
3991.18221
3991.18321
3991.18421
3991.185209
3991.186209
3991.187211
3991.188211
3991.18921
3991.19021
3991.19121
3991.19221
3991.19321
3991.194209
3991.195209
3991.196211
3991.197211
3991.19821
3991.19921
3991.20021
3991.20121
3991.20221
3991.203209
3991.204209
3991.205211
3991.206211
3991.20721
3991.20821
3991.20921
3991.21021
3991.21121
3991.212209
3991.213211
3991.214211
3991.215211
3991.21621
3991.21721
3991.21821
3991.21921
3991.22021
3991.221209
3991.222211
3991.223211
3991.22421
3991.22521
3991.22621
3991.22721
3991.22821
3991.229209
3991.230209
3991.231211
3991.232211
3991.23321
3991.23421
3991.23521
3991.23621
3991.23721
3991.238209
3991.239209
3991.240211
3991.241211
3991.24221
3991.24321
3991.24421
3991.24521
3991.24621
3991.247209
3991.248209
3991.249211
3991.250211
3991.25121
3991.25221
3991.25321
3991.25421
3991.25521
3991.256209
3991.257209
3991.258211
3991.259211
3991.26021
3991.26121
3991.26221
3991.26321
3991.26421
3991.265209
3991.266209
3991.267211
3991.268211
3991.26921
3991.27021
3991.27121
3991.27221
3991.27321
3991.274209
3991.275211
3991.276211
3991.277211
3991.27821
3991.27921
3991.28021
3991.28121
3991.28221
3991.283209
3991.284211
3991.285211
3991.28621
3991.28721
3991.28821
3991.28921
3991.29021
3991.29121
3991.292209
3991.293211
3991.294211
3991.29521
3991.29621
3991.29721
3991.29821
3991.29921
3991.300209
3991.301209
3991.302211
3991.303211
3991.30421
3991.30521
3991.30621
3991.30721
3991.30821
3991.309209
3991.310209
3991.311211
3991.312211
3991.31321
3991.31421
3991.31521
3991.31621
3991.31721
3991.318209
3991.319209
3991.320211
3991.321211
3991.32221
3991.32321
3991.32421
3991.32521
3991.32621
3991.327209
3991.328209
3991.329211
3991.330211
3991.33121
3991.33221
3991.33321
3991.33421
3991.33521
3991.336209
3991.337211
3991.338211
3991.339211
3991.34021
3991.34121
3991.34221
3991.34321
3991.34421
3991.345209
3991.346211
3991.347211
3991.34821
3991.34921
3991.35021
3991.35121
3991.35221
3991.35321
3991.354209
3991.355211
3991.356211
3991.35721
3991.35821
3991.35921
3991.36021
3991.36121
3991.362209
3991.363209
3991.364211
3991.365211
3991.36621
3991.36721
3991.36821
3991.36921
3991.37021
3991.371209
3991.372209
3991.373211
3991.374211
3991.37521
3991.37621
3991.37721
3991.37821
3991.37921
3991.380209
3991.381209
3991.382211
3991.383211
3991.38421
3991.38521
3991.38621
3991.38721
3991.38821
3991.389209
3991.390209
3991.391211
3991.392211
3991.39321
3991.39421
3991.39521
3991.39621
3991.39721
3991.398209
3991.399211
3991.400211
3991.401211
3991.40221
3991.40321
3991.40421
3991.40521
3991.40621
3991.407209
3991.408211
3991.409211
3991.41021
3991.41121
3991.41221
3991.41321
3991.41421
3991.41521
3991.416209
3991.417211
3991.418211
3991.41921
3991.42021
3991.42121
3991.42221
3991.42321
3991.424209
3991.425209
3991.426211
3991.427211
3991.42821
3991.42921
3991.43021
3991.43121
3991.43221
3991.433209
3991.434209
3991.435211
3991.436211
3991.43721
3991.43821
3991.43921
3991.44021
3991.44121
3991.442209
3991.443209
3991.444211
3991.445211
3991.44621
3991.44721
3991.44821
3991.44921
3991.45021
3991.451209
3991.452209
3991.453211
3991.454211
3991.45521
3991.45621
3991.45721
3991.45821
3991.45921
3991.460209
3991.461211
3991.462211
3991.463211
3991.46421
3991.46521
3991.46621
3991.46721
3991.46821
3991.469209
3991.470211
3991.471211
3991.47221
3991.47321
3991.47421
3991.47521
3991.47621
3991.47721
3991.478209
3991.479211
3991.480211
3991.48121
3991.48221
3991.48321
3991.48421
3991.48521
3991.486209
3991.487209
3991.488211
3991.489211
3991.49021
3991.49121
3991.49221
3991.49321
3991.49421
3991.495209
3991.496209
3991.497211
3991.498211
3991.49921
3991.50021
3991.50121
3991.50221
3991.50321
3991.504209
3991.505209
3991.506211
3991.507211
3991.50821
3991.50921
3991.51021
3991.51121
3991.51221
3991.513209
3991.514209
3991.515211
3991.516211
3991.51721
3991.51821
3991.51921
3991.52021
3991.52121
3991.522209
3991.523211
3991.524211
3991.525211
3991.52621
3991.52721
3991.52821
3991.52921
3991.53021
3991.531209
3991.532211
3991.533211
3991.53421
3991.53521
3991.53621
3991.53721
3991.53821
3991.53921
3991.540209
3991.541211
3991.542211
3991.54321
3991.54421
3991.54521
3991.54621
3991.54721
3991.548209
3991.549209
3991.550211
3991.551211
3991.55221
3991.55321
3991.55421
3991.55521
3991.55621
3991.557209
3991.558209
3991.559211
3991.560211
3991.56121
3991.56221
3991.56321
3991.56421
3991.56521
3991.566209
3991.567209
3991.568211
3991.569211
3991.57021
3991.57121
3991.57221
3991.57321
3991.57421
3991.575209
3991.576209
3991.577211
3991.578211
3991.57921
3991.58021
3991.58121
3991.58221
3991.58321
3991.584209
3991.585211
3991.586211
3991.587211
3991.58821
3991.58921
3991.59021
3991.59121
3991.59221
3991.593209
3991.594211
3991.595211
3991.59621
3991.59721
3991.59821
3991.59921
3991.60021
3991.60121
3991.602209
3991.603211
3991.604211
3991.60521
3991.60621
3991.60721
3991.60821
3991.60921
3991.610209
3991.611209
3991.612211
3991.613211
3991.61421
3991.61521
3991.61621
3991.61721
3991.61821
3991.619209
3991.620209
3991.621211
3991.622211
3991.62321
3991.62421
3991.62521
3991.62621
3991.62721
3991.628209
3991.629209
3991.630211
3991.631211
3991.63221
3991.63321
3991.63421
3991.63521
3991.63621
3991.637209
3991.638209
3991.639211
3991.640211
3991.64121
3991.64221
3991.64321
3991.64421
3991.64521
3991.646209
3991.647211
3991.648211
3991.649211
3991.65021
3991.65121
3991.65221
3991.65321
3991.65421
3991.655209
3991.656211
3991.657211
3991.65821
3991.65921
3991.66021
3991.66121
3991.66221
3991.66321
3991.664209
3991.665211
3991.666211
3991.66721
3991.66821
3991.66921
3991.67021
3991.67121
3991.672209
3991.673209
3991.674211
3991.675211
3991.67621
3991.67721
3991.67821
3991.67921
3991.68021
3991.681209
3991.682209
3991.683211
3991.684211
3991.68521
3991.68621
3991.68721
3991.68821
3991.68921
3991.690209
3991.691209
3991.692211
3991.693211
3991.69421
3991.69521
3991.69621
3991.69721
3991.69821
3991.699209
3991.700209
3991.701211
3991.702211
3991.70321
3991.70421
3991.70521
3991.70621
3991.70721
3991.708209
3991.709211
3991.710211
3991.711211
3991.71221
3991.71321
3991.71421
3991.71521
3991.71621
3991.717209
3991.718211
3991.719211
3991.72021
3991.72121
3991.72221
3991.72321
3991.72421
3991.72521
3991.726209
3991.727211
3991.728211
3991.72921
3991.73021
3991.73121
3991.73221
3991.73321
3991.734209
3991.735209
3991.736211
3991.737211
3991.73821
3991.73921
3991.74021
3991.74121
3991.74221
3991.743209
3991.744209
3991.745211
3991.746211
3991.74721
3991.74821
3991.74921
3991.75021
3991.75121
3991.752209
3991.753209
3991.754211
3991.755211
3991.75621
3991.75721
3991.75821
3991.75921
3991.76021
3991.761209
3991.762209
3991.763211
3991.764211
3991.76521
3991.76621
3991.76721
3991.76821
3991.76921
3991.770209
3991.771211
3991.772211
3991.773211
3991.77421
3991.77521
3991.77621
3991.77721
3991.77821
3991.779209
3991.780211
3991.781211
3991.78221
3991.78321
3991.78421
3991.78521
3991.78621
3991.78721
3991.788209
3991.789211
3991.790211
3991.79121
3991.79221
3991.79321
3991.79421
3991.79521
3991.796209
3991.797209
3991.798211
3991.799211
3991.80021
3991.80121
3991.80221
3991.80321
3991.80421
3991.805209
3991.806209
3991.807211
3991.808211
3991.80921
3991.81021
3991.81121
3991.81221
3991.81321
3991.814209
3991.815209
3991.816211
3991.817211
3991.81821
3991.81921
3991.82021
3991.82121
3991.82221
3991.823209
3991.824209
3991.825211
3991.826211
3991.82721
3991.82821
3991.82921
3991.83021
3991.83121
3991.832209
3991.833211
3991.834211
3991.835211
3991.83621
3991.83721
3991.83821
3991.83921
3991.84021
3991.841209
3991.842211
3991.843211
3991.84421
3991.84521
3991.84621
3991.84721
3991.84821
3991.84921
3991.850209
3991.851211
3991.852211
3991.85321
3991.85421
3991.85521
3991.85621
3991.85721
3991.858209
3991.859209
3991.860211
3991.861211
3991.86221
3991.86321
3991.86421
3991.86521
3991.86621
3991.867209
3991.868209
3991.869211
3991.870211
3991.87121
3991.87221
3991.87321
3991.87421
3991.87521
3991.876209
3991.877209
3991.878211
3991.879211
3991.88021
3991.88121
3991.88221
3991.88321
3991.88421
3991.885209
3991.886209
3991.887211
3991.888211
3991.88921
3991.89021
3991.89121
3991.89221
3991.89321
3991.894209
3991.895211
3991.896211
3991.897211
3991.89821
3991.89921
3991.90021
3991.90121
3991.90221
3991.903209
3991.904211
3991.905211
3991.90621
3991.90721
3991.90821
3991.90921
3991.91021
3991.91121
3991.912209
3991.913211
3991.914211
3991.91521
3991.91621
3991.91721
3991.91821
3991.91921
3991.920209
3991.921209
3991.922211
3991.923211
3991.92421
3991.92521
3991.92621
3991.92721
3991.92821
3991.929209
3991.930209
3991.931211
3991.932211
3991.93321
3991.93421
3991.93521
3991.93621
3991.93721
3991.938209
3991.939209
3991.940211
3991.941211
3991.94221
3991.94321
3991.94421
3991.94521
3991.94621
3991.947209
3991.948209
3991.949211
3991.950211
3991.95121
3991.95221
3991.95321
3991.95421
3991.95521
3991.956209
3991.957211
3991.958211
3991.959211
3991.96021
3991.96121
3991.96221
3991.96321
3991.96421
3991.965209
3991.966211
3991.967211
3991.96821
3991.96921
3991.97021
3991.97121
3991.97221
3991.973209
3991.974209
3991.975211
3991.976211
3991.97721
3991.97821
3991.97921
3991.98021
3991.98121
3991.982209
3991.983209
3991.984211
3991.985211
3991.98621
3991.98721
3991.98821
3991.98921
3991.99021
3991.991209
3991.992209
3991.993211
3991.994211
3991.99521
3991.99621
3991.99721
3991.99821
3991.99921
3992.000209
3992.001209
3992.002211
3992.003211
3992.00421
3992.00521
3992.00621
3992.00721
3992.00821
3992.009209
3992.010209
3992.011211
3992.012211
3992.01321
3992.01421
3992.01521
3992.01621
3992.01721
3992.018209
3992.019211
3992.020211
3992.021211
3992.02221
3992.02321
3992.02421
3992.02521
3992.02621
3992.027209
3992.028211
3992.029211
3992.03021
3992.03121
3992.03221
3992.03321
3992.03421
3992.03521
3992.036209
3992.037211
3992.038211
3992.03921
3992.04021
3992.04121
3992.04221
3992.04321
3992.044209
3992.045209
3992.046211
3992.047211
3992.04821
3992.04921
3992.05021
3992.05121
3992.05221
3992.053209
3992.054209
3992.055211
3992.056211
3992.05721
3992.05821
3992.05921
3992.06021
3992.06121
3992.062209
3992.063209
3992.064211
3992.065211
3992.06621
3992.06721
3992.06821
3992.06921
3992.07021
3992.071209
3992.072209
3992.073211
3992.074211
3992.07521
3992.07621
3992.07721
3992.07821
3992.07921
3992.080209
3992.081211
3992.082211
3992.083211
3992.08421
3992.08521
3992.08621
3992.08721
3992.08821
3992.089209
3992.090211
3992.091211
3992.09221
3992.09321
3992.09421
3992.09521
3992.09621
3992.09721
3992.098209
3992.099211
3992.100211
3992.10121
3992.10221
3992.10321
3992.10421
3992.10521
3992.106209
3992.107209
3992.108211
3992.109211
3992.11021
3992.11121
3992.11221
3992.11321
3992.11421
3992.115209
3992.116209
3992.117211
3992.118211
3992.11921
3992.12021
3992.12121
3992.12221
3992.12321
3992.124209
3992.125209
3992.126211
3992.127211
3992.12821
3992.12921
3992.13021
3992.13121
3992.13221
3992.133209
3992.134209
3992.135211
3992.136211
3992.13721
3992.13821
3992.13921
3992.14021
3992.14121
3992.142209
3992.143211
3992.144211
3992.145211
3992.14621
3992.14721
3992.14821
3992.14921
3992.15021
3992.151209
3992.152211
3992.153211
3992.15421
3992.15521
3992.15621
3992.15721
3992.15821
3992.15921
3992.160209
3992.161211
3992.162211
3992.16321
3992.16421
3992.16521
3992.16621
3992.16721
3992.168209
3992.169209
3992.170211
3992.171211
3992.17221
3992.17321
3992.17421
3992.17521
3992.17621
3992.177209
3992.178209
3992.179211
3992.180211
3992.18121
3992.18221
3992.18321
3992.18421
3992.18521
3992.186209
3992.187209
3992.188211
3992.189211
3992.19021
3992.19121
3992.19221
3992.19321
3992.19421
3992.195209
3992.196209
3992.197211
3992.198211
3992.19921
3992.20021
3992.20121
3992.20221
3992.20321
3992.204209
3992.205211
3992.206211
3992.207211
3992.20821
3992.20921
3992.21021
3992.21121
3992.21221
3992.213209
3992.214211
3992.215211
3992.21621
3992.21721
3992.21821
3992.21921
3992.22021
3992.22121
3992.222209
3992.223211
3992.224211
3992.22521
3992.22621
3992.22721
3992.22821
3992.22921
3992.230209
3992.231209
3992.232211
3992.233211
3992.23421
3992.23521
3992.23621
3992.23721
3992.23821
3992.239209
3992.240209
3992.241211
3992.242211
3992.24321
3992.24421
3992.24521
3992.24621
3992.24721
3992.248209
3992.249209
3992.250211
3992.251211
3992.25221
3992.25321
3992.25421
3992.25521
3992.25621
3992.257209
3992.258209
3992.259211
3992.260211
3992.26121
3992.26221
3992.26321
3992.26421
3992.26521
3992.266209
3992.267211
3992.268211
3992.269211
3992.27021
3992.27121
3992.27221
3992.27321
3992.27421
3992.275209
3992.276211
3992.277211
3992.27821
3992.27921
3992.28021
3992.28121
3992.28221
3992.28321
3992.284209
3992.285211
3992.286211
3992.28721
3992.28821
3992.28921
3992.29021
3992.29121
3992.292209
3992.293209
3992.294211
3992.295211
3992.29621
3992.29721
3992.29821
3992.29921
3992.30021
3992.301209
3992.302209
3992.303211
3992.304211
3992.30521
3992.30621
3992.30721
3992.30821
3992.30921
3992.310209
3992.311209
3992.312211
3992.313211
3992.31421
3992.31521
3992.31621
3992.31721
3992.31821
3992.319209
3992.320209
3992.321211
3992.322211
3992.32321
3992.32421
3992.32521
3992.32621
3992.32721
3992.328209
3992.329211
3992.330211
3992.331211
3992.33221
3992.33321
3992.33421
3992.33521
3992.33621
3992.337209
3992.338211
3992.339211
3992.34021
3992.34121
3992.34221
3992.34321
3992.34421
3992.34521
3992.346209
3992.347211
3992.348211
3992.34921
3992.35021
3992.35121
3992.35221
3992.35321
3992.354209
3992.355209
3992.356211
3992.357211
3992.35821
3992.35921
3992.36021
3992.36121
3992.36221
3992.363209
3992.364209
3992.365211
3992.366211
3992.36721
3992.36821
3992.36921
3992.37021
3992.37121
3992.372209
3992.373209
3992.374211
3992.375211
3992.37621
3992.37721
3992.37821
3992.37921
3992.38021
3992.381209
3992.382209
3992.383211
3992.384211
3992.38521
3992.38621
3992.38721
3992.38821
3992.38921
3992.390209
3992.391211
3992.392211
3992.393211
3992.39421
3992.39521
3992.39621
3992.39721
3992.39821
3992.399209
3992.400211
3992.401211
3992.40221
3992.40321
3992.40421
3992.40521
3992.40621
3992.40721
3992.408209
3992.409211
3992.410211
3992.41121
3992.41221
3992.41321
3992.41421
3992.41521
3992.416209
3992.417209
3992.418211
3992.419211
3992.42021
3992.42121
3992.42221
3992.42321
3992.42421
3992.425209
3992.426209
