3728.827659
3728.828659
3728.829659
3728.830658
3728.831658
3728.832658
3728.833659
3728.834659
3728.835659
3728.836659
3728.837659
3728.838659
3728.839658
3728.840658
3728.841658
3728.842659
3728.843659
3728.844659
3728.845659
3728.846659
3728.847658
3728.848658
3728.849658
3728.850658
3728.851659
3728.852659
3728.853659
3728.854659
3728.855659
3728.856658
3728.857658
3728.858658
3728.859658
3728.860659
3728.861659
3728.862659
3728.863659
3728.864659
3728.865658
3728.866658
3728.867658
3728.86866
3728.869659
3728.870659
3728.871659
3728.872659
3728.873659
3728.874658
3728.875658
3728.876658
3728.87766
3728.878659
3728.879659
3728.880659
3728.881659
3728.882659
3728.883658
3728.884658
3728.885658
3728.88666
3728.887659
3728.888659
3728.889659
3728.890659
3728.891659
3728.892658
3728.893658
3728.894658
3728.895659
3728.896659
3728.897659
3728.898659
3728.899659
3728.900659
3728.901658
3728.902658
3728.903658
3728.904659
3728.905659
3728.906659
3728.907659
3728.908659
3728.909658
3728.910658
3728.911658
3728.912658
3728.913659
3728.914659
3728.915659
3728.916659
3728.917659
3728.918658
3728.919658
3728.920658
3728.921658
3728.922659
3728.923659
3728.924659
3728.925659
3728.926659
3728.927658
3728.928658
3728.929658
3728.93066
3728.931659
3728.932659
3728.933659
3728.934659
3728.935659
3728.936658
3728.937658
3728.938658
3728.93966
3728.940659
3728.941659
3728.942659
3728.943659
3728.944659
3728.945658
3728.946658
3728.947658
3728.94866
3728.949659
3728.950659
3728.951659
3728.952659
3728.953659
3728.954658
3728.955658
3728.956658
3728.957659
3728.958659
3728.959659
3728.960659
3728.961659
3728.962659
3728.963658
3728.964658
3728.965658
3728.966659
3728.967659
3728.968659
3728.969659
3728.970659
3728.971658
3728.972658
3728.973658
3728.974658
3728.975659
3728.976659
3728.977659
3728.978659
3728.979659
3728.980658
3728.981658
3728.982658
3728.983658
3728.984659
3728.985659
3728.986659
3728.987659
3728.988659
3728.989658
3728.990658
3728.991658
3728.99266
3728.993659
3728.994659
3728.995659
3728.996659
3728.997659
3728.998658
3728.999658
3729.000658
3729.00166
3729.002659
3729.003659
3729.004659
3729.005659
3729.006659
3729.007658
3729.008658
3729.009658
3729.01066
3729.011659
3729.012659
3729.013659
3729.014659
3729.015659
3729.016658
3729.017658
3729.018658
3729.019659
3729.020659
3729.021659
3729.022659
3729.023659
3729.024659
3729.025658
3729.026658
3729.027658
3729.028659
3729.029659
3729.030659
3729.031659
3729.032659
3729.033658
3729.034658
3729.035658
3729.036658
3729.037659
3729.038659
3729.039659
3729.040659
3729.041659
3729.042658
3729.043658
3729.044658
3729.045658
3729.046659
3729.047659
3729.048659
3729.049659
3729.050659
3729.051658
3729.052658
3729.053658
3729.05466
3729.055659
3729.056659
3729.057659
3729.058659
3729.059659
3729.060658
3729.061658
3729.062658
3729.06366
3729.064659
3729.065659
3729.066659
3729.067659
3729.068659
3729.069658
3729.070658
3729.071658
3729.07266
3729.073659
3729.074659
3729.075659
3729.076659
3729.077659
3729.078658
3729.079658
3729.080658
3729.081659
3729.082659
3729.083659
3729.084659
3729.085659
3729.086659
3729.087658
3729.088658
3729.089658
3729.090659
3729.091659
3729.092659
3729.093659
3729.094659
3729.095658
3729.096658
3729.097658
3729.098658
3729.099659
3729.100659
3729.101659
3729.102659
3729.103659
3729.104658
3729.105658
3729.106658
3729.107658
3729.108659
3729.109659
3729.110659
3729.111659
3729.112659
3729.113658
3729.114658
3729.115658
3729.11666
3729.117659
3729.118659
3729.119659
3729.120659
3729.121659
3729.122658
3729.123658
3729.124658
3729.12566
3729.126659
3729.127659
3729.128659
3729.129659
3729.130659
3729.131658
3729.132658
3729.133658
3729.13466
3729.135659
3729.136659
3729.137659
3729.138659
3729.139659
3729.140658
3729.141658
3729.142658
3729.143659
3729.144659
3729.145659
3729.146659
3729.147659
3729.148659
3729.149658
3729.150658
3729.151658
3729.152659
3729.153659
3729.154659
3729.155659
3729.156659
3729.157658
3729.158658
3729.159658
3729.160658
3729.161659
3729.162659
3729.163659
3729.164659
3729.165659
3729.166658
3729.167658
3729.168658
3729.169658
3729.170659
3729.171659
3729.172659
3729.173659
3729.174659
3729.175658
3729.176658
3729.177658
3729.17866
3729.179659
3729.180659
3729.181659
3729.182659
3729.183659
3729.184658
3729.185658
3729.186658
3729.18766
3729.188659
3729.189659
3729.190659
3729.191659
3729.192659
3729.193658
3729.194658
3729.195658
3729.19666
3729.197659
3729.198659
3729.199659
3729.200659
3729.201659
3729.202658
3729.203658
3729.204658
3729.205659
3729.206659
3729.207659
3729.208659
3729.209659
3729.210659
3729.211658
3729.212658
3729.213658
3729.214659
3729.215659
3729.216659
3729.217659
3729.218659
3729.219658
3729.220658
3729.221658
3729.222658
3729.223659
3729.224659
3729.225659
3729.226659
3729.227659
3729.228658
3729.229658
3729.230658
3729.231658
3729.232659
3729.233659
3729.234659
3729.235659
3729.236659
3729.237658
3729.238658
3729.239658
3729.24066
3729.241659
3729.242659
3729.243659
3729.244659
3729.245659
3729.246658
3729.247658
3729.248658
3729.24966
3729.250659
3729.251659
3729.252659
3729.253659
3729.254659
3729.255658
3729.256658
3729.257658
3729.25866
3729.259659
3729.260659
3729.261659
3729.262659
3729.263659
3729.264658
3729.265658
3729.266658
3729.267659
3729.268659
3729.269659
3729.270659
3729.271659
3729.272659
3729.273658
3729.274658
3729.275658
3729.276659
3729.277659
3729.278659
3729.279659
3729.280659
3729.281658
3729.282658
3729.283658
3729.284658
3729.285659
3729.286659
3729.287659
3729.288659
3729.289659
3729.290658
3729.291658
3729.292658
3729.293658
3729.294659
3729.295659
3729.296659
3729.297659
3729.298659
3729.299658
3729.300658
3729.301658
3729.30266
3729.303659
3729.304659
3729.305659
3729.306659
3729.307659
3729.308658
3729.309658
3729.310658
3729.31166
3729.312659
3729.313659
3729.314659
3729.315659
3729.316659
3729.317658
3729.318658
3729.319658
3729.32066
3729.321659
3729.322659
3729.323659
3729.324659
3729.325659
3729.326658
3729.327658
3729.328658
3729.329659
3729.330659
3729.331659
3729.332659
3729.333659
3729.334659
3729.335658
3729.336658
3729.337658
3729.338659
3729.339659
3729.340659
3729.341659
3729.342659
3729.343658
3729.344658
3729.345658
3729.346658
3729.347659
3729.348659
3729.349659
3729.350659
3729.351659
3729.352658
3729.353658
3729.354658
3729.355658
3729.356659
3729.357659
3729.358659
3729.359659
3729.360659
3729.361658
3729.362658
3729.363658
3729.36466
3729.365659
3729.366659
3729.367659
3729.368659
3729.369659
3729.370658
3729.371658
3729.372658
3729.37366
3729.374659
3729.375659
3729.376659
3729.377659
3729.378659
3729.379658
3729.380658
3729.381658
3729.38266
3729.383659
3729.384659
3729.385659
3729.386659
3729.387659
3729.388658
3729.389658
3729.390658
3729.391659
3729.392659
3729.393659
3729.394659
3729.395659
3729.396659
3729.397658
3729.398658
3729.399658
3729.400659
3729.401659
3729.402659
3729.403659
3729.404659
3729.405658
3729.406658
3729.407658
3729.408658
3729.409659
3729.410659
3729.411659
3729.412659
3729.413659
3729.414658
3729.415658
3729.416658
3729.417658
3729.418659
3729.419659
3729.420659
3729.421659
3729.422659
3729.423658
3729.424658
3729.425658
3729.42666
3729.427659
3729.428659
3729.429659
3729.430659
3729.431659
3729.432658
3729.433658
3729.434658
3729.43566
3729.436659
3729.437659
3729.438659
3729.439659
3729.440659
3729.441658
3729.442658
3729.443658
3729.44466
3729.445659
3729.446659
3729.447659
3729.448659
3729.449659
3729.450658
3729.451658
3729.452658
3729.453659
3729.454659
3729.455659
3729.456659
3729.457659
3729.458659
3729.459658
3729.460658
3729.461658
3729.462659
3729.463659
3729.464659
3729.465659
3729.466659
3729.467658
3729.468658
3729.469658
3729.470658
3729.471659
3729.472659
3729.473659
3729.474659
3729.475659
3729.476658
3729.477658
3729.478658
3729.479658
3729.480659
3729.481659
3729.482659
3729.483659
3729.484659
3729.485658
3729.486658
3729.487658
3729.48866
3729.489659
3729.490659
3729.491659
3729.492659
3729.493659
3729.494658
3729.495658
3729.496658
3729.49766
3729.498659
3729.499659
3729.500659
3729.501659
3729.502659
3729.503658
3729.504658
3729.505658
3729.50666
3729.507659
3729.508659
3729.509659
3729.510659
3729.511659
3729.512658
3729.513658
3729.514658
3729.515659
3729.516659
3729.517659
3729.518659
3729.519659
3729.520659
3729.521658
3729.522658
3729.523658
3729.524659
3729.525659
3729.526659
3729.527659
3729.528659
3729.529658
3729.530658
3729.531658
3729.532658
3729.533659
3729.534659
3729.535659
3729.536659
3729.537659
3729.538658
3729.539658
3729.540658
3729.541658
3729.542659
3729.543659
3729.544659
3729.545659
3729.546659
3729.547658
3729.548658
3729.549658
3729.55066
3729.551659
3729.552659
3729.553659
3729.554659
3729.555659
3729.556658
3729.557658
3729.558658
3729.55966
3729.560659
3729.561659
3729.562659
3729.563659
3729.564659
3729.565658
3729.566658
3729.567658
3729.56866
3729.569659
3729.570659
3729.571659
3729.572659
3729.573659
3729.574658
3729.575658
3729.576658
3729.577659
3729.578659
3729.579659
3729.580659
3729.581659
3729.582659
3729.583658
3729.584658
3729.585658
3729.586659
3729.587659
3729.588659
3729.589659
3729.590659
3729.591658
3729.592658
3729.593658
3729.594658
3729.595659
3729.596659
3729.597659
3729.598659
3729.599659
3729.600658
3729.601658
3729.602658
3729.603658
3729.604659
3729.605659
3729.606659
3729.607659
3729.608659
3729.609658
3729.610658
3729.611658
3729.61266
3729.613659
3729.614659
3729.615659
3729.616659
3729.617659
3729.618658
3729.619658
3729.620658
3729.62166
3729.622659
3729.623659
3729.624659
3729.625659
3729.626659
3729.627658
3729.628658
3729.629658
3729.63066
3729.631659
3729.632659
3729.633659
3729.634659
3729.635659
3729.636658
3729.637658
3729.638658
3729.639659
3729.640659
3729.641659
3729.642659
3729.643659
3729.644659
3729.645658
3729.646658
3729.647658
3729.648659
3729.649659
3729.650659
3729.651659
3729.652659
3729.653658
3729.654658
3729.655658
3729.656658
3729.657659
3729.658659
3729.659659
3729.660659
3729.661659
3729.662658
3729.663658
3729.664658
3729.665658
3729.666659
3729.667659
3729.668659
3729.669659
3729.670659
3729.671658
3729.672658
3729.673658
3729.67466
3729.675659
3729.676659
3729.677659
3729.678659
3729.679659
3729.680658
3729.681658
3729.682658
3729.68366
3729.684659
3729.685659
3729.686659
3729.687659
3729.688659
3729.689658
3729.690658
3729.691658
3729.69266
3729.693659
3729.694659
3729.695659
3729.696659
3729.697659
3729.698658
3729.699658
3729.700658
3729.701659
3729.702659
3729.703659
3729.704659
3729.705659
3729.706659
3729.707658
3729.708658
3729.709658
3729.710659
3729.711659
3729.712659
3729.713659
3729.714659
3729.715658
3729.716658
3729.717658
3729.718658
3729.719659
3729.720659
3729.721659
3729.722659
3729.723659
3729.724658
3729.725658
3729.726658
3729.727658
3729.728659
3729.729659
3729.730659
3729.731659
3729.732659
3729.733658
3729.734658
3729.735658
3729.73666
3729.737659
3729.738659
3729.739659
3729.740659
3729.741659
3729.742658
3729.743658
3729.744658
3729.74566
3729.746659
3729.747659
3729.748659
3729.749659
3729.750659
3729.751658
3729.752658
3729.753658
3729.75466
3729.755659
3729.756659
3729.757659
3729.758659
3729.759659
3729.760658
3729.761658
3729.762658
3729.763659
3729.764659
3729.765659
3729.766659
3729.767659
3729.768659
3729.769658
3729.770658
3729.771658
3729.772659
3729.773659
3729.774659
3729.775659
3729.776659
3729.777658
3729.778658
3729.779658
3729.780658
3729.781659
3729.782659
3729.783659
3729.784659
3729.785659
3729.786658
3729.787658
3729.788658
3729.789658
3729.790659
3729.791659
3729.792659
3729.793659
3729.794659
3729.795658
3729.796658
3729.797658
3729.79866
3729.799659
3729.800659
3729.801659
3729.802659
3729.803659
3729.804658
3729.805658
3729.806658
3729.80766
3729.808659
3729.809659
3729.810659
3729.811659
3729.812659
3729.813658
3729.814658
3729.815658
3729.81666
3729.817659
3729.818659
3729.819659
3729.820659
3729.821659
3729.822658
3729.823658
3729.824658
3729.825659
3729.826659
3729.827659
3729.828659
3729.829659
3729.830659
3729.831658
3729.832658
3729.833658
3729.834659
3729.835659
3729.836659
3729.837659
3729.838659
3729.839658
3729.840658
3729.841658
3729.842658
3729.843659
3729.844659
3729.845659
3729.846659
3729.847659
3729.848658
3729.849658
3729.850658
3729.851658
3729.852659
3729.853659
3729.854659
3729.855659
3729.856659
3729.857658
3729.858658
3729.859658
3729.86066
3729.861659
3729.862659
3729.863659
3729.864659
3729.865659
3729.866658
3729.867658
3729.868658
3729.86966
3729.870659
3729.871659
3729.872659
3729.873659
3729.874659
3729.875658
3729.876658
3729.877658
3729.87866
3729.879659
3729.880659
3729.881659
3729.882659
3729.883659
3729.884658
3729.885658
3729.886658
3729.887659
3729.888659
3729.889659
3729.890659
3729.891659
3729.892659
3729.893658
3729.894658
3729.895658
3729.896659
3729.897659
3729.898659
3729.899659
3729.900659
3729.901658
3729.902658
3729.903658
3729.904658
3729.905659
3729.906659
3729.907659
3729.908659
3729.909659
3729.910658
3729.911658
3729.912658
3729.913658
3729.914659
3729.915659
3729.916659
3729.917659
3729.918659
3729.919658
3729.920658
3729.921658
3729.92266
3729.923659
3729.924659
3729.925659
3729.926659
3729.927659
3729.928658
3729.929658
3729.930658
3729.93166
3729.932659
3729.933659
3729.934659
3729.935659
3729.936659
3729.937658
3729.938658
3729.939658
3729.94066
3729.941659
3729.942659
3729.943659
3729.944659
3729.945659
3729.946658
3729.947658
3729.948658
3729.949659
3729.950659
3729.951659
3729.952659
3729.953659
3729.954659
3729.955658
3729.956658
3729.957658
3729.958659
3729.959659
3729.960659
3729.961659
3729.962659
3729.963658
3729.964658
3729.965658
3729.966658
3729.967659
3729.968659
3729.969659
3729.970659
3729.971659
3729.972658
3729.973658
3729.974658
3729.975658
3729.976659
3729.977659
3729.978659
3729.979659
3729.980659
3729.981658
3729.982658
3729.983658
3729.98466
3729.985659
3729.986659
3729.987659
3729.988659
3729.989659
3729.990658
3729.991658
3729.992658
3729.99366
3729.994659
3729.995659
3729.996659
3729.997659
3729.998659
3729.999658
3730.000658
3730.001658
3730.00266
3730.003659
3730.004659
3730.005659
3730.006659
3730.007659
3730.008658
3730.009658
3730.010658
3730.011659
3730.012659
3730.013659
3730.014659
3730.015659
3730.016659
3730.017658
3730.018658
3730.019658
3730.020659
3730.021659
3730.022659
3730.023659
3730.024659
3730.025658
3730.026658
3730.027658
3730.028658
3730.029659
3730.030659
3730.031659
3730.032659
3730.033659
3730.034658
3730.035658
3730.036658
3730.037658
3730.038659
3730.039659
3730.040659
3730.041659
3730.042659
3730.043658
3730.044658
3730.045658
3730.04666
3730.047659
3730.048659
3730.049659
3730.050659
3730.051659
3730.052658
3730.053658
3730.054658
3730.05566
3730.056659
3730.057659
3730.058659
3730.059659
3730.060659
3730.061658
3730.062658
3730.063658
3730.06466
3730.065659
3730.066659
3730.067659
3730.068659
3730.069659
3730.070658
3730.071658
3730.072658
3730.073659
3730.074659
3730.075659
3730.076659
3730.077659
3730.078659
3730.079658
3730.080658
3730.081658
3730.082659
3730.083659
3730.084659
3730.085659
3730.086659
3730.087658
3730.088658
3730.089658
3730.090658
3730.091659
3730.092659
3730.093659
3730.094659
3730.095659
3730.096658
3730.097658
3730.098658
3730.099658
3730.100659
3730.101659
3730.102659
3730.103659
3730.104659
3730.105658
3730.106658
3730.107658
3730.10866
3730.109659
3730.110659
3730.111659
3730.112659
3730.113659
3730.114658
3730.115658
3730.116658
3730.11766
3730.118659
3730.119659
3730.120659
3730.121659
3730.122659
3730.123658
3730.124658
3730.125658
3730.12666
3730.127659
3730.128659
3730.129659
3730.130659
3730.131659
3730.132658
3730.133658
3730.134658
3730.135659
3730.136659
3730.137659
3730.138659
3730.139659
3730.140659
3730.141658
3730.142658
3730.143658
3730.144659
3730.145659
3730.146659
3730.147659
3730.148659
3730.149658
3730.150658
3730.151658
3730.152658
3730.153659
3730.154659
3730.155659
3730.156659
3730.157659
3730.158658
3730.159658
3730.160658
3730.161658
3730.162659
3730.163659
3730.164659
3730.165659
3730.166659
3730.167658
3730.168658
3730.169658
3730.17066
3730.171659
3730.172659
3730.173659
3730.174659
3730.175659
3730.176658
3730.177658
3730.178658
3730.17966
3730.180659
3730.181659
3730.182659
3730.183659
3730.184659
3730.185658
3730.186658
3730.187658
3730.18866
3730.189659
3730.190659
3730.191659
3730.192659
3730.193659
3730.194658
3730.195658
3730.196658
3730.197659
3730.198659
3730.199659
3730.200659
3730.201659
3730.202659
3730.203658
3730.204658
3730.205658
3730.206659
3730.207659
3730.208659
3730.209659
3730.210659
3730.211658
3730.212658
3730.213658
3730.214658
3730.215659
3730.216659
3730.217659
3730.218659
3730.219659
3730.220658
3730.221658
3730.222658
3730.223658
3730.224659
3730.225659
3730.226659
3730.227659
3730.228659
3730.229658
3730.230658
3730.231658
3730.23266
3730.233659
3730.234659
3730.235659
3730.236659
3730.237659
3730.238658
3730.239658
3730.240658
3730.24166
3730.242659
3730.243659
3730.244659
3730.245659
3730.246659
3730.247658
3730.248658
3730.249658
3730.25066
3730.251659
3730.252659
3730.253659
3730.254659
3730.255659
3730.256658
3730.257658
3730.258658
3730.259659
3730.260659
3730.261659
3730.262659
3730.263659
3730.264659
3730.265658
3730.266658
3730.267658
3730.268659
3730.269659
3730.270659
3730.271659
3730.272659
3730.273658
3730.274658
3730.275658
3730.276658
3730.277659
3730.278659
3730.279659
3730.280659
3730.281659
3730.282658
3730.283658
3730.284658
3730.285658
3730.286659
3730.287659
3730.288659
3730.289659
3730.290659
3730.291658
3730.292658
3730.293658
3730.29466
3730.295659
3730.296659
3730.297659
3730.298659
3730.299659
3730.300658
3730.301658
3730.302658
3730.30366
3730.304659
3730.305659
3730.306659
3730.307659
3730.308659
3730.309658
3730.310658
3730.311658
3730.31266
3730.313659
3730.314659
3730.315659
3730.316659
3730.317659
3730.318658
3730.319658
3730.320658
3730.321659
3730.322659
3730.323659
3730.324659
3730.325659
3730.326659
3730.327658
3730.328658
3730.329658
3730.330659
3730.331659
3730.332659
3730.333659
3730.334659
3730.335658
3730.336658
3730.337658
3730.338658
3730.339659
3730.340659
3730.341659
3730.342659
3730.343659
3730.344658
3730.345658
3730.346658
3730.347658
3730.348659
3730.349659
3730.350659
3730.351659
3730.352659
3730.353658
3730.354658
3730.355658
3730.35666
3730.357659
3730.358659
3730.359659
3730.360659
3730.361659
3730.362658
3730.363658
3730.364658
3730.36566
3730.366659
3730.367659
3730.368659
3730.369659
3730.370659
3730.371658
3730.372658
3730.373658
3730.37466
3730.375659
3730.376659
3730.377659
3730.378659
3730.379659
3730.380658
3730.381658
3730.382658
3730.383659
3730.384659
3730.385659
3730.386659
3730.387659
3730.388659
3730.389658
3730.390658
3730.391658
3730.392659
3730.393659
3730.394659
3730.395659
3730.396659
3730.397658
3730.398658
3730.399658
3730.400658
3730.401659
3730.402659
3730.403659
3730.404659
3730.405659
3730.406658
3730.407658
3730.408658
3730.409658
3730.410659
3730.411659
3730.412659
3730.413659
3730.414659
3730.415658
3730.416658
3730.417658
3730.41866
3730.419659
3730.420659
3730.421659
3730.422659
3730.423659
3730.424658
3730.425658
3730.426658
3730.42766
3730.428659
3730.429659
3730.430659
3730.431659
3730.432659
3730.433658
3730.434658
3730.435658
3730.43666
3730.437659
3730.438659
3730.439659
3730.440659
3730.441659
3730.442658
3730.443658
3730.444658
3730.445659
3730.446659
3730.447659
3730.448659
3730.449659
3730.450659
3730.451658
3730.452658
3730.453658
3730.454659
3730.455659
3730.456659
3730.457659
3730.458659
3730.459658
3730.460658
3730.461658
3730.462658
3730.463659
3730.464659
3730.465659
3730.466659
3730.467659
3730.468658
3730.469658
3730.470658
3730.471658
3730.472659
3730.473659
3730.474659
3730.475659
3730.476659
3730.477658
3730.478658
3730.479658
3730.48066
3730.481659
3730.482659
3730.483659
3730.484659
3730.485659
3730.486658
3730.487658
3730.488658
3730.48966
3730.490659
3730.491659
3730.492659
3730.493659
3730.494659
3730.495658
3730.496658
3730.497658
3730.49866
3730.499659
3730.500659
3730.501659
3730.502659
3730.503659
3730.504658
3730.505658
3730.506658
3730.507659
3730.508659
3730.509659
3730.510659
3730.511659
3730.512659
3730.513658
3730.514658
3730.515658
3730.516659
3730.517659
3730.518659
3730.519659
3730.520659
3730.521658
3730.522658
3730.523658
3730.524658
3730.525659
3730.526659
3730.527659
3730.528659
3730.529659
3730.530658
3730.531658
3730.532658
3730.533658
3730.534659
3730.535659
3730.536659
3730.537659
3730.538659
3730.539658
3730.540658
3730.541658
3730.54266
3730.543659
3730.544659
3730.545659
3730.546659
3730.547659
3730.548658
3730.549658
3730.550658
3730.55166
3730.552659
3730.553659
3730.554659
3730.555659
3730.556659
3730.557658
3730.558658
3730.559658
3730.56066
3730.561659
3730.562659
3730.563659
3730.564659
3730.565659
3730.566658
3730.567658
3730.568658
3730.569659
3730.570659
3730.571659
3730.572659
3730.573659
3730.574659
3730.575658
3730.576658
3730.577658
3730.578659
3730.579659
3730.580659
3730.581659
3730.582659
3730.583658
3730.584658
3730.585658
3730.586658
3730.587659
3730.588659
3730.589659
3730.590659
3730.591659
3730.592658
3730.593658
3730.594658
3730.595658
3730.596659
3730.597659
3730.598659
3730.599659
3730.600659
3730.601658
3730.602658
3730.603658
3730.60466
3730.605659
3730.606659
3730.607659
3730.608659
3730.609659
3730.610658
3730.611658
3730.612658
3730.61366
3730.614659
3730.615659
3730.616659
3730.617659
3730.618659
3730.619658
3730.620658
3730.621658
3730.62266
3730.623659
3730.624659
3730.625659
3730.626659
3730.627659
3730.628658
3730.629658
3730.630658
3730.631659
3730.632659
3730.633659
3730.634659
3730.635659
3730.636659
3730.637658
3730.638658
3730.639658
3730.640659
3730.641659
3730.642659
3730.643659
3730.644659
3730.645658
3730.646658
3730.647658
3730.648658
3730.649659
3730.650659
3730.651659
3730.652659
3730.653659
3730.654658
3730.655658
3730.656658
3730.657658
3730.658659
3730.659659
3730.660659
3730.661659
3730.662659
3730.663658
3730.664658
3730.665658
3730.66666
3730.667659
3730.668659
3730.669659
3730.670659
3730.671659
3730.672658
3730.673658
3730.674658
3730.67566
3730.676659
3730.677659
3730.678659
3730.679659
3730.680659
3730.681658
3730.682658
3730.683658
3730.68466
3730.685659
3730.686659
3730.687659
3730.688659
3730.689659
3730.690658
3730.691658
3730.692658
3730.693659
3730.694659
3730.695659
3730.696659
3730.697659
3730.698659
3730.699658
3730.700658
3730.701658
3730.702659
3730.703659
3730.704659
3730.705659
3730.706659
3730.707658
3730.708658
3730.709658
3730.710658
3730.711659
3730.712659
3730.713659
3730.714659
3730.715659
3730.716658
3730.717658
3730.718658
3730.719658
3730.720659
3730.721659
3730.722659
3730.723659
3730.724659
3730.725658
3730.726658
3730.727658
3730.72866
3730.729659
3730.730659
3730.731659
3730.732659
3730.733659
3730.734658
3730.735658
3730.736658
3730.73766
3730.738659
3730.739659
3730.740659
3730.741659
3730.742659
3730.743658
3730.744658
3730.745658
3730.74666
3730.747659
3730.748659
3730.749659
3730.750659
3730.751659
3730.752658
3730.753658
3730.754658
3730.755659
3730.756659
3730.757659
3730.758659
3730.759659
3730.760659
3730.761658
3730.762658
3730.763658
3730.764659
3730.765659
3730.766659
3730.767659
3730.768659
3730.769658
3730.770658
3730.771658
3730.772658
3730.773659
3730.774659
3730.775659
3730.776659
3730.777659
3730.778658
3730.779658
3730.780658
3730.781658
3730.782659
3730.783659
3730.784659
3730.785659
3730.786659
3730.787658
3730.788658
3730.789658
3730.79066
3730.791659
3730.792659
3730.793659
3730.794659
3730.795659
3730.796658
3730.797658
3730.798658
3730.79966
3730.800659
3730.801659
3730.802659
3730.803659
3730.804659
3730.805658
3730.806658
3730.807658
3730.80866
3730.809659
3730.810659
3730.811659
3730.812659
3730.813659
3730.814658
3730.815658
3730.816658
3730.817659
3730.818659
3730.819659
3730.820659
3730.821659
3730.822659
3730.823658
3730.824658
3730.825658
3730.826659
3730.827659
3730.828659
3730.829659
3730.830659
3730.831658
3730.832658
3730.833658
3730.834658
3730.835659
3730.836659
3730.837659
3730.838659
3730.839659
3730.840658
3730.841658
3730.842658
3730.843658
3730.844659
3730.845659
3730.846659
3730.847659
3730.848659
3730.849658
3730.850658
3730.851658
3730.85266
3730.853659
3730.854659
3730.855659
3730.856659
3730.857659
3730.858658
3730.859658
3730.860658
3730.86166
3730.862659
3730.863659
3730.864659
3730.865659
3730.866659
3730.867658
3730.868658
3730.869658
3730.87066
3730.871659
3730.872659
3730.873659
3730.874659
3730.875659
3730.876658
3730.877658
3730.878658
3730.879659
3730.880659
3730.881659
3730.882659
3730.883659
3730.884659
3730.885658
3730.886658
3730.887658
3730.888659
3730.889659
3730.890659
3730.891659
3730.892659
3730.893658
3730.894658
3730.895658
3730.896658
3730.897659
3730.898659
3730.899659
3730.900659
3730.901659
3730.902658
3730.903658
3730.904658
3730.905658
3730.906659
3730.907659
3730.908659
3730.909659
3730.910659
3730.911658
3730.912658
3730.913658
3730.91466
3730.915659
3730.916659
3730.917659
3730.918659
3730.919659
3730.920658
3730.921658
3730.922658
3730.92366
3730.924659
3730.925659
3730.926659
3730.927659
3730.928659
3730.929658
3730.930658
3730.931658
3730.93266
3730.933659
3730.934659
3730.935659
3730.936659
3730.937659
3730.938658
3730.939658
3730.940658
3730.941659
3730.942659
3730.943659
3730.944659
3730.945659
3730.946659
3730.947658
3730.948658
3730.949658
3730.950659
3730.951659
3730.952659
3730.953659
3730.954659
3730.955658
3730.956658
3730.957658
3730.958658
3730.959659
3730.960659
3730.961659
3730.962659
3730.963659
3730.964658
3730.965658
3730.966658
3730.967658
3730.968659
3730.969659
3730.970659
3730.971659
3730.972659
3730.973658
3730.974658
3730.975658
3730.97666
3730.977659
3730.978659
3730.979659
3730.980659
3730.981659
3730.982658
3730.983658
3730.984658
3730.98566
3730.986659
3730.987659
3730.988659
3730.989659
3730.990659
3730.991658
3730.992658
3730.993658
3730.99466
3730.995659
3730.996659
3730.997659
3730.998659
3730.999659
3731.000658
3731.001658
3731.002658
3731.003659
3731.004659
3731.005659
3731.006659
3731.007659
3731.008659
3731.009658
3731.010658
3731.011658
3731.012659
3731.013659
3731.014659
3731.015659
3731.016659
3731.017658
3731.018658
3731.019658
3731.020658
3731.021659
3731.022659
3731.023659
3731.024659
3731.025659
3731.026658
3731.027658
3731.028658
3731.029658
3731.030659
3731.031659
3731.032659
3731.033659
3731.034659
3731.035658
3731.036658
3731.037658
3731.03866
3731.039659
3731.040659
3731.041659
3731.042659
3731.043659
3731.044658
3731.045658
3731.046658
3731.04766
3731.048659
3731.049659
3731.050659
3731.051659
3731.052659
3731.053658
3731.054658
3731.055658
3731.05666
3731.057659
3731.058659
3731.059659
3731.060659
3731.061659
3731.062658
3731.063658
3731.064658
3731.065659
3731.066659
3731.067659
3731.068659
3731.069659
3731.070659
3731.071658
3731.072658
3731.073658
3731.074659
3731.075659
3731.076659
3731.077659
3731.078659
3731.079658
3731.080658
3731.081658
3731.082658
3731.083659
3731.084659
3731.085659
3731.086659
3731.087659
3731.088658
3731.089658
3731.090658
3731.091658
3731.092659
3731.093659
3731.094659
3731.095659
3731.096659
3731.097658
3731.098658
3731.099658
3731.10066
3731.101659
3731.102659
3731.103659
3731.104659
3731.105659
3731.106658
3731.107658
3731.108658
3731.10966
3731.110659
3731.111659
3731.112659
3731.113659
3731.114659
3731.115658
3731.116658
3731.117658
3731.11866
3731.119659
3731.120659
3731.121659
3731.122659
3731.123659
3731.124658
3731.125658
3731.126658
3731.127659
3731.128659
3731.129659
3731.130659
3731.131659
3731.132659
3731.133658
3731.134658
3731.135658
3731.136659
3731.137659
3731.138659
3731.139659
3731.140659
3731.141658
3731.142658
3731.143658
3731.144658
3731.145659
3731.146659
3731.147659
3731.148659
3731.149659
3731.150658
3731.151658
3731.152658
3731.153658
3731.154659
3731.155659
3731.156659
3731.157659
3731.158659
3731.159658
3731.160658
3731.161658
3731.16266
3731.163659
3731.164659
3731.165659
3731.166659
3731.167659
3731.168658
3731.169658
3731.170658
3731.17166
3731.172659
3731.173659
3731.174659
3731.175659
3731.176659
3731.177658
3731.178658
3731.179658
3731.18066
3731.181659
3731.182659
3731.183659
3731.184659
3731.185659
3731.186658
3731.187658
3731.188658
3731.189659
3731.190659
3731.191659
3731.192659
3731.193659
3731.194659
3731.195658
3731.196658
3731.197658
3731.198659
3731.199659
3731.200659
3731.201659
3731.202659
3731.203658
3731.204658
3731.205658
3731.206658
3731.207659
3731.208659
3731.209659
3731.210659
3731.211659
3731.212658
3731.213658
3731.214658
3731.215658
3731.216659
3731.217659
3731.218659
3731.219659
3731.220659
3731.221658
3731.222658
3731.223658
3731.22466
3731.225659
3731.226659
3731.227659
3731.228659
3731.229659
3731.230658
3731.231658
3731.232658
3731.23366
3731.234659
3731.235659
3731.236659
3731.237659
3731.238659
3731.239658
3731.240658
3731.241658
3731.24266
3731.243659
3731.244659
3731.245659
3731.246659
3731.247659
3731.248658
3731.249658
3731.250658
3731.251659
3731.252659
3731.253659
3731.254659
3731.255659
3731.256659
3731.257658
3731.258658
3731.259658
3731.260659
3731.261659
3731.262659
3731.263659
3731.264659
3731.265658
3731.266658
3731.267658
3731.268658
3731.269659
3731.270659
3731.271659
3731.272659
3731.273659
3731.274658
3731.275658
3731.276658
3731.277658
3731.278659
3731.279659
3731.280659
3731.281659
3731.282659
3731.283658
3731.284658
3731.285658
3731.28666
3731.287659
3731.288659
3731.289659
3731.290659
3731.291659
3731.292658
3731.293658
3731.294658
3731.29566
3731.296659
3731.297659
3731.298659
3731.299659
3731.300659
3731.301658
3731.302658
3731.303658
3731.30466
3731.305659
3731.306659
3731.307659
3731.308659
3731.309659
3731.310658
3731.311658
3731.312658
3731.313659
3731.314659
3731.315659
3731.316659
3731.317659
3731.318659
3731.319658
3731.320658
3731.321658
3731.322659
3731.323659
3731.324659
3731.325659
3731.326659
3731.327658
3731.328658
3731.329658
3731.330658
3731.331659
3731.332659
3731.333659
3731.334659
3731.335659
3731.336658
3731.337658
3731.338658
3731.339658
3731.340659
3731.341659
3731.342659
3731.343659
3731.344659
3731.345658
3731.346658
3731.347658
3731.34866
3731.349659
3731.350659
3731.351659
3731.352659
3731.353659
3731.354658
3731.355658
3731.356658
3731.35766
3731.358659
3731.359659
3731.360659
3731.361659
3731.362659
3731.363658
3731.364658
3731.365658
3731.36666
3731.367659
3731.368659
3731.369659
3731.370659
3731.371659
3731.372658
3731.373658
3731.374658
3731.375659
3731.376659
3731.377659
3731.378659
3731.379659
3731.380659
3731.381658
3731.382658
3731.383658
3731.384659
3731.385659
3731.386659
3731.387659
3731.388659
3731.389658
3731.390658
3731.391658
3731.392658
3731.393659
3731.394659
3731.395659
3731.396659
3731.397659
3731.398658
3731.399658
3731.400658
3731.401658
3731.402659
3731.403659
3731.404659
3731.405659
3731.406659
3731.407658
3731.408658
3731.409658
3731.41066
3731.411659
3731.412659
3731.413659
3731.414659
3731.415659
3731.416658
3731.417658
3731.418658
3731.41966
3731.420659
3731.421659
3731.422659
3731.423659
3731.424659
3731.425658
3731.426658
3731.427658
3731.42866
3731.429659
3731.430659
3731.431659
3731.432659
3731.433659
3731.434658
3731.435658
3731.436658
3731.437659
3731.438659
3731.439659
3731.440659
3731.441659
3731.442659
3731.443658
3731.444658
3731.445658
3731.446659
3731.447659
3731.448659
3731.449659
3731.450659
3731.451658
3731.452658
3731.453658
3731.454658
3731.455659
3731.456659
3731.457659
3731.458659
3731.459659
3731.460658
3731.461658
3731.462658
3731.463658
3731.464659
3731.465659
3731.466659
3731.467659
3731.468659
3731.469658
3731.470658
3731.471658
3731.47266
3731.473659
3731.474659
3731.475659
3731.476659
3731.477659
3731.478658
3731.479658
3731.480658
3731.48166
3731.482659
3731.483659
3731.484659
3731.485659
3731.486659
3731.487658
3731.488658
3731.489658
3731.49066
3731.491659
3731.492659
3731.493659
3731.494659
3731.495659
3731.496658
3731.497658
3731.498658
3731.499659
3731.500659
3731.501659
3731.502659
3731.503659
3731.504659
3731.505658
3731.506658
3731.507658
3731.508659
3731.509659
3731.510659
3731.511659
3731.512659
3731.513658
3731.514658
3731.515658
3731.516658
3731.517659
3731.518659
3731.519659
3731.520659
3731.521659
3731.522658
3731.523658
3731.524658
3731.525658
3731.526659
3731.527659
3731.528659
3731.529659
3731.530659
3731.531658
3731.532658
3731.533658
3731.53466
3731.535659
3731.536659
3731.537659
3731.538659
3731.539659
3731.540658
3731.541658
3731.542658
3731.54366
3731.544659
3731.545659
3731.546659
3731.547659
3731.548659
3731.549658
3731.550658
3731.551658
3731.55266
3731.553659
3731.554659
3731.555659
3731.556659
3731.557659
3731.558658
3731.559658
3731.560658
3731.561659
3731.562659
3731.563659
3731.564659
3731.565659
3731.566659
3731.567658
3731.568658
3731.569658
3731.570659
3731.571659
3731.572659
3731.573659
3731.574659
3731.575658
3731.576658
3731.577658
3731.578658
3731.579659
3731.580659
3731.581659
3731.582659
3731.583659
3731.584658
3731.585658
3731.586658
3731.587658
3731.588659
3731.589659
3731.590659
3731.591659
3731.592659
3731.593658
3731.594658
3731.595658
3731.59666
3731.597659
3731.598659
3731.599659
3731.600659
3731.601659
3731.602658
3731.603658
3731.604658
3731.60566
3731.606659
3731.607659
3731.608659
3731.609659
3731.610659
3731.611658
3731.612658
3731.613658
3731.61466
3731.615659
3731.616659
3731.617659
3731.618659
3731.619659
3731.620658
3731.621658
3731.622658
3731.623659
3731.624659
3731.625659
3731.626659
3731.627659
3731.628659
3731.629658
3731.630658
3731.631658
3731.632659
3731.633659
3731.634659
3731.635659
3731.636659
3731.637658
3731.638658
3731.639658
3731.640658
3731.641659
3731.642659
3731.643659
3731.644659
3731.645659
3731.646658
3731.647658
3731.648658
3731.649658
3731.650659
3731.651659
3731.652659
3731.653659
3731.654659
3731.655658
3731.656658
3731.657658
3731.65866
3731.659659
3731.660659
3731.661659
3731.662659
3731.663659
3731.664658
3731.665658
3731.666658
3731.66766
3731.668659
3731.669659
3731.670659
3731.671659
3731.672659
3731.673658
3731.674658
3731.675658
3731.67666
3731.677659
3731.678659
3731.679659
3731.680659
3731.681659
3731.682658
3731.683658
3731.684658
3731.685659
3731.686659
3731.687659
3731.688659
3731.689659
3731.690659
3731.691658
3731.692658
3731.693658
3731.694659
3731.695659
3731.696659
3731.697659
3731.698659
3731.699658
3731.700658
3731.701658
3731.702658
3731.703659
3731.704659
3731.705659
3731.706659
3731.707659
3731.708658
3731.709658
3731.710658
3731.711658
3731.712659
3731.713659
3731.714659
3731.715659
3731.716659
3731.717658
3731.718658
3731.719658
3731.72066
3731.721659
3731.722659
3731.723659
3731.724659
3731.725659
3731.726658
3731.727658
3731.728658
3731.72966
3731.730659
3731.731659
3731.732659
3731.733659
3731.734659
3731.735658
3731.736658
3731.737658
3731.73866
3731.739659
3731.740659
3731.741659
3731.742659
3731.743659
3731.744658
3731.745658
3731.746658
3731.747659
3731.748659
3731.749659
3731.750659
3731.751659
3731.752659
3731.753658
3731.754658
3731.755658
3731.756659
3731.757659
3731.758659
3731.759659
3731.760659
3731.761658
3731.762658
3731.763658
3731.764658
3731.765659
3731.766659
3731.767659
3731.768659
3731.769659
3731.770658
3731.771658
3731.772658
3731.773658
3731.774659
3731.775659
3731.776659
3731.777659
3731.778659
3731.779658
3731.780658
3731.781658
3731.78266
3731.783659
3731.784659
3731.785659
3731.786659
3731.787659
3731.788658
3731.789658
3731.790658
3731.79166
3731.792659
3731.793659
3731.794659
3731.795659
3731.796659
3731.797658
3731.798658
3731.799658
3731.80066
3731.801659
3731.802659
3731.803659
3731.804659
3731.805659
3731.806658
3731.807658
3731.808658
3731.809659
3731.810659
3731.811659
3731.812659
3731.813659
3731.814659
3731.815658
3731.816658
3731.817658
3731.818659
3731.819659
3731.820659
3731.821659
3731.822659
3731.823658
3731.824658
3731.825658
3731.826658
3731.827659
3731.828659
3731.829659
3731.830659
3731.831659
3731.832658
3731.833658
3731.834658
3731.835658
3731.836659
3731.837659
3731.838659
3731.839659
3731.840659
3731.841658
3731.842658
3731.843658
3731.84466
3731.845659
3731.846659
3731.847659
3731.848659
3731.849659
3731.850658
3731.851658
3731.852658
3731.85366
3731.854659
3731.855659
3731.856659
3731.857659
3731.858659
3731.859658
3731.860658
3731.861658
3731.86266
3731.863659
3731.864659
3731.865659
3731.866659
3731.867659
3731.868658
3731.869658
3731.870658
3731.871659
3731.872659
3731.873659
3731.874659
3731.875659
3731.876659
3731.877658
3731.878658
3731.879658
3731.880659
3731.881659
3731.882659
3731.883659
3731.884659
3731.885658
3731.886658
3731.887658
3731.888658
3731.889659
3731.890659
3731.891659
3731.892659
3731.893659
3731.894658
3731.895658
3731.896658
3731.897658
3731.898659
3731.899659
3731.900659
3731.901659
3731.902659
3731.903658
3731.904658
3731.905658
3731.90666
3731.907659
3731.908659
3731.909659
3731.910659
3731.911659
3731.912658
3731.913658
3731.914658
3731.91566
3731.916659
3731.917659
3731.918659
3731.919659
3731.920659
3731.921658
3731.922658
3731.923658
3731.92466
3731.925659
3731.926659
3731.927659
3731.928659
3731.929659
3731.930658
3731.931658
3731.932658
3731.933659
3731.934659
3731.935659
3731.936659
3731.937659
3731.938659
3731.939658
3731.940658
3731.941658
3731.942659
3731.943659
3731.944659
3731.945659
3731.946659
3731.947658
3731.948658
3731.949658
3731.950658
3731.951659
3731.952659
3731.953659
3731.954659
3731.955659
3731.956658
3731.957658
3731.958658
3731.959658
3731.960659
3731.961659
3731.962659
3731.963659
3731.964659
3731.965658
3731.966658
3731.967658
3731.96866
3731.969659
3731.970659
3731.971659
3731.972659
3731.973659
3731.974658
3731.975658
3731.976658
3731.97766
3731.978659
3731.979659
3731.980659
3731.981659
3731.982659
3731.983658
3731.984658
3731.985658
3731.98666
3731.987659
3731.988659
3731.989659
3731.990659
3731.991659
3731.992658
3731.993658
3731.994658
3731.995659
3731.996659
3731.997659
3731.998659
3731.999659
3732.000659
3732.001658
3732.002658
3732.003658
3732.004659
3732.005659
3732.006659
3732.007659
3732.008659
3732.009658
3732.010658
3732.011658
3732.012658
3732.013659
3732.014659
3732.015659
3732.016659
3732.017659
3732.018658
3732.019658
3732.020658
3732.021658
3732.022659
3732.023659
3732.024659
3732.025659
3732.026659
3732.027658
3732.028658
3732.029658
3732.03066
3732.031659
3732.032659
3732.033659
3732.034659
3732.035659
3732.036658
3732.037658
3732.038658
3732.03966
3732.040659
3732.041659
3732.042659
3732.043659
3732.044659
3732.045658
3732.046658
3732.047658
3732.04866
3732.049659
3732.050659
3732.051659
3732.052659
3732.053659
3732.054658
3732.055658
3732.056658
3732.057659
3732.058659
3732.059659
3732.060659
3732.061659
3732.062659
3732.063658
3732.064658
3732.065658
3732.066659
3732.067659
3732.068659
3732.069659
3732.070659
3732.071658
3732.072658
3732.073658
3732.074658
3732.075659
3732.076659
3732.077659
3732.078659
3732.079659
3732.080658
3732.081658
3732.082658
3732.083658
3732.084659
3732.085659
3732.086659
3732.087659
3732.088659
3732.089658
3732.090658
3732.091658
3732.09266
3732.093659
3732.094659
3732.095659
3732.096659
3732.097659
3732.098658
3732.099658
3732.100658
3732.10166
3732.102659
3732.103659
3732.104659
3732.105659
3732.106659
3732.107658
3732.108658
3732.109658
3732.11066
3732.111659
3732.112659
3732.113659
3732.114659
3732.115659
3732.116658
3732.117658
3732.118658
3732.119659
3732.120659
3732.121659
3732.122659
3732.123659
3732.124659
3732.125658
3732.126658
3732.127658
3732.128659
3732.129659
3732.130659
3732.131659
3732.132659
3732.133658
3732.134658
3732.135658
3732.136658
3732.137659
3732.138659
3732.139659
3732.140659
3732.141659
3732.142658
3732.143658
3732.144658
3732.145658
3732.146659
3732.147659
3732.148659
3732.149659
3732.150659
3732.151658
3732.152658
3732.153658
3732.15466
3732.155659
3732.156659
3732.157659
3732.158659
3732.159659
3732.160658
3732.161658
3732.162658
3732.16366
3732.164659
3732.165659
3732.166659
3732.167659
3732.168659
3732.169658
3732.170658
3732.171658
3732.17266
3732.173659
3732.174659
3732.175659
3732.176659
3732.177659
3732.178658
3732.179658
3732.180658
3732.181659
3732.182659
3732.183659
3732.184659
3732.185659
3732.186659
3732.187658
3732.188658
3732.189658
3732.190659
3732.191659
3732.192659
3732.193659
3732.194659
3732.195658
3732.196658
3732.197658
3732.198658
3732.199659
3732.200659
3732.201659
3732.202659
3732.203659
3732.204658
3732.205658
3732.206658
3732.207658
3732.208659
3732.209659
3732.210659
3732.211659
3732.212659
3732.213658
3732.214658
3732.215658
3732.21666
3732.217659
3732.218659
3732.219659
3732.220659
3732.221659
3732.222658
3732.223658
3732.224658
3732.22566
3732.226659
3732.227659
3732.228659
3732.229659
3732.230659
3732.231658
3732.232658
3732.233658
3732.23466
3732.235659
3732.236659
3732.237659
3732.238659
3732.239659
3732.240658
3732.241658
3732.242658
3732.243659
3732.244659
3732.245659
3732.246659
3732.247659
3732.248659
3732.249658
3732.250658
3732.251658
3732.252659
3732.253659
3732.254659
3732.255659
3732.256659
3732.257658
3732.258658
3732.259658
3732.260658
3732.261659
3732.262659
3732.263659
3732.264659
3732.265659
3732.266658
3732.267658
3732.268658
3732.269658
3732.270659
3732.271659
3732.272659
3732.273659
3732.274659
3732.275658
3732.276658
3732.277658
3732.27866
3732.279659
3732.280659
3732.281659
3732.282659
3732.283659
3732.284658
3732.285658
3732.286658
3732.28766
3732.288659
3732.289659
3732.290659
3732.291659
3732.292659
3732.293658
3732.294658
3732.295658
3732.29666
3732.297659
3732.298659
3732.299659
3732.300659
3732.301659
3732.302658
3732.303658
3732.304658
3732.305659
3732.306659
3732.307659
3732.308659
3732.309659
3732.310659
3732.311658
3732.312658
3732.313658
3732.314659
3732.315659
3732.316659
3732.317659
3732.318659
3732.319658
3732.320658
3732.321658
3732.322658
3732.323659
3732.324659
3732.325659
3732.326659
3732.327659
3732.328658
3732.329658
3732.330658
3732.331658
3732.332659
3732.333659
3732.334659
3732.335659
3732.336659
3732.337658
3732.338658
3732.339658
3732.34066
3732.341659
3732.342659
3732.343659
3732.344659
3732.345659
3732.346658
3732.347658
3732.348658
3732.34966
3732.350659
3732.351659
3732.352659
3732.353659
3732.354659
3732.355658
3732.356658
3732.357658
3732.35866
3732.359659
3732.360659
3732.361659
3732.362659
3732.363659
3732.364658
3732.365658
3732.366658
3732.367659
3732.368659
3732.369659
3732.370659
3732.371659
3732.372659
3732.373658
3732.374658
3732.375658
3732.376659
3732.377659
3732.378659
3732.379659
3732.380659
3732.381658
3732.382658
3732.383658
3732.384658
3732.385659
3732.386659
3732.387659
3732.388659
3732.389659
3732.390658
3732.391658
3732.392658
3732.393658
3732.394659
3732.395659
3732.396659
3732.397659
3732.398659
3732.399658
3732.400658
3732.401658
3732.40266
3732.403659
3732.404659
3732.405659
3732.406659
3732.407659
3732.408658
3732.409658
3732.410658
3732.41166
3732.412659
3732.413659
3732.414659
3732.415659
3732.416659
3732.417658
3732.418658
3732.419658
3732.42066
3732.421659
3732.422659
3732.423659
3732.424659
3732.425659
3732.426658
3732.427658
3732.428658
3732.429659
3732.430659
3732.431659
3732.432659
3732.433659
3732.434659
3732.435658
3732.436658
3732.437658
3732.438659
3732.439659
3732.440659
3732.441659
3732.442659
3732.443658
3732.444658
3732.445658
3732.446658
3732.447659
3732.448659
3732.449659
3732.450659
3732.451659
3732.452658
3732.453658
3732.454658
3732.455658
3732.456659
3732.457659
3732.458659
3732.459659
3732.460659
3732.461658
3732.462658
3732.463658
3732.46466
3732.465659
3732.466659
3732.467659
3732.468659
3732.469659
3732.470658
3732.471658
3732.472658
3732.47366
3732.474659
3732.475659
3732.476659
3732.477659
3732.478659
3732.479658
3732.480658
3732.481658
3732.48266
3732.483659
3732.484659
3732.485659
3732.486659
3732.487659
3732.488658
3732.489658
3732.490658
3732.491659
3732.492659
3732.493659
3732.494659
3732.495659
3732.496659
3732.497658
3732.498658
3732.499658
3732.500659
3732.501659
3732.502659
3732.503659
3732.504659
3732.505658
3732.506658
3732.507658
3732.508658
3732.509659
3732.510659
3732.511659
3732.512659
3732.513659
3732.514658
3732.515658
3732.516658
3732.517658
3732.518659
3732.519659
3732.520659
3732.521659
3732.522659
3732.523658
3732.524658
3732.525658
3732.52666
3732.527659
3732.528659
3732.529659
3732.530659
3732.531659
3732.532658
3732.533658
3732.534658
3732.53566
3732.536659
3732.537659
3732.538659
3732.539659
3732.540659
3732.541658
3732.542658
3732.543658
3732.54466
3732.545659
3732.546659
3732.547659
3732.548659
3732.549659
3732.550658
3732.551658
3732.552658
3732.553659
3732.554659
3732.555659
3732.556659
3732.557659
3732.558659
3732.559658
3732.560658
3732.561658
3732.562659
3732.563659
3732.564659
3732.565659
3732.566659
3732.567658
3732.568658
3732.569658
3732.570658
3732.571659
3732.572659
3732.573659
3732.574659
3732.575659
3732.576658
3732.577658
3732.578658
3732.579658
3732.580659
3732.581659
3732.582659
3732.583659
3732.584659
3732.585658
3732.586658
3732.587658
3732.58866
3732.589659
3732.590659
3732.591659
3732.592659
3732.593659
3732.594658
3732.595658
3732.596658
3732.59766
3732.598659
3732.599659
3732.600659
3732.601659
3732.602659
3732.603658
3732.604658
3732.605658
3732.60666
3732.607659
3732.608659
3732.609659
3732.610659
3732.611659
3732.612658
3732.613658
3732.614658
3732.615659
3732.616659
3732.617659
3732.618659
3732.619659
3732.620659
3732.621658
3732.622658
3732.623658
3732.624659
3732.625659
3732.626659
3732.627659
3732.628659
3732.629658
3732.630658
3732.631658
3732.632658
3732.633659
3732.634659
3732.635659
3732.636659
3732.637659
3732.638658
3732.639658
3732.640658
3732.641658
3732.642659
3732.643659
3732.644659
3732.645659
3732.646659
3732.647658
3732.648658
3732.649658
3732.65066
3732.651659
3732.652659
3732.653659
3732.654659
3732.655659
3732.656658
3732.657658
3732.658658
3732.65966
3732.660659
3732.661659
3732.662659
3732.663659
3732.664659
3732.665658
3732.666658
3732.667658
3732.66866
3732.669659
3732.670659
3732.671659
3732.672659
3732.673659
3732.674658
3732.675658
3732.676658
3732.677659
3732.678659
3732.679659
3732.680659
3732.681659
3732.682659
3732.683658
3732.684658
3732.685658
3732.686659
3732.687659
3732.688659
3732.689659
3732.690659
3732.691658
3732.692658
3732.693658
3732.694658
3732.695659
3732.696659
3732.697659
3732.698659
3732.699659
3732.700658
3732.701658
3732.702658
3732.703658
3732.704659
3732.705659
3732.706659
3732.707659
3732.708659
3732.709658
3732.710658
3732.711658
3732.71266
3732.713659
3732.714659
3732.715659
3732.716659
3732.717659
3732.718658
3732.719658
3732.720658
3732.72166
3732.722659
3732.723659
3732.724659
3732.725659
3732.726659
3732.727658
3732.728658
3732.729658
3732.73066
3732.731659
3732.732659
3732.733659
3732.734659
3732.735659
3732.736658
3732.737658
3732.738658
3732.739659
3732.740659
3732.741659
3732.742659
3732.743659
3732.744659
3732.745658
3732.746658
3732.747658
3732.748659
3732.749659
3732.750659
3732.751659
3732.752659
3732.753658
3732.754658
3732.755658
3732.756658
3732.757659
3732.758659
3732.759659
3732.760659
3732.761659
3732.762658
3732.763658
3732.764658
3732.765658
3732.766659
3732.767659
3732.768659
3732.769659
3732.770659
3732.771658
3732.772658
3732.773658
3732.77466
3732.775659
3732.776659
3732.777659
3732.778659
3732.779659
3732.780658
3732.781658
3732.782658
3732.78366
3732.784659
3732.785659
3732.786659
3732.787659
3732.788659
3732.789658
3732.790658
3732.791658
3732.79266
3732.793659
3732.794659
3732.795659
3732.796659
3732.797659
3732.798658
3732.799658
3732.800658
3732.801659
3732.802659
3732.803659
3732.804659
3732.805659
3732.806659
3732.807658
3732.808658
3732.809658
3732.810659
3732.811659
3732.812659
3732.813659
3732.814659
3732.815658
3732.816658
3732.817658
3732.818658
3732.819659
3732.820659
3732.821659
3732.822659
3732.823659
3732.824658
3732.825658
3732.826658
3732.827658
3732.828659
3732.829659
3732.830659
3732.831659
3732.832659
3732.833658
3732.834658
3732.835658
3732.83666
3732.837659
3732.838659
3732.839659
3732.840659
3732.841659
3732.842658
3732.843658
3732.844658
3732.84566
3732.846659
3732.847659
3732.848659
3732.849659
3732.850659
3732.851658
3732.852658
3732.853658
3732.85466
3732.855659
3732.856659
3732.857659
3732.858659
3732.859659
3732.860658
3732.861658
3732.862658
3732.863659
3732.864659
3732.865659
3732.866659
3732.867659
3732.868659
3732.869658
3732.870658
3732.871658
3732.872659
3732.873659
3732.874659
3732.875659
3732.876659
3732.877658
3732.878658
3732.879658
3732.880658
3732.881659
3732.882659
3732.883659
3732.884659
3732.885659
3732.886658
3732.887658
3732.888658
3732.889658
3732.890659
3732.891659
3732.892659
3732.893659
3732.894659
3732.895658
3732.896658
3732.897658
3732.89866
3732.899659
3732.900659
3732.901659
3732.902659
3732.903659
3732.904658
3732.905658
3732.906658
3732.90766
3732.908659
3732.909659
3732.910659
3732.911659
3732.912659
3732.913658
3732.914658
3732.915658
3732.91666
3732.917659
3732.918659
3732.919659
3732.920659
3732.921659
3732.922658
3732.923658
3732.924658
3732.925659
3732.926659
3732.927659
3732.928659
3732.929659
3732.930659
3732.931658
3732.932658
3732.933658
3732.934659
3732.935659
3732.936659
3732.937659
3732.938659
3732.939658
3732.940658
3732.941658
3732.942658
3732.943659
3732.944659
3732.945659
3732.946659
3732.947659
3732.948658
3732.949658
3732.950658
3732.951658
3732.952659
3732.953659
3732.954659
3732.955659
3732.956659
3732.957658
3732.958658
3732.959658
3732.96066
3732.961659
3732.962659
3732.963659
3732.964659
3732.965659
3732.966658
3732.967658
3732.968658
3732.96966
3732.970659
3732.971659
3732.972659
3732.973659
3732.974659
3732.975658
3732.976658
3732.977658
3732.97866
3732.979659
3732.980659
3732.981659
3732.982659
3732.983659
3732.984658
3732.985658
3732.986658
3732.987659
3732.988659
3732.989659
3732.990659
3732.991659
3732.992659
3732.993658
3732.994658
3732.995658
3732.996659
3732.997659
3732.998659
3732.999659
3733.000659
3733.001658
3733.002658
3733.003658
3733.004658
3733.005659
3733.006659
3733.007659
3733.008659
3733.009659
3733.010658
3733.011658
3733.012658
3733.013658
3733.014659
3733.015659
3733.016659
3733.017659
3733.018659
3733.019658
3733.020658
3733.021658
3733.02266
3733.023659
3733.024659
3733.025659
3733.026659
3733.027659
3733.028658
3733.029658
3733.030658
3733.03166
3733.032659
3733.033659
3733.034659
3733.035659
3733.036659
3733.037658
3733.038658
3733.039658
3733.04066
3733.041659
3733.042659
3733.043659
3733.044659
3733.045659
3733.046658
3733.047658
3733.048658
3733.049659
3733.050659
3733.051659
3733.052659
3733.053659
3733.054659
3733.055658
3733.056658
3733.057658
3733.058659
3733.059659
3733.060659
3733.061659
3733.062659
3733.063658
3733.064658
3733.065658
3733.066658
3733.067659
3733.068659
3733.069659
3733.070659
3733.071659
3733.072658
3733.073658
3733.074658
3733.075658
3733.076659
3733.077659
3733.078659
3733.079659
3733.080659
3733.081658
3733.082658
3733.083658
3733.08466
3733.085659
3733.086659
3733.087659
3733.088659
3733.089659
3733.090658
3733.091658
3733.092658
3733.09366
3733.094659
3733.095659
3733.096659
3733.097659
3733.098659
3733.099658
3733.100658
3733.101658
3733.10266
3733.103659
3733.104659
3733.105659
3733.106659
3733.107659
3733.108658
3733.109658
3733.110658
3733.111659
3733.112659
3733.113659
3733.114659
3733.115659
3733.116659
3733.117658
3733.118658
3733.119658
3733.120659
3733.121659
3733.122659
3733.123659
3733.124659
3733.125658
3733.126658
3733.127658
3733.128658
3733.129659
3733.130659
3733.131659
3733.132659
3733.133659
3733.134658
3733.135658
3733.136658
3733.137658
3733.138659
3733.139659
3733.140659
3733.141659
3733.142659
3733.143658
3733.144658
3733.145658
3733.14666
3733.147659
3733.148659
3733.149659
3733.150659
3733.151659
3733.152658
3733.153658
3733.154658
3733.15566
3733.156659
3733.157659
3733.158659
3733.159659
3733.160659
3733.161658
3733.162658
3733.163658
3733.16466
3733.165659
3733.166659
3733.167659
3733.168659
3733.169659
3733.170658
3733.171658
3733.172658
3733.173659
3733.174659
3733.175659
3733.176659
3733.177659
3733.178659
3733.179658
3733.180658
3733.181658
3733.182659
3733.183659
3733.184659
3733.185659
3733.186659
3733.187658
3733.188658
3733.189658
3733.190658
3733.191659
3733.192659
3733.193659
3733.194659
3733.195659
3733.196658
3733.197658
3733.198658
3733.199658
3733.200659
3733.201659
3733.202659
3733.203659
3733.204659
3733.205658
3733.206658
3733.207658
3733.20866
3733.209659
3733.210659
3733.211659
3733.212659
3733.213659
3733.214658
3733.215658
3733.216658
3733.21766
3733.218659
3733.219659
3733.220659
3733.221659
3733.222659
3733.223658
3733.224658
3733.225658
3733.22666
3733.227659
3733.228659
3733.229659
3733.230659
3733.231659
3733.232658
3733.233658
3733.234658
3733.235659
3733.236659
3733.237659
3733.238659
3733.239659
3733.240659
3733.241658
3733.242658
3733.243658
3733.244659
3733.245659
3733.246659
3733.247659
3733.248659
3733.249658
3733.250658
3733.251658
3733.252658
3733.253659
3733.254659
3733.255659
3733.256659
3733.257659
3733.258658
3733.259658
3733.260658
3733.261658
3733.262659
3733.263659
3733.264659
3733.265659
3733.266659
3733.267658
3733.268658
3733.269658
3733.27066
3733.271659
3733.272659
3733.273659
3733.274659
3733.275659
3733.276658
3733.277658
3733.278658
3733.27966
3733.280659
3733.281659
3733.282659
3733.283659
3733.284659
3733.285658
3733.286658
3733.287658
3733.28866
3733.289659
3733.290659
3733.291659
3733.292659
3733.293659
3733.294658
3733.295658
3733.296658
3733.297659
3733.298659
3733.299659
3733.300659
3733.301659
3733.302659
3733.303658
3733.304658
3733.305658
3733.306659
3733.307659
3733.308659
3733.309659
3733.310659
3733.311658
3733.312658
3733.313658
3733.314658
3733.315659
3733.316659
3733.317659
3733.318659
3733.319659
3733.320658
3733.321658
3733.322658
3733.323658
3733.324659
3733.325659
3733.326659
3733.327659
3733.328659
3733.329658
3733.330658
3733.331658
3733.33266
3733.333659
3733.334659
3733.335659
3733.336659
3733.337659
3733.338658
3733.339658
3733.340658
3733.34166
3733.342659
3733.343659
3733.344659
3733.345659
3733.346659
3733.347658
3733.348658
3733.349658
3733.35066
3733.351659
3733.352659
3733.353659
3733.354659
3733.355659
3733.356658
3733.357658
3733.358658
3733.359659
3733.360659
3733.361659
3733.362659
3733.363659
3733.364659
3733.365658
3733.366658
3733.367658
3733.368659
3733.369659
3733.370659
3733.371659
3733.372659
3733.373658
3733.374658
3733.375658
3733.376658
3733.377659
3733.378659
3733.379659
3733.380659
3733.381659
3733.382658
3733.383658
3733.384658
3733.385658
3733.386659
3733.387659
3733.388659
3733.389659
3733.390659
3733.391658
3733.392658
3733.393658
3733.39466
3733.395659
3733.396659
3733.397659
3733.398659
3733.399659
3733.400658
3733.401658
3733.402658
3733.40366
3733.404659
3733.405659
3733.406659
3733.407659
3733.408659
3733.409658
3733.410658
3733.411658
3733.41266
3733.413659
3733.414659
3733.415659
3733.416659
3733.417659
3733.418658
3733.419658
3733.420658
3733.421659
3733.422659
3733.423659
3733.424659
3733.425659
3733.426659
3733.427658
3733.428658
3733.429658
3733.430659
3733.431659
3733.432659
3733.433659
3733.434659
3733.435658
3733.436658
3733.437658
3733.438658
3733.439659
3733.440659
3733.441659
3733.442659
3733.443659
3733.444658
3733.445658
3733.446658
3733.447658
3733.448659
3733.449659
3733.450659
3733.451659
3733.452659
3733.453658
3733.454658
3733.455658
3733.45666
3733.457659
3733.458659
3733.459659
3733.460659
3733.461659
3733.462658
3733.463658
3733.464658
3733.46566
3733.466659
3733.467659
3733.468659
3733.469659
3733.470659
3733.471658
3733.472658
3733.473658
3733.47466
3733.475659
3733.476659
3733.477659
3733.478659
3733.479659
3733.480658
3733.481658
3733.482658
3733.483659
3733.484659
3733.485659
3733.486659
3733.487659
3733.488659
3733.489658
3733.490658
3733.491658
3733.492659
3733.493659
3733.494659
3733.495659
3733.496659
3733.497658
3733.498658
3733.499658
3733.500658
3733.501659
3733.502659
3733.503659
3733.504659
3733.505659
3733.506658
3733.507658
3733.508658
3733.509658
3733.510659
3733.511659
3733.512659
3733.513659
3733.514659
3733.515658
3733.516658
3733.517658
3733.51866
3733.519659
3733.520659
3733.521659
3733.522659
3733.523659
3733.524658
3733.525658
3733.526658
3733.52766
3733.528659
3733.529659
3733.530659
3733.531659
3733.532659
3733.533658
3733.534658
3733.535658
3733.53666
3733.537659
3733.538659
3733.539659
3733.540659
3733.541659
3733.542658
3733.543658
3733.544658
3733.545659
3733.546659
3733.547659
3733.548659
3733.549659
3733.550659
3733.551658
3733.552658
3733.553658
3733.554659
3733.555659
3733.556659
3733.557659
3733.558659
3733.559658
3733.560658
3733.561658
3733.562658
3733.563659
3733.564659
3733.565659
3733.566659
3733.567659
3733.568658
3733.569658
3733.570658
3733.571658
3733.572659
3733.573659
3733.574659
3733.575659
3733.576659
3733.577658
3733.578658
3733.579658
3733.58066
3733.581659
3733.582659
3733.583659
3733.584659
3733.585659
3733.586658
3733.587658
3733.588658
3733.58966
3733.590659
3733.591659
3733.592659
3733.593659
3733.594659
3733.595658
3733.596658
3733.597658
3733.59866
3733.599659
3733.600659
3733.601659
3733.602659
3733.603659
3733.604658
3733.605658
3733.606658
3733.607659
3733.608659
3733.609659
3733.610659
3733.611659
3733.612659
3733.613658
3733.614658
3733.615658
3733.616659
3733.617659
3733.618659
3733.619659
3733.620659
3733.621658
3733.622658
3733.623658
3733.624658
3733.625659
3733.626659
3733.627659
3733.628659
3733.629659
3733.630658
3733.631658
3733.632658
3733.633658
3733.634659
3733.635659
3733.636659
3733.637659
3733.638659
3733.639658
3733.640658
3733.641658
3733.64266
3733.643659
3733.644659
3733.645659
3733.646659
3733.647659
3733.648658
3733.649658
3733.650658
3733.65166
3733.652659
3733.653659
3733.654659
3733.655659
3733.656659
3733.657658
3733.658658
3733.659658
3733.66066
3733.661659
3733.662659
3733.663659
3733.664659
3733.665659
3733.666658
3733.667658
3733.668658
3733.669659
3733.670659
3733.671659
3733.672659
3733.673659
3733.674659
3733.675658
3733.676658
3733.677658
3733.678659
3733.679659
3733.680659
3733.681659
3733.682659
3733.683658
3733.684658
3733.685658
3733.686658
3733.687659
3733.688659
3733.689659
3733.690659
3733.691659
3733.692658
3733.693658
3733.694658
3733.695658
3733.696659
3733.697659
3733.698659
3733.699659
3733.700659
3733.701658
3733.702658
3733.703658
3733.70466
3733.705659
3733.706659
3733.707659
3733.708659
3733.709659
3733.710658
3733.711658
3733.712658
3733.71366
3733.714659
3733.715659
3733.716659
3733.717659
3733.718659
3733.719658
3733.720658
3733.721658
3733.72266
3733.723659
3733.724659
3733.725659
3733.726659
3733.727659
3733.728658
3733.729658
3733.730658
3733.731659
3733.732659
3733.733659
3733.734659
3733.735659
3733.736659
3733.737658
3733.738658
3733.739658
3733.740659
3733.741659
3733.742659
3733.743659
3733.744659
3733.745658
3733.746658
3733.747658
3733.748658
3733.749659
3733.750659
3733.751659
3733.752659
3733.753659
3733.754658
3733.755658
3733.756658
3733.757658
3733.758659
3733.759659
3733.760659
3733.761659
3733.762659
3733.763658
3733.764658
3733.765658
3733.76666
3733.767659
3733.768659
3733.769659
3733.770659
3733.771659
3733.772658
3733.773658
3733.774658
3733.77566
3733.776659
3733.777659
3733.778659
3733.779659
3733.780659
3733.781658
3733.782658
3733.783658
3733.78466
3733.785659
3733.786659
3733.787659
3733.788659
3733.789659
3733.790658
3733.791658
3733.792658
3733.793659
3733.794659
3733.795659
3733.796659
3733.797659
3733.798659
3733.799658
3733.800658
3733.801658
3733.802659
3733.803659
3733.804659
3733.805659
3733.806659
3733.807658
3733.808658
3733.809658
3733.810658
3733.811659
3733.812659
3733.813659
3733.814659
3733.815659
3733.816658
3733.817658
3733.818658
3733.819658
3733.820659
3733.821659
3733.822659
3733.823659
3733.824659
3733.825658
3733.826658
3733.827658
3733.82866
3733.829659
3733.830659
3733.831659
3733.832659
3733.833659
3733.834658
3733.835658
3733.836658
3733.83766
3733.838659
3733.839659
3733.840659
3733.841659
3733.842659
3733.843658
3733.844658
3733.845658
3733.84666
3733.847659
3733.848659
3733.849659
3733.850659
3733.851659
3733.852658
3733.853658
3733.854658
3733.855659
3733.856659
3733.857659
3733.858659
3733.859659
3733.860659
3733.861658
3733.862658
3733.863658
3733.864659
3733.865659
3733.866659
3733.867659
3733.868659
3733.869658
3733.870658
3733.871658
3733.872658
3733.873659
3733.874659
3733.875659
3733.876659
3733.877659
3733.878658
3733.879658
3733.880658
3733.881658
3733.882659
3733.883659
3733.884659
3733.885659
3733.886659
3733.887658
3733.888658
3733.889658
3733.89066
3733.891659
3733.892659
3733.893659
3733.894659
3733.895659
3733.896658
3733.897658
3733.898658
3733.89966
3733.900659
3733.901659
3733.902659
3733.903659
3733.904659
3733.905658
3733.906658
3733.907658
3733.90866
3733.909659
3733.910659
3733.911659
3733.912659
3733.913659
3733.914658
3733.915658
3733.916658
3733.917659
3733.918659
3733.919659
3733.920659
3733.921659
3733.922659
3733.923658
3733.924658
3733.925658
3733.926659
3733.927659
3733.928659
3733.929659
3733.930659
3733.931658
3733.932658
3733.933658
3733.934658
3733.935659
3733.936659
3733.937659
3733.938659
3733.939659
3733.940658
3733.941658
3733.942658
3733.943658
3733.944659
3733.945659
3733.946659
3733.947659
3733.948659
3733.949658
3733.950658
3733.951658
3733.95266
3733.953659
3733.954659
3733.955659
3733.956659
3733.957659
3733.958658
3733.959658
3733.960658
3733.96166
3733.962659
3733.963659
3733.964659
3733.965659
3733.966659
3733.967658
3733.968658
3733.969658
3733.97066
3733.971659
3733.972659
3733.973659
3733.974659
3733.975659
3733.976658
3733.977658
3733.978658
3733.979659
3733.980659
3733.981659
3733.982659
3733.983659
3733.984659
3733.985658
3733.986658
3733.987658
3733.988659
3733.989659
3733.990659
3733.991659
3733.992659
3733.993658
3733.994658
3733.995658
3733.996658
3733.997659
3733.998659
3733.999659
3734.000659
3734.001659
3734.002658
3734.003658
3734.004658
3734.005658
3734.006659
3734.007659
3734.008659
3734.009659
3734.010659
3734.011658
3734.012658
3734.013658
3734.01466
3734.015659
3734.016659
3734.017659
3734.018659
3734.019659
3734.020658
3734.021658
3734.022658
3734.02366
3734.024659
3734.025659
3734.026659
3734.027659
3734.028659
3734.029658
3734.030658
3734.031658
3734.03266
3734.033659
3734.034659
3734.035659
3734.036659
3734.037659
3734.038658
3734.039658
3734.040658
3734.041659
3734.042659
3734.043659
3734.044659
3734.045659
3734.046659
3734.047658
3734.048658
3734.049658
3734.050659
3734.051659
3734.052659
3734.053659
3734.054659
3734.055658
3734.056658
3734.057658
3734.058658
3734.059659
3734.060659
3734.061659
3734.062659
3734.063659
3734.064658
3734.065658
3734.066658
3734.067658
3734.068659
3734.069659
3734.070659
3734.071659
3734.072659
3734.073658
3734.074658
3734.075658
3734.07666
3734.077659
3734.078659
3734.079659
3734.080659
3734.081659
3734.082658
3734.083658
3734.084658
3734.08566
3734.086659
3734.087659
3734.088659
3734.089659
3734.090659
3734.091658
3734.092658
3734.093658
3734.09466
3734.095659
3734.096659
3734.097659
3734.098659
3734.099659
3734.100658
3734.101658
3734.102658
3734.103659
3734.104659
3734.105659
3734.106659
3734.107659
3734.108659
3734.109658
3734.110658
3734.111658
3734.112659
3734.113659
3734.114659
3734.115659
3734.116659
3734.117658
3734.118658
3734.119658
3734.120658
3734.121659
3734.122659
3734.123659
3734.124659
3734.125659
3734.126658
3734.127658
3734.128658
3734.129658
3734.130659
3734.131659
3734.132659
3734.133659
3734.134659
3734.135658
3734.136658
3734.137658
3734.13866
3734.139659
3734.140659
3734.141659
3734.142659
3734.143659
3734.144658
3734.145658
3734.146658
3734.14766
3734.148659
3734.149659
3734.150659
3734.151659
3734.152659
3734.153658
3734.154658
3734.155658
3734.15666
3734.157659
3734.158659
3734.159659
3734.160659
3734.161659
3734.162658
3734.163658
3734.164658
3734.165659
3734.166659
3734.167659
3734.168659
3734.169659
3734.170659
3734.171658
3734.172658
3734.173658
3734.174659
3734.175659
3734.176659
3734.177659
3734.178659
3734.179658
3734.180658
3734.181658
3734.182658
3734.183659
3734.184659
3734.185659
3734.186659
3734.187659
3734.188658
3734.189658
3734.190658
3734.191658
3734.192659
3734.193659
3734.194659
3734.195659
3734.196659
3734.197658
3734.198658
3734.199658
3734.20066
3734.201659
3734.202659
3734.203659
3734.204659
3734.205659
3734.206658
3734.207658
3734.208658
3734.20966
3734.210659
3734.211659
3734.212659
3734.213659
3734.214659
3734.215658
3734.216658
3734.217658
3734.21866
3734.219659
3734.220659
3734.221659
3734.222659
3734.223659
3734.224658
3734.225658
3734.226658
3734.227659
3734.228659
3734.229659
3734.230659
3734.231659
3734.232659
3734.233658
3734.234658
3734.235658
3734.236659
3734.237659
3734.238659
3734.239659
3734.240659
3734.241658
3734.242658
3734.243658
3734.244658
3734.245659
3734.246659
3734.247659
3734.248659
3734.249659
3734.250658
3734.251658
3734.252658
3734.253658
3734.254659
3734.255659
3734.256659
3734.257659
3734.258659
3734.259658
3734.260658
3734.261658
3734.26266
3734.263659
3734.264659
3734.265659
3734.266659
3734.267659
3734.268658
3734.269658
3734.270658
3734.27166
3734.272659
3734.273659
3734.274659
3734.275659
3734.276659
3734.277658
3734.278658
3734.279658
3734.28066
3734.281659
3734.282659
3734.283659
3734.284659
3734.285659
3734.286658
3734.287658
3734.288658
3734.289659
3734.290659
3734.291659
3734.292659
3734.293659
3734.294659
3734.295658
3734.296658
3734.297658
3734.298659
3734.299659
3734.300659
3734.301659
3734.302659
3734.303658
3734.304658
3734.305658
3734.306658
3734.307659
3734.308659
3734.309659
3734.310659
3734.311659
3734.312658
3734.313658
3734.314658
3734.315658
3734.316659
3734.317659
3734.318659
3734.319659
3734.320659
3734.321658
3734.322658
3734.323658
3734.32466
3734.325659
3734.326659
3734.327659
3734.328659
3734.329659
3734.330658
3734.331658
3734.332658
3734.33366
3734.334659
3734.335659
3734.336659
3734.337659
3734.338659
3734.339658
3734.340658
3734.341658
3734.34266
3734.343659
3734.344659
3734.345659
3734.346659
3734.347659
3734.348658
3734.349658
3734.350658
3734.351659
3734.352659
3734.353659
3734.354659
3734.355659
3734.356659
3734.357658
3734.358658
3734.359658
3734.360659
3734.361659
3734.362659
3734.363659
3734.364659
3734.365658
3734.366658
3734.367658
3734.368658
3734.369659
3734.370659
3734.371659
3734.372659
3734.373659
3734.374658
3734.375658
3734.376658
3734.377658
3734.378659
3734.379659
3734.380659
3734.381659
3734.382659
3734.383658
3734.384658
3734.385658
3734.38666
3734.387659
3734.388659
3734.389659
3734.390659
3734.391659
3734.392658
3734.393658
3734.394658
3734.39566
3734.396659
3734.397659
3734.398659
3734.399659
3734.400659
3734.401658
3734.402658
3734.403658
3734.40466
3734.405659
3734.406659
3734.407659
3734.408659
3734.409659
3734.410658
3734.411658
3734.412658
3734.413659
3734.414659
3734.415659
3734.416659
3734.417659
3734.418659
3734.419658
3734.420658
3734.421658
3734.422659
3734.423659
3734.424659
3734.425659
3734.426659
3734.427658
3734.428658
3734.429658
3734.430658
3734.431659
3734.432659
3734.433659
3734.434659
3734.435659
3734.436658
3734.437658
3734.438658
3734.439658
3734.440659
3734.441659
3734.442659
3734.443659
3734.444659
3734.445658
3734.446658
3734.447658
3734.44866
3734.449659
3734.450659
3734.451659
3734.452659
3734.453659
3734.454658
3734.455658
3734.456658
3734.45766
3734.458659
3734.459659
3734.460659
3734.461659
3734.462659
3734.463658
3734.464658
3734.465658
3734.46666
3734.467659
3734.468659
3734.469659
3734.470659
3734.471659
3734.472658
3734.473658
3734.474658
3734.475659
3734.476659
3734.477659
3734.478659
3734.479659
3734.480659
3734.481658
3734.482658
3734.483658
3734.484659
3734.485659
3734.486659
3734.487659
3734.488659
3734.489658
3734.490658
3734.491658
3734.492658
3734.493659
3734.494659
3734.495659
3734.496659
3734.497659
3734.498658
3734.499658
3734.500658
3734.501658
3734.502659
3734.503659
3734.504659
3734.505659
3734.506659
3734.507658
3734.508658
3734.509658
3734.51066
3734.511659
3734.512659
3734.513659
3734.514659
3734.515659
3734.516658
3734.517658
3734.518658
3734.51966
3734.520659
3734.521659
3734.522659
3734.523659
3734.524659
3734.525658
3734.526658
3734.527658
3734.52866
3734.529659
3734.530659
3734.531659
3734.532659
3734.533659
3734.534658
3734.535658
3734.536658
3734.537659
3734.538659
3734.539659
3734.540659
3734.541659
3734.542659
3734.543658
3734.544658
3734.545658
3734.546659
3734.547659
3734.548659
3734.549659
3734.550659
3734.551658
3734.552658
3734.553658
3734.554658
3734.555659
3734.556659
3734.557659
3734.558659
3734.559659
3734.560658
3734.561658
3734.562658
3734.563658
3734.564659
3734.565659
3734.566659
3734.567659
3734.568659
3734.569658
3734.570658
3734.571658
3734.57266
3734.573659
3734.574659
3734.575659
3734.576659
3734.577659
3734.578658
3734.579658
3734.580658
3734.58166
3734.582659
3734.583659
3734.584659
3734.585659
3734.586659
3734.587658
3734.588658
3734.589658
3734.59066
3734.591659
3734.592659
3734.593659
3734.594659
3734.595659
3734.596658
3734.597658
3734.598658
3734.599659
3734.600659
3734.601659
3734.602659
3734.603659
3734.604659
3734.605658
3734.606658
3734.607658
3734.608659
3734.609659
3734.610659
3734.611659
3734.612659
3734.613658
3734.614658
3734.615658
3734.616658
3734.617659
3734.618659
3734.619659
3734.620659
3734.621659
3734.622658
3734.623658
3734.624658
3734.625658
3734.626659
3734.627659
3734.628659
3734.629659
3734.630659
3734.631658
3734.632658
3734.633658
3734.63466
3734.635659
3734.636659
3734.637659
3734.638659
3734.639659
3734.640658
3734.641658
3734.642658
3734.64366
3734.644659
3734.645659
3734.646659
3734.647659
3734.648659
3734.649658
3734.650658
3734.651658
3734.65266
3734.653659
3734.654659
3734.655659
3734.656659
3734.657659
3734.658658
3734.659658
3734.660658
3734.661659
3734.662659
3734.663659
3734.664659
3734.665659
3734.666659
3734.667658
3734.668658
3734.669658
3734.670659
3734.671659
3734.672659
3734.673659
3734.674659
3734.675658
3734.676658
3734.677658
3734.678658
3734.679659
3734.680659
3734.681659
3734.682659
3734.683659
3734.684658
3734.685658
3734.686658
3734.687658
3734.688659
3734.689659
3734.690659
3734.691659
3734.692659
3734.693658
3734.694658
3734.695658
3734.69666
3734.697659
3734.698659
3734.699659
3734.700659
3734.701659
3734.702658
3734.703658
3734.704658
3734.70566
3734.706659
3734.707659
3734.708659
3734.709659
3734.710659
3734.711658
3734.712658
3734.713658
3734.71466
3734.715659
3734.716659
3734.717659
3734.718659
3734.719659
3734.720658
3734.721658
3734.722658
3734.723659
3734.724659
3734.725659
3734.726659
3734.727659
3734.728659
3734.729658
3734.730658
3734.731658
3734.732659
3734.733659
3734.734659
3734.735659
3734.736659
3734.737658
3734.738658
3734.739658
3734.740658
3734.741659
3734.742659
3734.743659
3734.744659
3734.745659
3734.746658
3734.747658
3734.748658
3734.749658
3734.750659
3734.751659
3734.752659
3734.753659
3734.754659
3734.755658
3734.756658
3734.757658
3734.75866
3734.759659
3734.760659
3734.761659
3734.762659
3734.763659
3734.764658
3734.765658
3734.766658
3734.76766
3734.768659
3734.769659
3734.770659
3734.771659
3734.772659
3734.773658
3734.774658
3734.775658
3734.77666
3734.777659
3734.778659
3734.779659
3734.780659
3734.781659
3734.782658
3734.783658
3734.784658
3734.785659
3734.786659
3734.787659
3734.788659
3734.789659
3734.790659
3734.791658
3734.792658
3734.793658
3734.794659
3734.795659
3734.796659
3734.797659
3734.798659
3734.799658
3734.800658
3734.801658
3734.802658
3734.803659
3734.804659
3734.805659
3734.806659
3734.807659
3734.808658
3734.809658
3734.810658
3734.811658
3734.812659
3734.813659
3734.814659
3734.815659
3734.816659
3734.817658
3734.818658
3734.819658
3734.82066
3734.821659
3734.822659
3734.823659
3734.824659
3734.825659
3734.826658
3734.827658
3734.828658
3734.82966
3734.830659
3734.831659
3734.832659
3734.833659
3734.834659
3734.835658
3734.836658
3734.837658
3734.83866
3734.839659
3734.840659
3734.841659
3734.842659
3734.843659
3734.844658
3734.845658
3734.846658
3734.847659
3734.848659
3734.849659
3734.850659
3734.851659
3734.852659
3734.853658
3734.854658
3734.855658
3734.856659
3734.857659
3734.858659
3734.859659
3734.860659
3734.861658
3734.862658
3734.863658
3734.864658
3734.865659
3734.866659
3734.867659
3734.868659
3734.869659
3734.870658
3734.871658
3734.872658
3734.873658
3734.874659
3734.875659
3734.876659
3734.877659
3734.878659
3734.879658
3734.880658
3734.881658
3734.88266
3734.883659
3734.884659
3734.885659
3734.886659
3734.887659
3734.888658
3734.889658
3734.890658
3734.89166
3734.892659
3734.893659
3734.894659
3734.895659
3734.896659
3734.897658
3734.898658
3734.899658
3734.90066
3734.901659
3734.902659
3734.903659
3734.904659
3734.905659
3734.906658
3734.907658
3734.908658
3734.909659
3734.910659
3734.911659
3734.912659
3734.913659
3734.914659
3734.915658
3734.916658
3734.917658
3734.918659
3734.919659
3734.920659
3734.921659
3734.922659
3734.923658
3734.924658
3734.925658
3734.926658
3734.927659
3734.928659
3734.929659
3734.930659
3734.931659
3734.932658
3734.933658
3734.934658
3734.935658
3734.936659
3734.937659
3734.938659
3734.939659
3734.940659
3734.941658
3734.942658
3734.943658
3734.94466
3734.945659
3734.946659
3734.947659
3734.948659
3734.949659
3734.950658
3734.951658
3734.952658
3734.95366
3734.954659
3734.955659
3734.956659
3734.957659
3734.958659
3734.959658
3734.960658
3734.961658
3734.96266
3734.963659
3734.964659
3734.965659
3734.966659
3734.967659
3734.968658
3734.969658
3734.970658
3734.971659
3734.972659
3734.973659
3734.974659
3734.975659
3734.976659
3734.977658
3734.978658
3734.979658
3734.980659
3734.981659
3734.982659
3734.983659
3734.984659
3734.985658
3734.986658
3734.987658
3734.988658
3734.989659
3734.990659
3734.991659
3734.992659
3734.993659
3734.994658
3734.995658
3734.996658
3734.997658
3734.998659
3734.999659
3735.000659
3735.001659
3735.002659
3735.003658
3735.004658
3735.005658
3735.00666
3735.007659
3735.008659
3735.009659
3735.010659
3735.011659
3735.012658
3735.013658
3735.014658
3735.01566
3735.016659
3735.017659
3735.018659
3735.019659
3735.020659
3735.021658
3735.022658
3735.023658
3735.02466
3735.025659
3735.026659
3735.027659
3735.028659
3735.029659
3735.030658
3735.031658
3735.032658
3735.033659
3735.034659
3735.035659
3735.036659
3735.037659
3735.038659
3735.039658
3735.040658
3735.041658
3735.042659
3735.043659
3735.044659
3735.045659
3735.046659
3735.047658
3735.048658
3735.049658
3735.050658
3735.051659
3735.052659
3735.053659
3735.054659
3735.055659
3735.056658
3735.057658
3735.058658
3735.059658
3735.060659
3735.061659
3735.062659
3735.063659
3735.064659
3735.065658
3735.066658
3735.067658
3735.06866
3735.069659
3735.070659
3735.071659
3735.072659
3735.073659
3735.074658
3735.075658
3735.076658
3735.07766
3735.078659
3735.079659
3735.080659
3735.081659
3735.082659
3735.083658
3735.084658
3735.085658
3735.08666
3735.087659
3735.088659
3735.089659
3735.090659
3735.091659
3735.092658
3735.093658
3735.094658
3735.095659
3735.096659
3735.097659
3735.098659
3735.099659
3735.100659
3735.101658
3735.102658
3735.103658
3735.104659
3735.105659
3735.106659
3735.107659
3735.108659
3735.109658
3735.110658
3735.111658
3735.112658
3735.113659
3735.114659
3735.115659
3735.116659
3735.117659
3735.118658
3735.119658
3735.120658
3735.121658
3735.122659
3735.123659
3735.124659
3735.125659
3735.126659
3735.127658
3735.128658
3735.129658
3735.13066
3735.131659
3735.132659
3735.133659
3735.134659
3735.135659
3735.136658
3735.137658
3735.138658
3735.13966
3735.140659
3735.141659
3735.142659
3735.143659
3735.144659
3735.145658
3735.146658
3735.147658
3735.14866
3735.149659
3735.150659
3735.151659
3735.152659
3735.153659
3735.154658
3735.155658
3735.156658
3735.157659
3735.158659
3735.159659
3735.160659
3735.161659
3735.162659
3735.163658
3735.164658
3735.165658
3735.166659
3735.167659
3735.168659
3735.169659
3735.170659
3735.171658
3735.172658
3735.173658
3735.174658
3735.175659
3735.176659
3735.177659
3735.178659
3735.179659
3735.180658
3735.181658
3735.182658
3735.183658
3735.184659
3735.185659
3735.186659
3735.187659
3735.188659
3735.189658
3735.190658
3735.191658
3735.19266
3735.193659
3735.194659
3735.195659
3735.196659
3735.197659
3735.198658
3735.199658
3735.200658
3735.20166
3735.202659
3735.203659
3735.204659
3735.205659
3735.206659
3735.207658
3735.208658
3735.209658
3735.21066
3735.211659
3735.212659
3735.213659
3735.214659
3735.215659
3735.216658
3735.217658
3735.218658
3735.219659
3735.220659
3735.221659
3735.222659
3735.223659
3735.224659
3735.225658
3735.226658
3735.227658
3735.228659
3735.229659
3735.230659
3735.231659
3735.232659
3735.233658
3735.234658
3735.235658
3735.236658
3735.237659
3735.238659
3735.239659
3735.240659
3735.241659
3735.242658
3735.243658
3735.244658
3735.245658
3735.246659
3735.247659
3735.248659
3735.249659
3735.250659
3735.251658
3735.252658
3735.253658
3735.25466
3735.255659
3735.256659
3735.257659
3735.258659
3735.259659
3735.260658
3735.261658
3735.262658
3735.26366
3735.264659
3735.265659
3735.266659
3735.267659
3735.268659
3735.269658
3735.270658
3735.271658
3735.27266
3735.273659
3735.274659
3735.275659
3735.276659
3735.277659
3735.278658
3735.279658
3735.280658
3735.281659
3735.282659
3735.283659
3735.284659
3735.285659
3735.286659
3735.287658
3735.288658
3735.289658
3735.290659
3735.291659
3735.292659
3735.293659
3735.294659
3735.295658
3735.296658
3735.297658
3735.298658
3735.299659
3735.300659
3735.301659
3735.302659
3735.303659
3735.304658
3735.305658
3735.306658
3735.307658
3735.308659
3735.309659
3735.310659
3735.311659
3735.312659
3735.313658
3735.314658
3735.315658
3735.31666
3735.317659
3735.318659
3735.319659
3735.320659
3735.321659
3735.322658
3735.323658
3735.324658
3735.32566
3735.326659
3735.327659
3735.328659
3735.329659
3735.330659
3735.331658
3735.332658
3735.333658
3735.33466
3735.335659
3735.336659
3735.337659
3735.338659
3735.339659
3735.340658
3735.341658
3735.342658
3735.343659
3735.344659
3735.345659
3735.346659
3735.347659
3735.348659
3735.349658
3735.350658
3735.351658
3735.352659
3735.353659
3735.354659
3735.355659
3735.356659
3735.357658
3735.358658
3735.359658
3735.360658
3735.361659
3735.362659
3735.363659
3735.364659
3735.365659
3735.366658
3735.367658
3735.368658
3735.369658
3735.370659
3735.371659
3735.372659
3735.373659
3735.374659
3735.375658
3735.376658
3735.377658
3735.37866
3735.379659
3735.380659
3735.381659
3735.382659
3735.383659
3735.384658
3735.385658
3735.386658
3735.38766
3735.388659
3735.389659
3735.390659
3735.391659
3735.392659
3735.393658
3735.394658
3735.395658
3735.39666
3735.397659
3735.398659
3735.399659
3735.400659
3735.401659
3735.402658
3735.403658
3735.404658
3735.405659
3735.406659
3735.407659
3735.408659
3735.409659
3735.410659
3735.411658
3735.412658
3735.413658
3735.414659
3735.415659
3735.416659
3735.417659
3735.418659
3735.419658
3735.420658
3735.421658
3735.422658
3735.423659
3735.424659
3735.425659
3735.426659
3735.427659
3735.428658
3735.429658
3735.430658
3735.431658
3735.432659
3735.433659
3735.434659
3735.435659
3735.436659
3735.437658
3735.438658
3735.439658
3735.44066
3735.441659
3735.442659
3735.443659
3735.444659
3735.445659
3735.446658
3735.447658
3735.448658
3735.44966
3735.450659
3735.451659
3735.452659
3735.453659
3735.454659
3735.455658
3735.456658
3735.457658
3735.45866
3735.459659
3735.460659
3735.461659
3735.462659
3735.463659
3735.464658
3735.465658
3735.466658
3735.467659
3735.468659
3735.469659
3735.470659
3735.471659
3735.472659
3735.473658
3735.474658
3735.475658
3735.476659
3735.477659
3735.478659
3735.479659
3735.480659
3735.481658
3735.482658
3735.483658
3735.484658
3735.485659
3735.486659
3735.487659
3735.488659
3735.489659
3735.490658
3735.491658
3735.492658
3735.493658
3735.494659
3735.495659
3735.496659
3735.497659
3735.498659
3735.499658
3735.500658
3735.501658
3735.50266
3735.503659
3735.504659
3735.505659
3735.506659
3735.507659
3735.508658
3735.509658
3735.510658
3735.51166
3735.512659
3735.513659
3735.514659
3735.515659
3735.516659
3735.517658
3735.518658
3735.519658
3735.52066
3735.521659
3735.522659
3735.523659
3735.524659
3735.525659
3735.526658
3735.527658
3735.528658
3735.529659
3735.530659
3735.531659
3735.532659
3735.533659
3735.534659
3735.535658
3735.536658
3735.537658
3735.538659
3735.539659
3735.540659
3735.541659
3735.542659
3735.543658
3735.544658
3735.545658
3735.546658
3735.547659
3735.548659
3735.549659
3735.550659
3735.551659
3735.552658
3735.553658
3735.554658
3735.555658
3735.556659
3735.557659
3735.558659
3735.559659
3735.560659
3735.561658
3735.562658
3735.563658
3735.56466
3735.565659
3735.566659
3735.567659
3735.568659
3735.569659
3735.570658
3735.571658
3735.572658
3735.57366
3735.574659
3735.575659
3735.576659
3735.577659
3735.578659
3735.579658
3735.580658
3735.581658
3735.58266
3735.583659
3735.584659
3735.585659
3735.586659
3735.587659
3735.588658
3735.589658
3735.590658
3735.591659
3735.592659
3735.593659
3735.594659
3735.595659
3735.596659
3735.597658
3735.598658
3735.599658
3735.600659
3735.601659
3735.602659
3735.603659
3735.604659
3735.605658
3735.606658
3735.607658
3735.608658
3735.609659
3735.610659
3735.611659
3735.612659
3735.613659
3735.614658
3735.615658
3735.616658
3735.617658
3735.618659
3735.619659
3735.620659
3735.621659
3735.622659
3735.623658
3735.624658
3735.625658
3735.62666
3735.627659
3735.628659
3735.629659
3735.630659
3735.631659
3735.632658
3735.633658
3735.634658
3735.63566
3735.636659
3735.637659
3735.638659
3735.639659
3735.640659
3735.641658
3735.642658
3735.643658
3735.64466
3735.645659
3735.646659
3735.647659
3735.648659
3735.649659
3735.650658
3735.651658
3735.652658
3735.653659
3735.654659
3735.655659
3735.656659
3735.657659
3735.658659
3735.659658
3735.660658
3735.661658
3735.662659
3735.663659
3735.664659
3735.665659
3735.666659
3735.667658
3735.668658
3735.669658
3735.670658
3735.671659
3735.672659
3735.673659
3735.674659
3735.675659
3735.676658
3735.677658
3735.678658
3735.679658
3735.680659
3735.681659
3735.682659
3735.683659
3735.684659
3735.685658
3735.686658
3735.687658
3735.68866
3735.689659
3735.690659
3735.691659
3735.692659
3735.693659
3735.694658
3735.695658
3735.696658
3735.69766
3735.698659
3735.699659
3735.700659
3735.701659
3735.702659
3735.703658
3735.704658
3735.705658
3735.70666
3735.707659
3735.708659
3735.709659
3735.710659
3735.711659
3735.712658
3735.713658
3735.714658
3735.715659
3735.716659
3735.717659
3735.718659
3735.719659
3735.720659
3735.721658
3735.722658
3735.723658
3735.724659
3735.725659
3735.726659
3735.727659
3735.728659
3735.729658
3735.730658
3735.731658
3735.732658
3735.733659
3735.734659
3735.735659
3735.736659
3735.737659
3735.738658
3735.739658
3735.740658
3735.741658
3735.742659
3735.743659
3735.744659
3735.745659
3735.746659
3735.747658
3735.748658
3735.749658
3735.75066
3735.751659
3735.752659
3735.753659
3735.754659
3735.755659
3735.756658
3735.757658
3735.758658
3735.75966
3735.760659
3735.761659
3735.762659
3735.763659
3735.764659
3735.765658
3735.766658
3735.767658
3735.76866
3735.769659
3735.770659
3735.771659
3735.772659
3735.773659
3735.774658
3735.775658
3735.776658
3735.777659
3735.778659
3735.779659
3735.780659
3735.781659
3735.782659
3735.783658
3735.784658
3735.785658
3735.786659
3735.787659
3735.788659
3735.789659
3735.790659
3735.791658
3735.792658
3735.793658
3735.794658
3735.795659
3735.796659
3735.797659
3735.798659
3735.799659
3735.800658
3735.801658
3735.802658
3735.803658
3735.804659
3735.805659
3735.806659
3735.807659
3735.808659
3735.809658
3735.810658
3735.811658
3735.81266
3735.813659
3735.814659
3735.815659
3735.816659
3735.817659
3735.818658
3735.819658
3735.820658
3735.82166
3735.822659
3735.823659
3735.824659
3735.825659
3735.826659
3735.827658
3735.828658
3735.829658
3735.83066
3735.831659
3735.832659
3735.833659
3735.834659
3735.835659
3735.836658
3735.837658
3735.838658
3735.839659
3735.840659
3735.841659
3735.842659
3735.843659
3735.844659
3735.845658
3735.846658
3735.847658
3735.848659
3735.849659
3735.850659
3735.851659
3735.852659
3735.853658
3735.854658
3735.855658
3735.856658
3735.857659
3735.858659
3735.859659
3735.860659
3735.861659
3735.862658
3735.863658
3735.864658
3735.865658
3735.866659
3735.867659
3735.868659
3735.869659
3735.870659
3735.871658
3735.872658
3735.873658
3735.87466
3735.875659
3735.876659
3735.877659
3735.878659
3735.879659
3735.880658
3735.881658
3735.882658
3735.88366
3735.884659
3735.885659
3735.886659
3735.887659
3735.888659
3735.889658
3735.890658
3735.891658
3735.89266
3735.893659
3735.894659
3735.895659
3735.896659
3735.897659
3735.898658
3735.899658
3735.900658
3735.901659
3735.902659
3735.903659
3735.904659
3735.905659
3735.906659
3735.907658
3735.908658
3735.909658
3735.910659
3735.911659
3735.912659
3735.913659
3735.914659
3735.915658
3735.916658
3735.917658
3735.918658
3735.919659
3735.920659
3735.921659
3735.922659
3735.923659
3735.924658
3735.925658
3735.926658
3735.927658
3735.928659
3735.929659
3735.930659
3735.931659
3735.932659
3735.933658
3735.934658
3735.935658
3735.93666
3735.937659
3735.938659
3735.939659
3735.940659
3735.941659
3735.942658
3735.943658
3735.944658
3735.94566
3735.946659
3735.947659
3735.948659
3735.949659
3735.950659
3735.951658
3735.952658
3735.953658
3735.95466
3735.955659
3735.956659
3735.957659
3735.958659
3735.959659
3735.960658
3735.961658
3735.962658
3735.963659
3735.964659
3735.965659
3735.966659
3735.967659
3735.968659
3735.969658
3735.970658
3735.971658
3735.972659
3735.973659
3735.974659
3735.975659
3735.976659
3735.977658
3735.978658
3735.979658
3735.980658
3735.981659
3735.982659
3735.983659
3735.984659
3735.985659
3735.986658
3735.987658
3735.988658
3735.989658
3735.990659
3735.991659
3735.992659
3735.993659
3735.994659
3735.995658
3735.996658
3735.997658
3735.99866
3735.999659
3736.000659
3736.001659
3736.002659
3736.003659
3736.004658
3736.005658
3736.006658
3736.00766
3736.008659
3736.009659
3736.010659
3736.011659
3736.012659
3736.013658
3736.014658
3736.015658
3736.01666
3736.017659
3736.018659
3736.019659
3736.020659
3736.021659
3736.022658
3736.023658
3736.024658
3736.025659
3736.026659
3736.027659
3736.028659
3736.029659
3736.030659
3736.031658
3736.032658
3736.033658
3736.034659
3736.035659
3736.036659
3736.037659
3736.038659
3736.039658
3736.040658
3736.041658
3736.042658
3736.043659
3736.044659
3736.045659
3736.046659
3736.047659
3736.048658
3736.049658
3736.050658
3736.051658
3736.052659
3736.053659
3736.054659
3736.055659
3736.056659
3736.057658
3736.058658
3736.059658
3736.06066
3736.061659
3736.062659
3736.063659
3736.064659
3736.065659
3736.066658
3736.067658
3736.068658
3736.06966
3736.070659
3736.071659
3736.072659
3736.073659
3736.074659
3736.075658
3736.076658
3736.077658
3736.07866
3736.079659
3736.080659
3736.081659
3736.082659
3736.083659
3736.084658
3736.085658
3736.086658
3736.087659
3736.088659
3736.089659
3736.090659
3736.091659
3736.092659
3736.093658
3736.094658
3736.095658
3736.096659
3736.097659
3736.098659
3736.099659
3736.100659
3736.101658
3736.102658
3736.103658
3736.104658
3736.105659
3736.106659
3736.107659
3736.108659
3736.109659
3736.110658
3736.111658
3736.112658
3736.113658
3736.114659
3736.115659
3736.116659
3736.117659
3736.118659
3736.119658
3736.120658
3736.121658
3736.12266
3736.123659
3736.124659
3736.125659
3736.126659
3736.127659
3736.128658
3736.129658
3736.130658
3736.13166
3736.132659
3736.133659
3736.134659
3736.135659
3736.136659
3736.137658
3736.138658
3736.139658
3736.14066
3736.141659
3736.142659
3736.143659
3736.144659
3736.145659
3736.146658
3736.147658
3736.148658
3736.149659
3736.150659
3736.151659
3736.152659
3736.153659
3736.154659
3736.155658
3736.156658
3736.157658
3736.158659
3736.159659
3736.160659
3736.161659
3736.162659
3736.163658
3736.164658
3736.165658
3736.166658
3736.167659
3736.168659
3736.169659
3736.170659
3736.171659
3736.172658
3736.173658
3736.174658
3736.175658
3736.176659
3736.177659
3736.178659
3736.179659
3736.180659
3736.181658
3736.182658
3736.183658
3736.18466
3736.185659
3736.186659
3736.187659
3736.188659
3736.189659
3736.190658
3736.191658
3736.192658
3736.19366
3736.194659
3736.195659
3736.196659
3736.197659
3736.198659
3736.199658
3736.200658
3736.201658
3736.20266
3736.203659
3736.204659
3736.205659
3736.206659
3736.207659
3736.208658
3736.209658
3736.210658
3736.211659
3736.212659
3736.213659
3736.214659
3736.215659
3736.216659
3736.217658
3736.218658
3736.219658
3736.220659
3736.221659
3736.222659
3736.223659
3736.224659
3736.225658
3736.226658
3736.227658
3736.228658
3736.229659
3736.230659
3736.231659
3736.232659
3736.233659
3736.234658
3736.235658
3736.236658
3736.237658
3736.238659
3736.239659
3736.240659
3736.241659
3736.242659
3736.243658
3736.244658
3736.245658
3736.24666
3736.247659
3736.248659
3736.249659
3736.250659
3736.251659
3736.252658
3736.253658
3736.254658
3736.25566
3736.256659
3736.257659
3736.258659
3736.259659
3736.260659
3736.261658
3736.262658
3736.263658
3736.26466
3736.265659
3736.266659
3736.267659
3736.268659
3736.269659
3736.270658
3736.271658
3736.272658
3736.273659
3736.274659
3736.275659
3736.276659
3736.277659
3736.278659
3736.279658
3736.280658
3736.281658
3736.282659
3736.283659
3736.284659
3736.285659
3736.286659
3736.287658
3736.288658
3736.289658
3736.290658
3736.291659
3736.292659
3736.293659
3736.294659
3736.295659
3736.296658
3736.297658
3736.298658
3736.299658
3736.300659
3736.301659
3736.302659
3736.303659
3736.304659
3736.305658
3736.306658
3736.307658
3736.30866
3736.309659
3736.310659
3736.311659
3736.312659
3736.313659
3736.314658
3736.315658
3736.316658
3736.31766
3736.318659
3736.319659
3736.320659
3736.321659
3736.322659
3736.323658
3736.324658
3736.325658
3736.32666
3736.327659
3736.328659
3736.329659
3736.330659
3736.331659
3736.332658
3736.333658
3736.334658
3736.335659
3736.336659
3736.337659
3736.338659
3736.339659
3736.340659
3736.341658
3736.342658
3736.343658
3736.344659
3736.345659
3736.346659
3736.347659
3736.348659
3736.349658
3736.350658
3736.351658
3736.352658
3736.353659
3736.354659
3736.355659
3736.356659
3736.357659
3736.358658
3736.359658
3736.360658
3736.361658
3736.362659
3736.363659
3736.364659
3736.365659
3736.366659
3736.367658
3736.368658
3736.369658
3736.37066
3736.371659
3736.372659
3736.373659
3736.374659
3736.375659
3736.376658
3736.377658
3736.378658
3736.37966
3736.380659
3736.381659
3736.382659
3736.383659
3736.384659
3736.385658
3736.386658
3736.387658
3736.38866
3736.389659
3736.390659
3736.391659
3736.392659
3736.393659
3736.394658
3736.395658
3736.396658
3736.397659
3736.398659
3736.399659
3736.400659
3736.401659
3736.402659
3736.403658
3736.404658
3736.405658
3736.406659
3736.407659
3736.408659
3736.409659
3736.410659
3736.411658
3736.412658
3736.413658
3736.414658
3736.415659
3736.416659
3736.417659
3736.418659
3736.419659
3736.420658
3736.421658
3736.422658
3736.423658
3736.424659
3736.425659
3736.426659
3736.427659
3736.428659
3736.429658
3736.430658
3736.431658
3736.43266
3736.433659
3736.434659
3736.435659
3736.436659
3736.437659
3736.438658
3736.439658
3736.440658
3736.44166
3736.442659
3736.443659
3736.444659
3736.445659
3736.446659
3736.447658
3736.448658
3736.449658
3736.45066
3736.451659
3736.452659
3736.453659
3736.454659
3736.455659
3736.456658
3736.457658
3736.458658
3736.459659
3736.460659
3736.461659
3736.462659
3736.463659
3736.464659
3736.465658
3736.466658
3736.467658
3736.468659
3736.469659
3736.470659
3736.471659
3736.472659
3736.473658
3736.474658
3736.475658
3736.476658
3736.477659
3736.478659
3736.479659
3736.480659
3736.481659
3736.482658
3736.483658
3736.484658
3736.485658
3736.486659
3736.487659
3736.488659
3736.489659
3736.490659
3736.491658
3736.492658
3736.493658
3736.49466
3736.495659
3736.496659
3736.497659
3736.498659
3736.499659
3736.500658
3736.501658
3736.502658
3736.50366
3736.504659
3736.505659
3736.506659
3736.507659
3736.508659
3736.509658
3736.510658
3736.511658
3736.51266
3736.513659
3736.514659
3736.515659
3736.516659
3736.517659
3736.518658
3736.519658
3736.520658
3736.521659
3736.522659
3736.523659
3736.524659
3736.525659
3736.526659
3736.527658
3736.528658
3736.529658
3736.530659
3736.531659
3736.532659
3736.533659
3736.534659
3736.535658
3736.536658
3736.537658
3736.538658
3736.539659
3736.540659
3736.541659
3736.542659
3736.543659
3736.544658
3736.545658
3736.546658
3736.547658
3736.548659
3736.549659
3736.550659
3736.551659
3736.552659
3736.553658
3736.554658
3736.555658
3736.55666
3736.557659
3736.558659
3736.559659
3736.560659
3736.561659
3736.562658
3736.563658
3736.564658
3736.56566
3736.566659
3736.567659
3736.568659
3736.569659
3736.570659
3736.571658
3736.572658
3736.573658
3736.57466
3736.575659
3736.576659
3736.577659
3736.578659
3736.579659
3736.580658
3736.581658
3736.582658
3736.583659
3736.584659
3736.585659
3736.586659
3736.587659
3736.588659
3736.589658
3736.590658
3736.591658
3736.592659
3736.593659
3736.594659
3736.595659
3736.596659
3736.597658
3736.598658
3736.599658
3736.600658
3736.601659
3736.602659
3736.603659
3736.604659
3736.605659
3736.606658
3736.607658
3736.608658
3736.609658
3736.610659
3736.611659
3736.612659
3736.613659
3736.614659
3736.615658
3736.616658
3736.617658
3736.61866
3736.619659
3736.620659
3736.621659
3736.622659
3736.623659
3736.624658
3736.625658
3736.626658
3736.62766
3736.628659
3736.629659
3736.630659
3736.631659
3736.632659
3736.633658
3736.634658
3736.635658
3736.63666
3736.637659
3736.638659
3736.639659
3736.640659
3736.641659
3736.642658
3736.643658
3736.644658
3736.645659
3736.646659
3736.647659
3736.648659
3736.649659
3736.650659
3736.651658
3736.652658
3736.653658
3736.654659
3736.655659
3736.656659
3736.657659
3736.658659
3736.659658
3736.660658
3736.661658
3736.662658
3736.663659
3736.664659
3736.665659
3736.666659
3736.667659
3736.668658
3736.669658
3736.670658
3736.671658
3736.672659
3736.673659
3736.674659
3736.675659
3736.676659
3736.677658
3736.678658
3736.679658
3736.68066
3736.681659
3736.682659
3736.683659
3736.684659
3736.685659
3736.686658
3736.687658
3736.688658
3736.68966
3736.690659
3736.691659
3736.692659
3736.693659
3736.694659
3736.695658
3736.696658
3736.697658
3736.69866
3736.699659
3736.700659
3736.701659
3736.702659
3736.703659
3736.704658
3736.705658
3736.706658
3736.707659
3736.708659
3736.709659
3736.710659
3736.711659
3736.712659
3736.713658
3736.714658
3736.715658
3736.716659
3736.717659
3736.718659
3736.719659
3736.720659
3736.721658
3736.722658
3736.723658
3736.724658
3736.725659
3736.726659
3736.727659
3736.728659
3736.729659
3736.730658
3736.731658
3736.732658
3736.733658
3736.734659
3736.735659
3736.736659
3736.737659
3736.738659
3736.739658
3736.740658
3736.741658
3736.74266
3736.743659
3736.744659
3736.745659
3736.746659
3736.747659
3736.748658
3736.749658
3736.750658
3736.75166
3736.752659
3736.753659
3736.754659
3736.755659
3736.756659
3736.757658
3736.758658
3736.759658
3736.76066
3736.761659
3736.762659
3736.763659
3736.764659
3736.765659
3736.766658
3736.767658
3736.768658
3736.769659
3736.770659
3736.771659
3736.772659
3736.773659
3736.774659
3736.775658
3736.776658
3736.777658
3736.778659
3736.779659
3736.780659
3736.781659
3736.782659
3736.783658
3736.784658
3736.785658
3736.786658
3736.787659
3736.788659
3736.789659
3736.790659
3736.791659
3736.792658
3736.793658
3736.794658
3736.795658
3736.796659
3736.797659
3736.798659
3736.799659
3736.800659
3736.801658
3736.802658
3736.803658
3736.80466
3736.805659
3736.806659
3736.807659
3736.808659
3736.809659
3736.810658
3736.811658
3736.812658
3736.81366
3736.814659
3736.815659
3736.816659
3736.817659
3736.818659
3736.819658
3736.820658
3736.821658
3736.82266
3736.823659
3736.824659
3736.825659
3736.826659
3736.827659
3736.828658
3736.829658
3736.830658
3736.831659
3736.832659
3736.833659
3736.834659
3736.835659
3736.836659
3736.837658
3736.838658
3736.839658
3736.840659
3736.841659
3736.842659
3736.843659
3736.844659
3736.845658
3736.846658
3736.847658
3736.848658
3736.849659
3736.850659
3736.851659
3736.852659
3736.853659
3736.854658
3736.855658
3736.856658
3736.857658
3736.858659
3736.859659
3736.860659
3736.861659
3736.862659
3736.863658
3736.864658
3736.865658
3736.86666
3736.867659
3736.868659
3736.869659
3736.870659
3736.871659
3736.872658
3736.873658
3736.874658
3736.87566
3736.876659
3736.877659
3736.878659
3736.879659
3736.880659
3736.881658
3736.882658
3736.883658
3736.88466
3736.885659
3736.886659
3736.887659
3736.888659
3736.889659
