1482.163895
1482.164895
1482.165896
1482.166896
1482.167896
1482.168896
1482.169896
1482.170896
1482.171895
1482.172895
1482.173895
1482.174896
1482.175896
1482.176896
1482.177896
1482.178896
1482.179895
1482.180895
1482.181895
1482.182895
1482.183896
1482.184896
1482.185896
1482.186896
1482.187896
1482.188895
1482.189895
1482.190895
1482.191895
1482.192896
1482.193896
1482.194896
1482.195896
1482.196896
1482.197895
1482.198895
1482.199895
1482.200897
1482.201896
1482.202896
1482.203896
1482.204896
1482.205896
1482.206895
1482.207895
1482.208895
1482.209897
1482.210896
1482.211896
1482.212896
1482.213896
1482.214896
1482.215895
1482.216895
1482.217895
1482.218897
1482.219896
1482.220896
1482.221896
1482.222896
1482.223896
1482.224895
1482.225895
1482.226895
1482.227896
1482.228896
1482.229896
1482.230896
1482.231896
1482.232896
1482.233895
1482.234895
1482.235895
1482.236896
1482.237896
1482.238896
1482.239896
1482.240896
1482.241895
1482.242895
1482.243895
1482.244895
1482.245896
1482.246896
1482.247896
1482.248896
1482.249896
1482.250895
1482.251895
1482.252895
1482.253895
1482.254896
1482.255896
1482.256896
1482.257896
1482.258896
1482.259895
1482.260895
1482.261895
1482.262897
1482.263896
1482.264896
1482.265896
1482.266896
1482.267896
1482.268895
1482.269895
1482.270895
1482.271897
1482.272896
1482.273896
1482.274896
1482.275896
1482.276896
1482.277895
1482.278895
1482.279895
1482.280897
1482.281896
1482.282896
1482.283896
1482.284896
1482.285896
1482.286895
1482.287895
1482.288895
1482.289896
1482.290896
1482.291896
1482.292896
1482.293896
1482.294896
1482.295895
1482.296895
1482.297895
1482.298896
1482.299896
1482.300896
1482.301896
1482.302896
1482.303895
1482.304895
1482.305895
1482.306895
1482.307896
1482.308896
1482.309896
1482.310896
1482.311896
1482.312895
1482.313895
1482.314895
1482.315895
1482.316896
1482.317896
1482.318896
1482.319896
1482.320896
1482.321895
1482.322895
1482.323895
1482.324897
1482.325896
1482.326896
1482.327896
1482.328896
1482.329896
1482.330895
1482.331895
1482.332895
1482.333897
1482.334896
1482.335896
1482.336896
1482.337896
1482.338896
1482.339895
1482.340895
1482.341895
1482.342897
1482.343896
1482.344896
1482.345896
1482.346896
1482.347896
1482.348895
1482.349895
1482.350895
1482.351896
1482.352896
1482.353896
1482.354896
1482.355896
1482.356896
1482.357895
1482.358895
1482.359895
1482.360896
1482.361896
1482.362896
1482.363896
1482.364896
1482.365895
1482.366895
1482.367895
1482.368895
1482.369896
1482.370896
1482.371896
1482.372896
1482.373896
1482.374895
1482.375895
1482.376895
1482.377895
1482.378896
1482.379896
1482.380896
1482.381896
1482.382896
1482.383895
1482.384895
1482.385895
1482.386897
1482.387896
1482.388896
1482.389896
1482.390896
1482.391896
1482.392895
1482.393895
1482.394895
1482.395897
1482.396896
1482.397896
1482.398896
1482.399896
1482.400896
1482.401895
1482.402895
1482.403895
1482.404897
1482.405896
1482.406896
1482.407896
1482.408896
1482.409896
1482.410895
1482.411895
1482.412895
1482.413896
1482.414896
1482.415896
1482.416896
1482.417896
1482.418896
1482.419895
1482.420895
1482.421895
1482.422896
1482.423896
1482.424896
1482.425896
1482.426896
1482.427895
1482.428895
1482.429895
1482.430895
1482.431896
1482.432896
1482.433896
1482.434896
1482.435896
1482.436895
1482.437895
1482.438895
1482.439895
1482.440896
1482.441896
1482.442896
1482.443896
1482.444896
1482.445895
1482.446895
1482.447895
1482.448897
1482.449896
1482.450896
1482.451896
1482.452896
1482.453896
1482.454895
1482.455895
1482.456895
1482.457897
1482.458896
1482.459896
1482.460896
1482.461896
1482.462896
1482.463895
1482.464895
1482.465895
1482.466897
1482.467896
1482.468896
1482.469896
1482.470896
1482.471896
1482.472895
1482.473895
1482.474895
1482.475896
1482.476896
1482.477896
1482.478896
1482.479896
1482.480896
1482.481895
1482.482895
1482.483895
1482.484896
1482.485896
1482.486896
1482.487896
1482.488896
1482.489895
1482.490895
1482.491895
1482.492895
1482.493896
1482.494896
1482.495896
1482.496896
1482.497896
1482.498895
1482.499895
1482.500895
1482.501895
1482.502896
1482.503896
1482.504896
1482.505896
1482.506896
1482.507895
1482.508895
1482.509895
1482.510897
1482.511896
1482.512896
1482.513896
1482.514896
1482.515896
1482.516895
1482.517895
1482.518895
1482.519897
1482.520896
1482.521896
1482.522896
1482.523896
1482.524896
1482.525895
1482.526895
1482.527895
1482.528897
1482.529896
1482.530896
1482.531896
1482.532896
1482.533896
1482.534895
1482.535895
1482.536895
1482.537896
1482.538896
1482.539896
1482.540896
1482.541896
1482.542896
1482.543895
1482.544895
1482.545895
1482.546896
1482.547896
1482.548896
1482.549896
1482.550896
1482.551895
1482.552895
1482.553895
1482.554895
1482.555896
1482.556896
1482.557896
1482.558896
1482.559896
1482.560895
1482.561895
1482.562895
1482.563895
1482.564896
1482.565896
1482.566896
1482.567896
1482.568896
1482.569895
1482.570895
1482.571895
1482.572897
1482.573896
1482.574896
1482.575896
1482.576896
1482.577896
1482.578895
1482.579895
1482.580895
1482.581897
1482.582896
1482.583896
1482.584896
1482.585896
1482.586896
1482.587895
1482.588895
1482.589895
1482.590897
1482.591896
1482.592896
1482.593896
1482.594896
1482.595896
1482.596895
1482.597895
1482.598895
1482.599896
1482.600896
1482.601896
1482.602896
1482.603896
1482.604896
1482.605895
1482.606895
1482.607895
1482.608896
1482.609896
1482.610896
1482.611896
1482.612896
1482.613895
1482.614895
1482.615895
1482.616895
1482.617896
1482.618896
1482.619896
1482.620896
1482.621896
1482.622895
1482.623895
1482.624895
1482.625895
1482.626896
1482.627896
1482.628896
1482.629896
1482.630896
1482.631895
1482.632895
1482.633895
1482.634897
1482.635896
1482.636896
1482.637896
1482.638896
1482.639896
1482.640895
1482.641895
1482.642895
1482.643897
1482.644896
1482.645896
1482.646896
1482.647896
1482.648896
1482.649895
1482.650895
1482.651895
1482.652897
1482.653896
1482.654896
1482.655896
1482.656896
1482.657896
1482.658895
1482.659895
1482.660895
1482.661896
1482.662896
1482.663896
1482.664896
1482.665896
1482.666896
1482.667895
1482.668895
1482.669895
1482.670896
1482.671896
1482.672896
1482.673896
1482.674896
1482.675895
1482.676895
1482.677895
1482.678895
1482.679896
1482.680896
1482.681896
1482.682896
1482.683896
1482.684895
1482.685895
1482.686895
1482.687895
1482.688896
1482.689896
1482.690896
1482.691896
1482.692896
1482.693895
1482.694895
1482.695895
1482.696897
1482.697896
1482.698896
1482.699896
1482.700896
1482.701896
1482.702895
1482.703895
1482.704895
1482.705897
1482.706896
1482.707896
1482.708896
1482.709896
1482.710896
1482.711895
1482.712895
1482.713895
1482.714897
1482.715896
1482.716896
1482.717896
1482.718896
1482.719896
1482.720895
1482.721895
1482.722895
1482.723896
1482.724896
1482.725896
1482.726896
1482.727896
1482.728896
1482.729895
1482.730895
1482.731895
1482.732896
1482.733896
1482.734896
1482.735896
1482.736896
1482.737895
1482.738895
1482.739895
1482.740895
1482.741896
1482.742896
1482.743896
1482.744896
1482.745896
1482.746895
1482.747895
1482.748895
1482.749895
1482.750896
1482.751896
1482.752896
1482.753896
1482.754896
1482.755895
1482.756895
1482.757895
1482.758897
1482.759896
1482.760896
1482.761896
1482.762896
1482.763896
1482.764895
1482.765895
1482.766895
1482.767897
1482.768896
1482.769896
1482.770896
1482.771896
1482.772896
1482.773895
1482.774895
1482.775895
1482.776897
1482.777896
1482.778896
1482.779896
1482.780896
1482.781896
1482.782895
1482.783895
1482.784895
1482.785896
1482.786896
1482.787896
1482.788896
1482.789896
1482.790896
1482.791895
1482.792895
1482.793895
1482.794896
1482.795896
1482.796896
1482.797896
1482.798896
1482.799895
1482.800895
1482.801895
1482.802895
1482.803896
1482.804896
1482.805896
1482.806896
1482.807896
1482.808895
1482.809895
1482.810895
1482.811895
1482.812896
1482.813896
1482.814896
1482.815896
1482.816896
1482.817895
1482.818895
1482.819895
1482.820897
1482.821896
1482.822896
1482.823896
1482.824896
1482.825896
1482.826895
1482.827895
1482.828895
1482.829897
1482.830896
1482.831896
1482.832896
1482.833896
1482.834896
1482.835895
1482.836895
1482.837895
1482.838897
1482.839896
1482.840896
1482.841896
1482.842896
1482.843896
1482.844895
1482.845895
1482.846895
1482.847896
1482.848896
1482.849896
1482.850896
1482.851896
1482.852896
1482.853895
1482.854895
1482.855895
1482.856896
1482.857896
1482.858896
1482.859896
1482.860896
1482.861895
1482.862895
1482.863895
1482.864895
1482.865896
1482.866896
1482.867896
1482.868896
1482.869896
1482.870895
1482.871895
1482.872895
1482.873895
1482.874896
1482.875896
1482.876896
1482.877896
1482.878896
1482.879895
1482.880895
1482.881895
1482.882897
1482.883896
1482.884896
1482.885896
1482.886896
1482.887896
1482.888895
1482.889895
1482.890895
1482.891897
1482.892896
1482.893896
1482.894896
1482.895896
1482.896896
1482.897895
1482.898895
1482.899895
1482.900897
1482.901896
1482.902896
1482.903896
1482.904896
1482.905896
1482.906895
1482.907895
1482.908895
1482.909896
1482.910896
1482.911896
1482.912896
1482.913896
1482.914896
1482.915895
1482.916895
1482.917895
1482.918896
1482.919896
1482.920896
1482.921896
1482.922896
1482.923895
1482.924895
1482.925895
1482.926895
1482.927896
1482.928896
1482.929896
1482.930896
1482.931896
1482.932895
1482.933895
1482.934895
1482.935895
1482.936896
1482.937896
1482.938896
1482.939896
1482.940896
1482.941895
1482.942895
1482.943895
1482.944897
1482.945896
1482.946896
1482.947896
1482.948896
1482.949896
1482.950895
1482.951895
1482.952895
1482.953897
1482.954896
1482.955896
1482.956896
1482.957896
1482.958896
1482.959895
1482.960895
1482.961895
1482.962897
1482.963896
1482.964896
1482.965896
1482.966896
1482.967896
1482.968895
1482.969895
1482.970895
1482.971896
1482.972896
1482.973896
1482.974896
1482.975896
1482.976896
1482.977895
1482.978895
1482.979895
1482.980896
1482.981896
1482.982896
1482.983896
1482.984896
1482.985895
1482.986895
1482.987895
1482.988895
1482.989896
1482.990896
1482.991896
1482.992896
1482.993896
1482.994895
1482.995895
1482.996895
1482.997895
1482.998896
1482.999896
1483.000896
1483.001896
1483.002896
1483.003895
1483.004895
1483.005895
1483.006897
1483.007896
1483.008896
1483.009896
1483.010896
1483.011896
1483.012895
1483.013895
1483.014895
1483.015897
1483.016896
1483.017896
1483.018896
1483.019896
1483.020896
1483.021895
1483.022895
1483.023895
1483.024897
1483.025896
1483.026896
1483.027896
1483.028896
1483.029896
1483.030895
1483.031895
1483.032895
1483.033896
1483.034896
1483.035896
1483.036896
1483.037896
1483.038896
1483.039895
1483.040895
1483.041895
1483.042896
1483.043896
1483.044896
1483.045896
1483.046896
1483.047895
1483.048895
1483.049895
1483.050895
1483.051896
1483.052896
1483.053896
1483.054896
1483.055896
1483.056895
1483.057895
1483.058895
1483.059895
1483.060896
1483.061896
1483.062896
1483.063896
1483.064896
1483.065895
1483.066895
1483.067895
1483.068897
1483.069896
1483.070896
1483.071896
1483.072896
1483.073896
1483.074895
1483.075895
1483.076895
1483.077897
1483.078896
1483.079896
1483.080896
1483.081896
1483.082896
1483.083895
1483.084895
1483.085895
1483.086897
1483.087896
1483.088896
1483.089896
1483.090896
1483.091896
1483.092895
1483.093895
1483.094895
1483.095896
1483.096896
1483.097896
1483.098896
1483.099896
1483.100896
1483.101895
1483.102895
1483.103895
1483.104896
1483.105896
1483.106896
1483.107896
1483.108896
1483.109895
1483.110895
1483.111895
1483.112895
1483.113896
1483.114896
1483.115896
1483.116896
1483.117896
1483.118895
1483.119895
1483.120895
1483.121895
1483.122896
1483.123896
1483.124896
1483.125896
1483.126896
1483.127895
1483.128895
1483.129895
1483.130897
1483.131896
1483.132896
1483.133896
1483.134896
1483.135896
1483.136895
1483.137895
1483.138895
1483.139897
1483.140896
1483.141896
1483.142896
1483.143896
1483.144896
1483.145895
1483.146895
1483.147895
1483.148897
1483.149896
1483.150896
1483.151896
1483.152896
1483.153896
1483.154895
1483.155895
1483.156895
1483.157896
1483.158896
1483.159896
1483.160896
1483.161896
1483.162896
1483.163895
1483.164895
1483.165895
1483.166896
1483.167896
1483.168896
1483.169896
1483.170896
1483.171895
1483.172895
1483.173895
1483.174895
1483.175896
1483.176896
1483.177896
1483.178896
1483.179896
1483.180895
1483.181895
1483.182895
1483.183895
1483.184896
1483.185896
1483.186896
1483.187896
1483.188896
1483.189895
1483.190895
1483.191895
1483.192897
1483.193896
1483.194896
1483.195896
1483.196896
1483.197896
1483.198895
1483.199895
1483.200895
1483.201897
1483.202896
1483.203896
1483.204896
1483.205896
1483.206896
1483.207895
1483.208895
1483.209895
1483.210897
1483.211896
1483.212896
1483.213896
1483.214896
1483.215896
1483.216895
1483.217895
1483.218895
1483.219896
1483.220896
1483.221896
1483.222896
1483.223896
1483.224896
1483.225895
1483.226895
1483.227895
1483.228896
1483.229896
1483.230896
1483.231896
1483.232896
1483.233895
1483.234895
1483.235895
1483.236895
1483.237896
1483.238896
1483.239896
1483.240896
1483.241896
1483.242895
1483.243895
1483.244895
1483.245895
1483.246896
1483.247896
1483.248896
1483.249896
1483.250896
1483.251895
1483.252895
1483.253895
1483.254897
1483.255896
1483.256896
1483.257896
1483.258896
1483.259896
1483.260895
1483.261895
1483.262895
1483.263897
1483.264896
1483.265896
1483.266896
1483.267896
1483.268896
1483.269895
1483.270895
1483.271895
1483.272897
1483.273896
1483.274896
1483.275896
1483.276896
1483.277896
1483.278895
1483.279895
1483.280895
1483.281896
1483.282896
1483.283896
1483.284896
1483.285896
1483.286896
1483.287895
1483.288895
1483.289895
1483.290896
1483.291896
1483.292896
1483.293896
1483.294896
1483.295895
1483.296895
1483.297895
1483.298895
1483.299896
1483.300896
1483.301896
1483.302896
1483.303896
1483.304895
1483.305895
1483.306895
1483.307895
1483.308896
1483.309896
1483.310896
1483.311896
1483.312896
1483.313895
1483.314895
1483.315895
1483.316897
1483.317896
1483.318896
1483.319896
1483.320896
1483.321896
1483.322895
1483.323895
1483.324895
1483.325897
1483.326896
1483.327896
1483.328896
1483.329896
1483.330896
1483.331895
1483.332895
1483.333895
1483.334897
1483.335896
1483.336896
1483.337896
1483.338896
1483.339896
1483.340895
1483.341895
1483.342895
1483.343896
1483.344896
1483.345896
1483.346896
1483.347896
1483.348896
1483.349895
1483.350895
1483.351895
1483.352896
1483.353896
1483.354896
1483.355896
1483.356896
1483.357895
1483.358895
1483.359895
1483.360895
1483.361896
1483.362896
1483.363896
1483.364896
1483.365896
1483.366895
1483.367895
1483.368895
1483.369895
1483.370896
1483.371896
1483.372896
1483.373896
1483.374896
1483.375895
1483.376895
1483.377895
1483.378897
1483.379896
1483.380896
1483.381896
1483.382896
1483.383896
1483.384895
1483.385895
1483.386895
1483.387897
1483.388896
1483.389896
1483.390896
1483.391896
1483.392896
1483.393895
1483.394895
1483.395895
1483.396897
1483.397896
1483.398896
1483.399896
1483.400896
1483.401896
1483.402895
1483.403895
1483.404895
1483.405896
1483.406896
1483.407896
1483.408896
1483.409896
1483.410896
1483.411895
1483.412895
1483.413895
1483.414896
1483.415896
1483.416896
1483.417896
1483.418896
1483.419895
1483.420895
1483.421895
1483.422895
1483.423896
1483.424896
1483.425896
1483.426896
1483.427896
1483.428895
1483.429895
1483.430895
1483.431897
1483.432896
1483.433896
1483.434896
1483.435896
1483.436896
1483.437895
1483.438895
1483.439895
1483.440897
1483.441896
1483.442896
1483.443896
1483.444896
1483.445896
1483.446895
1483.447895
1483.448895
1483.449897
1483.450896
1483.451896
1483.452896
1483.453896
1483.454896
1483.455895
1483.456895
1483.457895
1483.458897
1483.459896
1483.460896
1483.461896
1483.462896
1483.463896
1483.464895
1483.465895
1483.466895
1483.467896
1483.468896
1483.469896
1483.470896
1483.471896
1483.472896
1483.473895
1483.474895
1483.475895
1483.476896
1483.477896
1483.478896
1483.479896
1483.480896
1483.481895
1483.482895
1483.483895
1483.484895
1483.485896
1483.486896
1483.487896
1483.488896
1483.489896
1483.490895
1483.491895
1483.492895
1483.493895
1483.494896
1483.495896
1483.496896
1483.497896
1483.498896
1483.499895
1483.500895
1483.501895
1483.502897
1483.503896
1483.504896
1483.505896
1483.506896
1483.507896
1483.508895
1483.509895
1483.510895
1483.511897
1483.512896
1483.513896
1483.514896
1483.515896
1483.516896
1483.517895
1483.518895
1483.519895
1483.520897
1483.521896
1483.522896
1483.523896
1483.524896
1483.525896
1483.526895
1483.527895
1483.528895
1483.529896
1483.530896
1483.531896
1483.532896
1483.533896
1483.534896
1483.535895
1483.536895
1483.537895
1483.538896
1483.539896
1483.540896
1483.541896
1483.542896
1483.543895
1483.544895
1483.545895
1483.546895
1483.547896
1483.548896
1483.549896
1483.550896
1483.551896
1483.552895
1483.553895
1483.554895
1483.555895
1483.556896
1483.557896
1483.558896
1483.559896
1483.560896
1483.561895
1483.562895
1483.563895
1483.564897
1483.565896
1483.566896
1483.567896
1483.568896
1483.569896
1483.570895
1483.571895
1483.572895
1483.573897
1483.574896
1483.575896
1483.576896
1483.577896
1483.578896
1483.579895
1483.580895
1483.581895
1483.582897
1483.583896
1483.584896
1483.585896
1483.586896
1483.587896
1483.588895
1483.589895
1483.590895
1483.591896
1483.592896
1483.593896
1483.594896
1483.595896
1483.596896
1483.597895
1483.598895
1483.599895
1483.600896
1483.601896
1483.602896
1483.603896
1483.604896
1483.605895
1483.606895
1483.607895
1483.608895
1483.609896
1483.610896
1483.611896
1483.612896
1483.613896
1483.614895
1483.615895
1483.616895
1483.617895
1483.618896
1483.619896
1483.620896
1483.621896
1483.622896
1483.623895
1483.624895
1483.625895
1483.626897
1483.627896
1483.628896
1483.629896
1483.630896
1483.631896
1483.632895
1483.633895
1483.634895
1483.635897
1483.636896
1483.637896
1483.638896
1483.639896
1483.640896
1483.641895
1483.642895
1483.643895
1483.644897
1483.645896
1483.646896
1483.647896
1483.648896
1483.649896
1483.650895
1483.651895
1483.652895
1483.653896
1483.654896
1483.655896
1483.656896
1483.657896
1483.658896
1483.659895
1483.660895
1483.661895
1483.662896
1483.663896
1483.664896
1483.665896
1483.666896
1483.667895
1483.668895
1483.669895
1483.670895
1483.671896
1483.672896
1483.673896
1483.674896
1483.675896
1483.676895
1483.677895
1483.678895
1483.679895
1483.680896
1483.681896
1483.682896
1483.683896
1483.684896
1483.685895
1483.686895
1483.687895
1483.688897
1483.689896
1483.690896
1483.691896
1483.692896
1483.693896
1483.694895
1483.695895
1483.696895
1483.697897
1483.698896
1483.699896
1483.700896
1483.701896
1483.702896
1483.703895
1483.704895
1483.705895
1483.706897
1483.707896
1483.708896
1483.709896
1483.710896
1483.711896
1483.712895
1483.713895
1483.714895
1483.715896
1483.716896
1483.717896
1483.718896
1483.719896
1483.720896
1483.721895
1483.722895
1483.723895
1483.724896
1483.725896
1483.726896
1483.727896
1483.728896
1483.729895
1483.730895
1483.731895
1483.732895
1483.733896
1483.734896
1483.735896
1483.736896
1483.737896
1483.738895
1483.739895
1483.740895
1483.741897
1483.742896
1483.743896
1483.744896
1483.745896
1483.746896
1483.747895
1483.748895
1483.749895
1483.750897
1483.751896
1483.752896
1483.753896
1483.754896
1483.755896
1483.756895
1483.757895
1483.758895
1483.759897
1483.760896
1483.761896
1483.762896
1483.763896
1483.764896
1483.765895
1483.766895
1483.767895
1483.768897
1483.769896
1483.770896
1483.771896
1483.772896
1483.773896
1483.774895
1483.775895
1483.776895
1483.777896
1483.778896
1483.779896
1483.780896
1483.781896
1483.782896
1483.783895
1483.784895
1483.785895
1483.786896
1483.787896
1483.788896
1483.789896
1483.790896
1483.791895
1483.792895
1483.793895
1483.794895
1483.795896
1483.796896
1483.797896
1483.798896
1483.799896
1483.800895
1483.801895
1483.802895
1483.803895
1483.804896
1483.805896
1483.806896
1483.807896
1483.808896
1483.809895
1483.810895
1483.811895
1483.812897
1483.813896
1483.814896
1483.815896
1483.816896
1483.817896
1483.818895
1483.819895
1483.820895
1483.821897
1483.822896
1483.823896
1483.824896
1483.825896
1483.826896
1483.827895
1483.828895
1483.829895
1483.830897
1483.831896
1483.832896
1483.833896
1483.834896
1483.835896
1483.836895
1483.837895
1483.838895
1483.839896
1483.840896
1483.841896
1483.842896
1483.843896
1483.844896
1483.845895
1483.846895
1483.847895
1483.848896
1483.849896
1483.850896
1483.851896
1483.852896
1483.853895
1483.854895
1483.855895
1483.856895
1483.857896
1483.858896
1483.859896
1483.860896
1483.861896
1483.862895
1483.863895
1483.864895
1483.865895
1483.866896
1483.867896
1483.868896
1483.869896
1483.870896
1483.871895
1483.872895
1483.873895
1483.874897
1483.875896
1483.876896
1483.877896
1483.878896
1483.879896
1483.880895
1483.881895
1483.882895
1483.883897
1483.884896
1483.885896
1483.886896
1483.887896
1483.888896
1483.889895
1483.890895
1483.891895
1483.892897
1483.893896
1483.894896
1483.895896
1483.896896
1483.897896
1483.898895
1483.899895
1483.900895
1483.901896
1483.902896
1483.903896
1483.904896
1483.905896
1483.906896
1483.907895
1483.908895
1483.909895
1483.910896
1483.911896
1483.912896
1483.913896
1483.914896
1483.915895
1483.916895
1483.917895
1483.918895
1483.919896
1483.920896
1483.921896
1483.922896
1483.923896
1483.924895
1483.925895
1483.926895
1483.927897
1483.928896
1483.929896
1483.930896
1483.931896
1483.932896
1483.933895
1483.934895
1483.935895
1483.936897
1483.937896
1483.938896
1483.939896
1483.940896
1483.941896
1483.942895
1483.943895
1483.944895
1483.945897
1483.946896
1483.947896
1483.948896
1483.949896
1483.950896
1483.951895
1483.952895
1483.953895
1483.954897
1483.955896
1483.956896
1483.957896
1483.958896
1483.959896
1483.960895
1483.961895
1483.962895
1483.963896
1483.964896
1483.965896
1483.966896
1483.967896
1483.968896
1483.969895
1483.970895
1483.971895
1483.972896
1483.973896
1483.974896
1483.975896
1483.976896
1483.977895
1483.978895
1483.979895
1483.980895
1483.981896
1483.982896
1483.983896
1483.984896
1483.985896
1483.986895
1483.987895
1483.988895
1483.989897
1483.990896
1483.991896
1483.992896
1483.993896
1483.994896
1483.995895
1483.996895
1483.997895
1483.998897
1483.999896
1484.000896
1484.001896
1484.002896
1484.003896
1484.004895
1484.005895
1484.006895
1484.007897
1484.008896
1484.009896
1484.010896
1484.011896
1484.012896
1484.013895
1484.014895
1484.015895
1484.016897
1484.017896
1484.018896
1484.019896
1484.020896
1484.021896
1484.022895
1484.023895
1484.024895
1484.025896
1484.026896
1484.027896
1484.028896
1484.029896
1484.030896
1484.031895
1484.032895
1484.033895
1484.034896
1484.035896
1484.036896
1484.037896
1484.038896
1484.039895
1484.040895
1484.041895
1484.042895
1484.043896
1484.044896
1484.045896
1484.046896
1484.047896
1484.048895
1484.049895
1484.050895
1484.051897
1484.052896
1484.053896
1484.054896
1484.055896
1484.056896
1484.057895
1484.058895
1484.059895
1484.060897
1484.061896
1484.062896
1484.063896
1484.064896
1484.065896
1484.066895
1484.067895
1484.068895
1484.069897
1484.070896
1484.071896
1484.072896
1484.073896
1484.074896
1484.075895
1484.076895
1484.077895
1484.078897
1484.079896
1484.080896
1484.081896
1484.082896
1484.083896
1484.084895
1484.085895
1484.086895
1484.087896
1484.088896
1484.089896
1484.090896
1484.091896
1484.092896
1484.093895
1484.094895
1484.095895
1484.096896
1484.097896
1484.098896
1484.099896
1484.100896
1484.101895
1484.102895
1484.103895
1484.104895
1484.105896
1484.106896
1484.107896
1484.108896
1484.109896
1484.110895
1484.111895
1484.112895
1484.113897
1484.114896
1484.115896
1484.116896
1484.117896
1484.118896
1484.119895
1484.120895
1484.121895
1484.122897
1484.123896
1484.124896
1484.125896
1484.126896
1484.127896
1484.128895
1484.129895
1484.130895
1484.131897
1484.132896
1484.133896
1484.134896
1484.135896
1484.136896
1484.137895
1484.138895
1484.139895
1484.140897
1484.141896
1484.142896
1484.143896
1484.144896
1484.145896
1484.146895
1484.147895
1484.148895
1484.149896
1484.150896
1484.151896
1484.152896
1484.153896
1484.154896
1484.155895
1484.156895
1484.157895
1484.158896
1484.159896
1484.160896
1484.161896
1484.162896
1484.163895
1484.164895
1484.165895
1484.166895
1484.167896
1484.168896
1484.169896
1484.170896
1484.171896
1484.172895
1484.173895
1484.174895
1484.175895
1484.176896
1484.177896
1484.178896
1484.179896
1484.180896
1484.181895
1484.182895
1484.183895
1484.184897
1484.185896
1484.186896
1484.187896
1484.188896
1484.189896
1484.190895
1484.191895
1484.192895
1484.193897
1484.194896
1484.195896
1484.196896
1484.197896
1484.198896
1484.199895
1484.200895
1484.201895
1484.202897
1484.203896
1484.204896
1484.205896
1484.206896
1484.207896
1484.208895
1484.209895
1484.210895
1484.211896
1484.212896
1484.213896
1484.214896
1484.215896
1484.216896
1484.217895
1484.218895
1484.219895
1484.220896
1484.221896
1484.222896
1484.223896
1484.224896
1484.225895
1484.226895
1484.227895
1484.228895
1484.229896
1484.230896
1484.231896
1484.232896
1484.233896
1484.234895
1484.235895
1484.236895
1484.237895
1484.238896
1484.239896
1484.240896
1484.241896
1484.242896
1484.243895
1484.244895
1484.245895
1484.246897
1484.247896
1484.248896
1484.249896
1484.250896
1484.251896
1484.252895
1484.253895
1484.254895
1484.255897
1484.256896
1484.257896
1484.258896
1484.259896
1484.260896
1484.261895
1484.262895
1484.263895
1484.264897
1484.265896
1484.266896
1484.267896
1484.268896
1484.269896
1484.270895
1484.271895
1484.272895
1484.273896
1484.274896
1484.275896
1484.276896
1484.277896
1484.278896
1484.279895
1484.280895
1484.281895
1484.282896
1484.283896
1484.284896
1484.285896
1484.286896
1484.287895
1484.288895
1484.289895
1484.290895
1484.291896
1484.292896
1484.293896
1484.294896
1484.295896
1484.296895
1484.297895
1484.298895
1484.299895
1484.300896
1484.301896
1484.302896
1484.303896
1484.304896
1484.305895
1484.306895
1484.307895
1484.308897
1484.309896
1484.310896
1484.311896
1484.312896
1484.313896
1484.314895
1484.315895
1484.316895
1484.317897
1484.318896
1484.319896
1484.320896
1484.321896
1484.322896
1484.323895
1484.324895
1484.325895
1484.326897
1484.327896
1484.328896
1484.329896
1484.330896
1484.331896
1484.332895
1484.333895
1484.334895
1484.335896
1484.336896
1484.337896
1484.338896
1484.339896
1484.340896
1484.341895
1484.342895
1484.343895
1484.344896
1484.345896
1484.346896
1484.347896
1484.348896
1484.349895
1484.350895
1484.351895
1484.352895
1484.353896
1484.354896
1484.355896
1484.356896
1484.357896
1484.358895
1484.359895
1484.360895
1484.361895
1484.362896
1484.363896
1484.364896
1484.365896
1484.366896
1484.367895
1484.368895
1484.369895
1484.370897
1484.371896
1484.372896
1484.373896
1484.374896
1484.375896
1484.376895
1484.377895
1484.378895
1484.379897
1484.380896
1484.381896
1484.382896
1484.383896
1484.384896
1484.385895
1484.386895
1484.387895
1484.388897
1484.389896
1484.390896
1484.391896
1484.392896
1484.393896
1484.394895
1484.395895
1484.396895
1484.397896
1484.398896
1484.399896
1484.400896
1484.401896
1484.402896
1484.403895
1484.404895
1484.405895
1484.406896
1484.407896
1484.408896
1484.409896
1484.410896
1484.411895
1484.412895
1484.413895
1484.414895
1484.415896
1484.416896
1484.417896
1484.418896
1484.419896
1484.420895
1484.421895
1484.422895
1484.423895
1484.424896
1484.425896
1484.426896
1484.427896
1484.428896
1484.429895
1484.430895
1484.431895
1484.432897
1484.433896
1484.434896
1484.435896
1484.436896
1484.437896
1484.438895
1484.439895
1484.440895
1484.441897
1484.442896
1484.443896
1484.444896
1484.445896
1484.446896
1484.447895
1484.448895
1484.449895
1484.450897
1484.451896
1484.452896
1484.453896
1484.454896
1484.455896
1484.456895
1484.457895
1484.458895
1484.459896
1484.460896
1484.461896
1484.462896
1484.463896
1484.464896
1484.465895
1484.466895
1484.467895
1484.468896
1484.469896
1484.470896
1484.471896
1484.472896
1484.473895
1484.474895
1484.475895
1484.476895
1484.477896
1484.478896
1484.479896
1484.480896
1484.481896
1484.482895
1484.483895
1484.484895
1484.485895
1484.486896
1484.487896
1484.488896
1484.489896
1484.490896
1484.491895
1484.492895
1484.493895
1484.494897
1484.495896
1484.496896
1484.497896
1484.498896
1484.499896
1484.500895
1484.501895
1484.502895
1484.503897
1484.504896
1484.505896
1484.506896
1484.507896
1484.508896
1484.509895
1484.510895
1484.511895
1484.512897
1484.513896
1484.514896
1484.515896
1484.516896
1484.517896
1484.518895
1484.519895
1484.520895
1484.521896
1484.522896
1484.523896
1484.524896
1484.525896
1484.526896
1484.527895
1484.528895
1484.529895
1484.530896
1484.531896
1484.532896
1484.533896
1484.534896
1484.535895
1484.536895
1484.537895
1484.538895
1484.539896
1484.540896
1484.541896
1484.542896
1484.543896
1484.544895
1484.545895
1484.546895
1484.547895
1484.548896
1484.549896
1484.550896
1484.551896
1484.552896
1484.553895
1484.554895
1484.555895
1484.556897
1484.557896
1484.558896
1484.559896
1484.560896
1484.561896
1484.562895
1484.563895
1484.564895
1484.565897
1484.566896
1484.567896
1484.568896
1484.569896
1484.570896
1484.571895
1484.572895
1484.573895
1484.574897
1484.575896
1484.576896
1484.577896
1484.578896
1484.579896
1484.580895
1484.581895
1484.582895
1484.583896
1484.584896
1484.585896
1484.586896
1484.587896
1484.588896
1484.589895
1484.590895
1484.591895
1484.592896
1484.593896
1484.594896
1484.595896
1484.596896
1484.597895
1484.598895
1484.599895
1484.600895
1484.601896
1484.602896
1484.603896
1484.604896
1484.605896
1484.606895
1484.607895
1484.608895
1484.609895
1484.610896
1484.611896
1484.612896
1484.613896
1484.614896
1484.615895
1484.616895
1484.617895
1484.618897
1484.619896
1484.620896
1484.621896
1484.622896
1484.623896
1484.624895
1484.625895
1484.626895
1484.627897
1484.628896
1484.629896
1484.630896
1484.631896
1484.632896
1484.633895
1484.634895
1484.635895
1484.636897
1484.637896
1484.638896
1484.639896
1484.640896
1484.641896
1484.642895
1484.643895
1484.644895
1484.645896
1484.646896
1484.647896
1484.648896
1484.649896
1484.650896
1484.651895
1484.652895
1484.653895
1484.654896
1484.655896
1484.656896
1484.657896
1484.658896
1484.659895
1484.660895
1484.661895
1484.662895
1484.663896
1484.664896
1484.665896
1484.666896
1484.667896
1484.668895
1484.669895
1484.670895
1484.671895
1484.672896
1484.673896
1484.674896
1484.675896
1484.676896
1484.677895
1484.678895
1484.679895
1484.680897
1484.681896
1484.682896
1484.683896
1484.684896
1484.685896
1484.686895
1484.687895
1484.688895
1484.689897
1484.690896
1484.691896
1484.692896
1484.693896
1484.694896
1484.695895
1484.696895
1484.697895
1484.698897
1484.699896
1484.700896
1484.701896
1484.702896
1484.703896
1484.704895
1484.705895
1484.706895
1484.707896
1484.708896
1484.709896
1484.710896
1484.711896
1484.712896
1484.713895
1484.714895
1484.715895
1484.716896
1484.717896
1484.718896
1484.719896
1484.720896
1484.721895
1484.722895
1484.723895
1484.724895
1484.725896
1484.726896
1484.727896
1484.728896
1484.729896
1484.730895
1484.731895
1484.732895
1484.733895
1484.734896
1484.735896
1484.736896
1484.737896
1484.738896
1484.739895
1484.740895
1484.741895
1484.742897
1484.743896
1484.744896
1484.745896
1484.746896
1484.747896
1484.748895
1484.749895
1484.750895
1484.751897
1484.752896
1484.753896
1484.754896
1484.755896
1484.756896
1484.757895
1484.758895
1484.759895
1484.760897
1484.761896
1484.762896
1484.763896
1484.764896
1484.765896
1484.766895
1484.767895
1484.768895
1484.769896
1484.770896
1484.771896
1484.772896
1484.773896
1484.774896
1484.775895
1484.776895
1484.777895
1484.778896
1484.779896
1484.780896
1484.781896
1484.782896
1484.783895
1484.784895
1484.785895
1484.786895
1484.787896
1484.788896
1484.789896
1484.790896
1484.791896
1484.792895
1484.793895
1484.794895
1484.795895
1484.796896
1484.797896
1484.798896
1484.799896
1484.800896
1484.801895
1484.802895
1484.803895
1484.804897
1484.805896
1484.806896
1484.807896
1484.808896
1484.809896
1484.810895
1484.811895
1484.812895
1484.813897
1484.814896
1484.815896
1484.816896
1484.817896
1484.818896
1484.819895
1484.820895
1484.821895
1484.822897
1484.823896
1484.824896
1484.825896
1484.826896
1484.827896
1484.828895
1484.829895
1484.830895
1484.831896
1484.832896
1484.833896
1484.834896
1484.835896
1484.836896
1484.837895
1484.838895
1484.839895
1484.840896
1484.841896
1484.842896
1484.843896
1484.844896
1484.845895
1484.846895
1484.847895
1484.848895
1484.849896
1484.850896
1484.851896
1484.852896
1484.853896
1484.854895
1484.855895
1484.856895
1484.857895
1484.858896
1484.859896
1484.860896
1484.861896
1484.862896
1484.863895
1484.864895
1484.865895
1484.866897
1484.867896
1484.868896
1484.869896
1484.870896
1484.871896
1484.872895
1484.873895
1484.874895
1484.875897
1484.876896
1484.877896
1484.878896
1484.879896
1484.880896
1484.881895
1484.882895
1484.883895
1484.884897
1484.885896
1484.886896
1484.887896
1484.888896
1484.889896
1484.890895
1484.891895
1484.892895
1484.893896
1484.894896
1484.895896
1484.896896
1484.897896
1484.898896
1484.899895
1484.900895
1484.901895
1484.902896
1484.903896
1484.904896
1484.905896
1484.906896
1484.907895
1484.908895
1484.909895
1484.910895
1484.911896
1484.912896
1484.913896
1484.914896
1484.915896
1484.916895
1484.917895
1484.918895
1484.919895
1484.920896
1484.921896
1484.922896
1484.923896
1484.924896
1484.925895
1484.926895
1484.927895
1484.928897
1484.929896
1484.930896
1484.931896
1484.932896
1484.933896
1484.934895
1484.935895
1484.936895
1484.937897
1484.938896
1484.939896
1484.940896
1484.941896
1484.942896
1484.943895
1484.944895
1484.945895
1484.946897
1484.947896
1484.948896
1484.949896
1484.950896
1484.951896
1484.952895
1484.953895
1484.954895
1484.955896
1484.956896
1484.957896
1484.958896
1484.959896
1484.960896
1484.961895
1484.962895
1484.963895
1484.964896
1484.965896
1484.966896
1484.967896
1484.968896
1484.969895
1484.970895
1484.971895
1484.972895
1484.973896
1484.974896
1484.975896
1484.976896
1484.977896
1484.978895
1484.979895
1484.980895
1484.981895
1484.982896
1484.983896
1484.984896
1484.985896
1484.986896
1484.987895
1484.988895
1484.989895
1484.990897
1484.991896
1484.992896
1484.993896
1484.994896
1484.995896
1484.996895
1484.997895
1484.998895
1484.999897
1485.000896
1485.001896
1485.002896
1485.003896
1485.004896
1485.005895
1485.006895
1485.007895
1485.008897
1485.009896
1485.010896
1485.011896
1485.012896
1485.013896
1485.014895
1485.015895
1485.016895
1485.017896
1485.018896
1485.019896
1485.020896
1485.021896
1485.022896
1485.023895
1485.024895
1485.025895
1485.026896
1485.027896
1485.028896
1485.029896
1485.030896
1485.031895
1485.032895
1485.033895
1485.034895
1485.035896
1485.036896
1485.037896
1485.038896
1485.039896
1485.040895
1485.041895
1485.042895
1485.043895
1485.044896
1485.045896
1485.046896
1485.047896
1485.048896
1485.049895
1485.050895
1485.051895
1485.052897
1485.053896
1485.054896
1485.055896
1485.056896
1485.057896
1485.058895
1485.059895
1485.060895
1485.061897
1485.062896
1485.063896
1485.064896
1485.065896
1485.066896
1485.067895
1485.068895
1485.069895
1485.070897
1485.071896
1485.072896
1485.073896
1485.074896
1485.075896
1485.076895
1485.077895
1485.078895
1485.079896
1485.080896
1485.081896
1485.082896
1485.083896
1485.084896
1485.085895
1485.086895
1485.087895
1485.088896
1485.089896
1485.090896
1485.091896
1485.092896
1485.093895
1485.094895
1485.095895
1485.096895
1485.097896
1485.098896
1485.099896
1485.100896
1485.101896
1485.102895
1485.103895
1485.104895
1485.105895
1485.106896
1485.107896
1485.108896
1485.109896
1485.110896
1485.111895
1485.112895
1485.113895
1485.114897
1485.115896
1485.116896
1485.117896
1485.118896
1485.119896
1485.120895
1485.121895
1485.122895
1485.123897
1485.124896
1485.125896
1485.126896
1485.127896
1485.128896
1485.129895
1485.130895
1485.131895
1485.132897
1485.133896
1485.134896
1485.135896
1485.136896
1485.137896
1485.138895
1485.139895
1485.140895
1485.141896
1485.142896
1485.143896
1485.144896
1485.145896
1485.146896
1485.147895
1485.148895
1485.149895
1485.150896
1485.151896
1485.152896
1485.153896
1485.154896
1485.155895
1485.156895
1485.157895
1485.158895
1485.159896
1485.160896
1485.161896
1485.162896
1485.163896
1485.164895
1485.165895
1485.166895
1485.167895
1485.168896
1485.169896
1485.170896
1485.171896
1485.172896
1485.173895
1485.174895
1485.175895
1485.176897
1485.177896
1485.178896
1485.179896
1485.180896
1485.181896
1485.182895
1485.183895
1485.184895
1485.185897
1485.186896
1485.187896
1485.188896
1485.189896
1485.190896
1485.191895
1485.192895
1485.193895
1485.194897
1485.195896
1485.196896
1485.197896
1485.198896
1485.199896
1485.200895
1485.201895
1485.202895
1485.203896
1485.204896
1485.205896
1485.206896
1485.207896
1485.208896
1485.209895
1485.210895
1485.211895
1485.212896
1485.213896
1485.214896
1485.215896
1485.216896
1485.217895
1485.218895
1485.219895
1485.220895
1485.221896
1485.222896
1485.223896
1485.224896
1485.225896
1485.226895
1485.227895
1485.228895
1485.229897
1485.230896
1485.231896
1485.232896
1485.233896
1485.234896
1485.235895
1485.236895
1485.237895
1485.238897
1485.239896
1485.240896
1485.241896
1485.242896
1485.243896
1485.244895
1485.245895
1485.246895
1485.247897
1485.248896
1485.249896
1485.250896
1485.251896
1485.252896
1485.253895
1485.254895
1485.255895
1485.256897
1485.257896
1485.258896
1485.259896
1485.260896
1485.261896
1485.262895
1485.263895
1485.264895
1485.265896
1485.266896
1485.267896
1485.268896
1485.269896
1485.270896
1485.271895
1485.272895
1485.273895
1485.274896
1485.275896
1485.276896
1485.277896
1485.278896
1485.279895
1485.280895
1485.281895
1485.282895
1485.283896
1485.284896
1485.285896
1485.286896
1485.287896
1485.288895
1485.289895
1485.290895
1485.291895
1485.292896
1485.293896
1485.294896
1485.295896
1485.296896
1485.297895
1485.298895
1485.299895
1485.300897
1485.301896
1485.302896
1485.303896
1485.304896
1485.305896
1485.306895
1485.307895
1485.308895
1485.309897
1485.310896
1485.311896
1485.312896
1485.313896
1485.314896
1485.315895
1485.316895
1485.317895
1485.318897
1485.319896
1485.320896
1485.321896
1485.322896
1485.323896
1485.324895
1485.325895
1485.326895
1485.327896
1485.328896
1485.329896
1485.330896
1485.331896
1485.332896
1485.333895
1485.334895
1485.335895
1485.336896
1485.337896
1485.338896
1485.339896
1485.340896
1485.341895
1485.342895
1485.343895
1485.344895
1485.345896
1485.346896
1485.347896
1485.348896
1485.349896
1485.350895
1485.351895
1485.352895
1485.353895
1485.354896
1485.355896
1485.356896
1485.357896
1485.358896
1485.359895
1485.360895
1485.361895
1485.362897
1485.363896
1485.364896
1485.365896
1485.366896
1485.367896
1485.368895
1485.369895
1485.370895
1485.371897
1485.372896
1485.373896
1485.374896
1485.375896
1485.376896
1485.377895
1485.378895
1485.379895
1485.380897
1485.381896
1485.382896
1485.383896
1485.384896
1485.385896
1485.386895
1485.387895
1485.388895
1485.389896
1485.390896
1485.391896
1485.392896
1485.393896
1485.394896
1485.395895
1485.396895
1485.397895
1485.398896
1485.399896
1485.400896
1485.401896
1485.402896
1485.403895
1485.404895
1485.405895
1485.406895
1485.407896
1485.408896
1485.409896
1485.410896
1485.411896
1485.412895
1485.413895
1485.414895
1485.415895
1485.416896
1485.417896
1485.418896
1485.419896
1485.420896
1485.421895
1485.422895
1485.423895
1485.424897
1485.425896
1485.426896
1485.427896
1485.428896
1485.429896
1485.430895
1485.431895
1485.432895
1485.433897
1485.434896
1485.435896
1485.436896
1485.437896
1485.438896
1485.439895
1485.440895
1485.441895
1485.442897
1485.443896
1485.444896
1485.445896
1485.446896
1485.447896
1485.448895
1485.449895
1485.450895
1485.451896
1485.452896
1485.453896
1485.454896
1485.455896
1485.456896
1485.457895
1485.458895
1485.459895
1485.460896
1485.461896
1485.462896
1485.463896
1485.464896
1485.465895
1485.466895
1485.467895
1485.468895
1485.469896
1485.470896
1485.471896
1485.472896
1485.473896
1485.474895
1485.475895
1485.476895
1485.477895
1485.478896
1485.479896
1485.480896
1485.481896
1485.482896
1485.483895
1485.484895
1485.485895
1485.486897
1485.487896
1485.488896
1485.489896
1485.490896
1485.491896
1485.492895
1485.493895
1485.494895
1485.495897
1485.496896
1485.497896
1485.498896
1485.499896
1485.500896
1485.501895
1485.502895
1485.503895
1485.504897
1485.505896
1485.506896
1485.507896
1485.508896
1485.509896
1485.510895
1485.511895
1485.512895
1485.513896
1485.514896
1485.515896
1485.516896
1485.517896
1485.518896
1485.519895
1485.520895
1485.521895
1485.522896
1485.523896
1485.524896
1485.525896
1485.526896
1485.527895
1485.528895
1485.529895
1485.530895
1485.531896
1485.532896
1485.533896
1485.534896
1485.535896
1485.536895
1485.537895
1485.538895
1485.539895
1485.540896
1485.541896
1485.542896
1485.543896
1485.544896
1485.545895
1485.546895
1485.547895
1485.548897
1485.549896
1485.550896
1485.551896
1485.552896
1485.553896
1485.554895
1485.555895
1485.556895
1485.557897
1485.558896
1485.559896
1485.560896
1485.561896
1485.562896
1485.563895
1485.564895
1485.565895
1485.566897
1485.567896
1485.568896
1485.569896
1485.570896
1485.571896
1485.572895
1485.573895
1485.574895
1485.575896
1485.576896
1485.577896
1485.578896
1485.579896
1485.580896
1485.581895
1485.582895
1485.583895
1485.584896
1485.585896
1485.586896
1485.587896
1485.588896
1485.589895
1485.590895
1485.591895
1485.592895
1485.593896
1485.594896
1485.595896
1485.596896
1485.597896
1485.598895
1485.599895
1485.600895
1485.601895
1485.602896
1485.603896
1485.604896
1485.605896
1485.606896
1485.607895
1485.608895
1485.609895
1485.610897
1485.611896
1485.612896
1485.613896
1485.614896
1485.615896
1485.616895
1485.617895
1485.618895
1485.619897
1485.620896
1485.621896
1485.622896
1485.623896
1485.624896
1485.625895
1485.626895
1485.627895
1485.628897
1485.629896
1485.630896
1485.631896
1485.632896
1485.633896
1485.634895
1485.635895
1485.636895
1485.637896
1485.638896
1485.639896
1485.640896
1485.641896
1485.642896
1485.643895
1485.644895
1485.645895
1485.646896
1485.647896
1485.648896
1485.649896
1485.650896
1485.651895
1485.652895
1485.653895
1485.654895
1485.655896
1485.656896
1485.657896
1485.658896
1485.659896
1485.660895
1485.661895
1485.662895
1485.663895
1485.664896
1485.665896
1485.666896
1485.667896
1485.668896
1485.669895
1485.670895
1485.671895
1485.672897
1485.673896
1485.674896
1485.675896
1485.676896
1485.677896
1485.678895
1485.679895
1485.680895
1485.681897
1485.682896
1485.683896
1485.684896
1485.685896
1485.686896
1485.687895
1485.688895
1485.689895
1485.690897
1485.691896
1485.692896
1485.693896
1485.694896
1485.695896
1485.696895
1485.697895
1485.698895
1485.699896
1485.700896
1485.701896
1485.702896
1485.703896
1485.704896
1485.705895
1485.706895
1485.707895
1485.708896
1485.709896
1485.710896
1485.711896
1485.712896
1485.713895
1485.714895
1485.715895
1485.716895
1485.717896
1485.718896
1485.719896
1485.720896
1485.721896
1485.722895
1485.723895
1485.724895
1485.725895
1485.726896
1485.727896
1485.728896
1485.729896
1485.730896
1485.731895
1485.732895
1485.733895
1485.734897
1485.735896
1485.736896
1485.737896
1485.738896
1485.739896
1485.740895
1485.741895
1485.742895
1485.743897
1485.744896
1485.745896
1485.746896
1485.747896
1485.748896
1485.749895
1485.750895
1485.751895
1485.752897
1485.753896
1485.754896
1485.755896
1485.756896
1485.757896
1485.758895
1485.759895
1485.760895
1485.761896
1485.762896
1485.763896
1485.764896
1485.765896
1485.766896
1485.767895
1485.768895
1485.769895
1485.770896
1485.771896
1485.772896
1485.773896
1485.774896
1485.775895
1485.776895
1485.777895
1485.778895
1485.779896
1485.780896
1485.781896
1485.782896
1485.783896
1485.784895
1485.785895
1485.786895
1485.787895
1485.788896
1485.789896
1485.790896
1485.791896
1485.792896
1485.793895
1485.794895
1485.795895
1485.796897
1485.797896
1485.798896
1485.799896
1485.800896
1485.801896
1485.802895
1485.803895
1485.804895
1485.805897
1485.806896
1485.807896
1485.808896
1485.809896
1485.810896
1485.811895
1485.812895
1485.813895
1485.814897
1485.815896
1485.816896
1485.817896
1485.818896
1485.819896
1485.820895
1485.821895
1485.822895
1485.823896
1485.824896
1485.825896
1485.826896
1485.827896
1485.828896
1485.829895
1485.830895
1485.831895
1485.832896
1485.833896
1485.834896
1485.835896
1485.836896
1485.837895
1485.838895
1485.839895
1485.840895
1485.841896
1485.842896
1485.843896
1485.844896
1485.845896
1485.846895
1485.847895
1485.848895
1485.849895
1485.850896
1485.851896
1485.852896
1485.853896
1485.854896
1485.855895
1485.856895
1485.857895
1485.858897
1485.859896
1485.860896
1485.861896
1485.862896
1485.863896
1485.864895
1485.865895
1485.866895
1485.867897
1485.868896
1485.869896
1485.870896
1485.871896
1485.872896
1485.873895
1485.874895
1485.875895
1485.876897
1485.877896
1485.878896
1485.879896
1485.880896
1485.881896
1485.882895
1485.883895
1485.884895
1485.885896
1485.886896
1485.887896
1485.888896
1485.889896
1485.890896
1485.891895
1485.892895
1485.893895
1485.894896
1485.895896
1485.896896
1485.897896
1485.898896
1485.899895
1485.900895
1485.901895
1485.902895
1485.903896
1485.904896
1485.905896
1485.906896
1485.907896
1485.908895
1485.909895
1485.910895
1485.911895
1485.912896
1485.913896
1485.914896
1485.915896
1485.916896
1485.917895
1485.918895
1485.919895
1485.920897
1485.921896
1485.922896
1485.923896
1485.924896
1485.925896
1485.926895
1485.927895
1485.928895
1485.929897
1485.930896
1485.931896
1485.932896
1485.933896
1485.934896
1485.935895
1485.936895
1485.937895
1485.938897
1485.939896
1485.940896
1485.941896
1485.942896
1485.943896
1485.944895
1485.945895
1485.946895
1485.947896
1485.948896
1485.949896
1485.950896
1485.951896
1485.952896
1485.953895
1485.954895
1485.955895
1485.956896
1485.957896
1485.958896
1485.959896
1485.960896
1485.961895
1485.962895
1485.963895
1485.964895
1485.965896
1485.966896
1485.967896
1485.968896
1485.969896
1485.970895
1485.971895
1485.972895
1485.973895
1485.974896
1485.975896
1485.976896
1485.977896
1485.978896
1485.979895
1485.980895
1485.981895
1485.982897
1485.983896
1485.984896
1485.985896
1485.986896
1485.987896
1485.988895
1485.989895
1485.990895
1485.991897
1485.992896
1485.993896
1485.994896
1485.995896
1485.996896
1485.997895
1485.998895
1485.999895
1486.000897
1486.001896
1486.002896
1486.003896
1486.004896
1486.005896
1486.006895
1486.007895
1486.008895
1486.009896
1486.010896
1486.011896
1486.012896
1486.013896
1486.014896
1486.015895
1486.016895
1486.017895
1486.018896
1486.019896
1486.020896
1486.021896
1486.022896
1486.023895
1486.024895
1486.025895
1486.026895
1486.027896
1486.028896
1486.029896
1486.030896
1486.031896
1486.032895
1486.033895
1486.034895
1486.035895
1486.036896
1486.037896
1486.038896
1486.039896
1486.040896
1486.041895
1486.042895
1486.043895
1486.044897
1486.045896
1486.046896
1486.047896
1486.048896
1486.049896
1486.050895
1486.051895
1486.052895
1486.053897
1486.054896
1486.055896
1486.056896
1486.057896
1486.058896
1486.059895
1486.060895
1486.061895
1486.062897
1486.063896
1486.064896
1486.065896
1486.066896
1486.067896
1486.068895
1486.069895
1486.070895
1486.071896
1486.072896
1486.073896
1486.074896
1486.075896
1486.076896
1486.077895
1486.078895
1486.079895
1486.080896
1486.081896
1486.082896
1486.083896
1486.084896
1486.085895
1486.086895
1486.087895
1486.088895
1486.089896
1486.090896
1486.091896
1486.092896
1486.093896
1486.094895
1486.095895
1486.096895
1486.097895
1486.098896
1486.099896
1486.100896
1486.101896
1486.102896
1486.103895
1486.104895
1486.105895
1486.106897
1486.107896
1486.108896
1486.109896
1486.110896
1486.111896
1486.112895
1486.113895
1486.114895
1486.115897
1486.116896
1486.117896
1486.118896
1486.119896
1486.120896
1486.121895
1486.122895
1486.123895
1486.124897
1486.125896
1486.126896
1486.127896
1486.128896
1486.129896
1486.130895
1486.131895
1486.132895
1486.133896
1486.134896
1486.135896
1486.136896
1486.137896
1486.138896
1486.139895
1486.140895
1486.141895
1486.142896
1486.143896
1486.144896
1486.145896
1486.146896
1486.147895
1486.148895
1486.149895
1486.150895
1486.151896
1486.152896
1486.153896
1486.154896
1486.155896
1486.156895
1486.157895
1486.158895
1486.159895
1486.160896
1486.161896
1486.162896
1486.163896
1486.164896
1486.165895
1486.166895
1486.167895
1486.168897
1486.169896
1486.170896
1486.171896
1486.172896
1486.173896
1486.174895
1486.175895
1486.176895
1486.177897
1486.178896
1486.179896
1486.180896
1486.181896
1486.182896
1486.183895
1486.184895
1486.185895
1486.186897
1486.187896
1486.188896
1486.189896
1486.190896
1486.191896
1486.192895
1486.193895
1486.194895
1486.195896
1486.196896
1486.197896
1486.198896
1486.199896
1486.200896
1486.201895
1486.202895
1486.203895
1486.204896
1486.205896
1486.206896
1486.207896
1486.208896
1486.209895
1486.210895
1486.211895
1486.212895
1486.213896
1486.214896
1486.215896
1486.216896
1486.217896
1486.218895
1486.219895
1486.220895
1486.221897
1486.222896
1486.223896
1486.224896
1486.225896
1486.226896
1486.227895
1486.228895
1486.229895
1486.230897
1486.231896
1486.232896
1486.233896
1486.234896
1486.235896
1486.236895
1486.237895
1486.238895
1486.239897
1486.240896
1486.241896
1486.242896
1486.243896
1486.244896
1486.245895
1486.246895
1486.247895
1486.248897
1486.249896
1486.250896
1486.251896
1486.252896
1486.253896
1486.254895
1486.255895
1486.256895
1486.257896
1486.258896
1486.259896
1486.260896
1486.261896
1486.262896
1486.263895
1486.264895
1486.265895
1486.266896
1486.267896
1486.268896
1486.269896
1486.270896
1486.271895
1486.272895
1486.273895
1486.274895
1486.275896
1486.276896
1486.277896
1486.278896
1486.279896
1486.280895
1486.281895
1486.282895
1486.283895
1486.284896
1486.285896
1486.286896
1486.287896
1486.288896
1486.289895
1486.290895
1486.291895
1486.292897
1486.293896
1486.294896
1486.295896
1486.296896
1486.297896
1486.298895
1486.299895
1486.300895
1486.301897
1486.302896
1486.303896
1486.304896
1486.305896
1486.306896
1486.307895
1486.308895
1486.309895
1486.310897
1486.311896
1486.312896
1486.313896
1486.314896
1486.315896
1486.316895
1486.317895
1486.318895
1486.319896
1486.320896
1486.321896
1486.322896
1486.323896
1486.324896
1486.325895
1486.326895
1486.327895
1486.328896
1486.329896
1486.330896
1486.331896
1486.332896
1486.333895
1486.334895
1486.335895
1486.336895
1486.337896
1486.338896
1486.339896
1486.340896
1486.341896
1486.342895
1486.343895
1486.344895
1486.345895
1486.346896
1486.347896
1486.348896
1486.349896
1486.350896
1486.351895
1486.352895
1486.353895
1486.354897
1486.355896
1486.356896
1486.357896
1486.358896
1486.359896
1486.360895
1486.361895
1486.362895
1486.363897
1486.364896
1486.365896
1486.366896
1486.367896
1486.368896
1486.369895
1486.370895
1486.371895
1486.372897
1486.373896
1486.374896
1486.375896
1486.376896
1486.377896
1486.378895
1486.379895
1486.380895
1486.381896
1486.382896
1486.383896
1486.384896
1486.385896
1486.386896
1486.387895
1486.388895
1486.389895
1486.390896
1486.391896
1486.392896
1486.393896
1486.394896
1486.395895
1486.396895
1486.397895
1486.398895
1486.399896
1486.400896
1486.401896
1486.402896
1486.403896
1486.404895
1486.405895
1486.406895
1486.407895
1486.408896
1486.409896
1486.410896
1486.411896
1486.412896
1486.413895
1486.414895
1486.415895
1486.416897
1486.417896
1486.418896
1486.419896
1486.420896
1486.421896
1486.422895
1486.423895
1486.424895
1486.425897
1486.426896
1486.427896
1486.428896
1486.429896
1486.430896
1486.431895
1486.432895
1486.433895
1486.434897
1486.435896
1486.436896
1486.437896
1486.438896
1486.439896
1486.440895
1486.441895
1486.442895
1486.443896
1486.444896
1486.445896
1486.446896
1486.447896
1486.448896
1486.449895
1486.450895
1486.451895
1486.452896
1486.453896
1486.454896
1486.455896
1486.456896
1486.457895
1486.458895
1486.459895
1486.460895
1486.461896
1486.462896
1486.463896
1486.464896
1486.465896
1486.466895
1486.467895
1486.468895
1486.469895
1486.470896
1486.471896
1486.472896
1486.473896
1486.474896
1486.475895
1486.476895
1486.477895
1486.478897
1486.479896
1486.480896
1486.481896
1486.482896
1486.483896
1486.484895
1486.485895
1486.486895
1486.487897
1486.488896
1486.489896
1486.490896
1486.491896
1486.492896
1486.493895
1486.494895
1486.495895
1486.496897
1486.497896
1486.498896
1486.499896
1486.500896
1486.501896
1486.502895
1486.503895
1486.504895
1486.505896
1486.506896
1486.507896
1486.508896
1486.509896
1486.510896
1486.511895
1486.512895
1486.513895
1486.514896
1486.515896
1486.516896
1486.517896
1486.518896
1486.519895
1486.520895
1486.521895
1486.522895
1486.523896
1486.524896
1486.525896
1486.526896
1486.527896
1486.528895
1486.529895
1486.530895
1486.531895
1486.532896
1486.533896
1486.534896
1486.535896
1486.536896
1486.537895
1486.538895
1486.539895
1486.540897
1486.541896
1486.542896
1486.543896
1486.544896
1486.545896
1486.546895
1486.547895
1486.548895
1486.549897
1486.550896
1486.551896
1486.552896
1486.553896
1486.554896
1486.555895
1486.556895
1486.557895
1486.558897
1486.559896
1486.560896
1486.561896
1486.562896
1486.563896
1486.564895
1486.565895
1486.566895
1486.567896
1486.568896
1486.569896
1486.570896
1486.571896
1486.572896
1486.573895
1486.574895
1486.575895
1486.576896
1486.577896
1486.578896
1486.579896
1486.580896
1486.581895
1486.582895
1486.583895
1486.584895
1486.585896
1486.586896
1486.587896
1486.588896
1486.589896
1486.590895
1486.591895
1486.592895
1486.593895
1486.594896
1486.595896
1486.596896
1486.597896
1486.598896
1486.599895
1486.600895
1486.601895
1486.602897
1486.603896
1486.604896
1486.605896
1486.606896
1486.607896
1486.608895
1486.609895
1486.610895
1486.611897
1486.612896
1486.613896
1486.614896
1486.615896
1486.616896
1486.617895
1486.618895
1486.619895
1486.620897
1486.621896
1486.622896
1486.623896
1486.624896
1486.625896
1486.626895
1486.627895
1486.628895
1486.629896
1486.630896
1486.631896
1486.632896
1486.633896
1486.634896
1486.635895
1486.636895
1486.637895
1486.638896
1486.639896
1486.640896
1486.641896
1486.642896
1486.643895
1486.644895
1486.645895
1486.646895
1486.647896
1486.648896
1486.649896
1486.650896
1486.651896
1486.652895
1486.653895
1486.654895
1486.655895
1486.656896
1486.657896
1486.658896
1486.659896
1486.660896
1486.661895
1486.662895
1486.663895
1486.664897
1486.665896
1486.666896
1486.667896
1486.668896
1486.669896
1486.670895
1486.671895
1486.672895
1486.673897
1486.674896
1486.675896
1486.676896
1486.677896
1486.678896
1486.679895
1486.680895
1486.681895
1486.682897
1486.683896
1486.684896
1486.685896
1486.686896
1486.687896
1486.688895
1486.689895
1486.690895
1486.691896
1486.692896
1486.693896
1486.694896
1486.695896
1486.696896
1486.697895
1486.698895
1486.699895
1486.700896
1486.701896
1486.702896
1486.703896
1486.704896
1486.705895
1486.706895
1486.707895
1486.708895
1486.709896
1486.710896
1486.711896
1486.712896
1486.713896
1486.714895
1486.715895
1486.716895
1486.717895
1486.718896
1486.719896
1486.720896
1486.721896
1486.722896
1486.723895
1486.724895
1486.725895
1486.726897
1486.727896
1486.728896
1486.729896
1486.730896
1486.731896
1486.732895
1486.733895
1486.734895
1486.735897
1486.736896
1486.737896
1486.738896
1486.739896
1486.740896
1486.741895
1486.742895
1486.743895
1486.744897
1486.745896
1486.746896
1486.747896
1486.748896
1486.749896
1486.750895
1486.751895
1486.752895
1486.753896
1486.754896
1486.755896
1486.756896
1486.757896
1486.758896
1486.759895
1486.760895
1486.761895
1486.762896
1486.763896
1486.764896
1486.765896
1486.766896
1486.767895
1486.768895
1486.769895
1486.770895
1486.771896
1486.772896
1486.773896
1486.774896
1486.775896
1486.776895
1486.777895
1486.778895
1486.779897
1486.780896
1486.781896
1486.782896
1486.783896
1486.784896
1486.785895
1486.786895
1486.787895
1486.788897
1486.789896
1486.790896
1486.791896
1486.792896
1486.793896
1486.794895
1486.795895
1486.796895
1486.797897
1486.798896
1486.799896
1486.800896
1486.801896
1486.802896
1486.803895
1486.804895
1486.805895
1486.806897
1486.807896
1486.808896
1486.809896
1486.810896
1486.811896
1486.812895
1486.813895
1486.814895
1486.815896
1486.816896
1486.817896
1486.818896
1486.819896
1486.820896
1486.821895
1486.822895
1486.823895
1486.824896
1486.825896
1486.826896
1486.827896
1486.828896
1486.829895
1486.830895
1486.831895
1486.832895
1486.833896
1486.834896
1486.835896
1486.836896
1486.837896
1486.838895
1486.839895
1486.840895
1486.841895
1486.842896
1486.843896
1486.844896
1486.845896
1486.846896
1486.847895
1486.848895
1486.849895
1486.850897
1486.851896
1486.852896
1486.853896
1486.854896
1486.855896
1486.856895
1486.857895
1486.858895
1486.859897
1486.860896
1486.861896
1486.862896
1486.863896
1486.864896
1486.865895
1486.866895
1486.867895
1486.868897
1486.869896
1486.870896
1486.871896
1486.872896
1486.873896
1486.874895
1486.875895
1486.876895
1486.877896
1486.878896
1486.879896
1486.880896
1486.881896
1486.882896
1486.883895
1486.884895
1486.885895
1486.886896
1486.887896
1486.888896
1486.889896
1486.890896
1486.891895
1486.892895
1486.893895
1486.894895
1486.895896
1486.896896
1486.897896
1486.898896
1486.899896
1486.900895
1486.901895
1486.902895
1486.903895
1486.904896
1486.905896
1486.906896
1486.907896
1486.908896
1486.909895
1486.910895
1486.911895
1486.912897
1486.913896
1486.914896
1486.915896
1486.916896
1486.917896
1486.918895
1486.919895
1486.920895
1486.921897
1486.922896
1486.923896
1486.924896
1486.925896
1486.926896
1486.927895
1486.928895
1486.929895
1486.930897
1486.931896
1486.932896
1486.933896
1486.934896
1486.935896
1486.936895
1486.937895
1486.938895
1486.939896
1486.940896
1486.941896
1486.942896
1486.943896
1486.944896
1486.945895
1486.946895
1486.947895
1486.948896
1486.949896
1486.950896
1486.951896
1486.952896
1486.953895
1486.954895
1486.955895
1486.956895
1486.957896
1486.958896
1486.959896
1486.960896
1486.961896
1486.962895
1486.963895
1486.964895
1486.965895
1486.966896
1486.967896
1486.968896
1486.969896
1486.970896
1486.971895
1486.972895
1486.973895
1486.974897
1486.975896
1486.976896
1486.977896
1486.978896
1486.979896
1486.980895
1486.981895
1486.982895
1486.983897
1486.984896
1486.985896
1486.986896
1486.987896
1486.988896
1486.989895
1486.990895
1486.991895
1486.992897
1486.993896
1486.994896
1486.995896
1486.996896
1486.997896
1486.998895
1486.999895
1487.000895
1487.001896
1487.002896
1487.003896
1487.004896
1487.005896
1487.006896
1487.007895
1487.008895
1487.009895
1487.010896
1487.011896
1487.012896
1487.013896
1487.014896
1487.015895
1487.016895
1487.017895
1487.018895
1487.019896
1487.020896
1487.021896
1487.022896
1487.023896
1487.024895
1487.025895
1487.026895
1487.027895
1487.028896
1487.029896
1487.030896
1487.031896
1487.032896
1487.033895
1487.034895
1487.035895
1487.036897
1487.037896
1487.038896
1487.039896
1487.040896
1487.041896
1487.042895
1487.043895
1487.044895
1487.045897
1487.046896
1487.047896
1487.048896
1487.049896
1487.050896
1487.051895
1487.052895
1487.053895
1487.054897
1487.055896
1487.056896
1487.057896
1487.058896
1487.059896
1487.060895
1487.061895
1487.062895
1487.063896
1487.064896
1487.065896
1487.066896
1487.067896
1487.068896
1487.069895
1487.070895
1487.071895
1487.072896
1487.073896
1487.074896
1487.075896
1487.076896
1487.077895
1487.078895
1487.079895
1487.080895
1487.081896
1487.082896
1487.083896
1487.084896
1487.085896
1487.086895
1487.087895
1487.088895
1487.089897
1487.090896
1487.091896
1487.092896
1487.093896
1487.094896
1487.095895
1487.096895
1487.097895
1487.098897
1487.099896
1487.100896
1487.101896
1487.102896
1487.103896
1487.104895
1487.105895
1487.106895
1487.107897
1487.108896
1487.109896
1487.110896
1487.111896
1487.112896
1487.113895
1487.114895
1487.115895
1487.116897
1487.117896
1487.118896
1487.119896
1487.120896
1487.121896
1487.122895
1487.123895
1487.124895
1487.125896
1487.126896
1487.127896
1487.128896
1487.129896
1487.130896
1487.131895
1487.132895
1487.133895
1487.134896
1487.135896
1487.136896
1487.137896
1487.138896
1487.139895
1487.140895
1487.141895
1487.142895
1487.143896
1487.144896
1487.145896
1487.146896
1487.147896
1487.148895
1487.149895
1487.150895
1487.151895
1487.152896
1487.153896
1487.154896
1487.155896
1487.156896
1487.157895
1487.158895
1487.159895
1487.160897
1487.161896
1487.162896
1487.163896
1487.164896
1487.165896
1487.166895
1487.167895
1487.168895
1487.169897
1487.170896
1487.171896
1487.172896
1487.173896
1487.174896
1487.175895
1487.176895
1487.177895
1487.178897
1487.179896
1487.180896
1487.181896
1487.182896
1487.183896
1487.184895
1487.185895
1487.186895
1487.187896
1487.188896
1487.189896
1487.190896
1487.191896
1487.192896
1487.193895
1487.194895
1487.195895
1487.196896
1487.197896
1487.198896
1487.199896
1487.200896
1487.201895
1487.202895
1487.203895
1487.204895
1487.205896
1487.206896
1487.207896
1487.208896
1487.209896
1487.210895
1487.211895
1487.212895
1487.213895
1487.214896
1487.215896
1487.216896
1487.217896
1487.218896
1487.219895
1487.220895
1487.221895
1487.222897
1487.223896
1487.224896
1487.225896
1487.226896
1487.227896
1487.228895
1487.229895
1487.230895
1487.231897
1487.232896
1487.233896
1487.234896
1487.235896
1487.236896
1487.237895
1487.238895
1487.239895
1487.240897
1487.241896
1487.242896
1487.243896
1487.244896
1487.245896
1487.246895
1487.247895
1487.248895
1487.249896
1487.250896
1487.251896
1487.252896
1487.253896
1487.254896
1487.255895
1487.256895
1487.257895
1487.258896
1487.259896
1487.260896
1487.261896
1487.262896
1487.263895
1487.264895
1487.265895
1487.266895
1487.267896
1487.268896
1487.269896
1487.270896
1487.271896
1487.272895
1487.273895
1487.274895
1487.275895
1487.276896
1487.277896
1487.278896
1487.279896
1487.280896
1487.281895
1487.282895
1487.283895
1487.284897
1487.285896
1487.286896
1487.287896
1487.288896
1487.289896
1487.290895
1487.291895
1487.292895
1487.293897
1487.294896
1487.295896
1487.296896
1487.297896
1487.298896
1487.299895
1487.300895
1487.301895
1487.302897
1487.303896
1487.304896
1487.305896
1487.306896
1487.307896
1487.308895
1487.309895
1487.310895
1487.311896
1487.312896
1487.313896
1487.314896
1487.315896
1487.316896
1487.317895
1487.318895
1487.319895
1487.320896
1487.321896
1487.322896
1487.323896
1487.324896
1487.325895
1487.326895
1487.327895
1487.328895
1487.329896
1487.330896
1487.331896
1487.332896
1487.333896
1487.334895
1487.335895
1487.336895
1487.337895
1487.338896
1487.339896
1487.340896
1487.341896
1487.342896
1487.343895
1487.344895
1487.345895
1487.346897
1487.347896
1487.348896
1487.349896
1487.350896
1487.351896
1487.352895
1487.353895
1487.354895
1487.355897
1487.356896
1487.357896
1487.358896
1487.359896
1487.360896
1487.361895
1487.362895
1487.363895
1487.364897
1487.365896
1487.366896
1487.367896
1487.368896
1487.369896
1487.370895
1487.371895
1487.372895
1487.373896
1487.374896
1487.375896
1487.376896
1487.377896
1487.378896
1487.379895
1487.380895
1487.381895
1487.382896
1487.383896
1487.384896
1487.385896
1487.386896
1487.387895
1487.388895
1487.389895
1487.390895
1487.391896
1487.392896
1487.393896
1487.394896
1487.395896
1487.396895
1487.397895
1487.398895
1487.399895
1487.400896
1487.401896
1487.402896
1487.403896
1487.404896
1487.405895
1487.406895
1487.407895
1487.408897
1487.409896
1487.410896
1487.411896
1487.412896
1487.413896
1487.414895
1487.415895
1487.416895
1487.417897
1487.418896
1487.419896
1487.420896
1487.421896
1487.422896
1487.423895
1487.424895
1487.425895
1487.426897
1487.427896
1487.428896
1487.429896
1487.430896
1487.431896
1487.432895
1487.433895
1487.434895
1487.435896
1487.436896
1487.437896
1487.438896
1487.439896
1487.440896
1487.441895
1487.442895
1487.443895
1487.444896
1487.445896
1487.446896
1487.447896
1487.448896
1487.449895
1487.450895
1487.451895
1487.452895
1487.453896
1487.454896
1487.455896
1487.456896
1487.457896
1487.458895
1487.459895
1487.460895
1487.461895
1487.462896
1487.463896
1487.464896
1487.465896
1487.466896
1487.467895
1487.468895
1487.469895
1487.470897
1487.471896
1487.472896
1487.473896
1487.474896
1487.475896
1487.476895
1487.477895
1487.478895
1487.479897
1487.480896
1487.481896
1487.482896
1487.483896
1487.484896
1487.485895
1487.486895
1487.487895
1487.488897
1487.489896
1487.490896
1487.491896
1487.492896
1487.493896
1487.494895
1487.495895
1487.496895
1487.497896
1487.498896
1487.499896
1487.500896
1487.501896
1487.502896
1487.503895
1487.504895
1487.505895
1487.506896
1487.507896
1487.508896
1487.509896
1487.510896
1487.511895
1487.512895
1487.513895
1487.514895
1487.515896
1487.516896
1487.517896
1487.518896
1487.519896
1487.520895
1487.521895
1487.522895
1487.523895
1487.524896
1487.525896
1487.526896
1487.527896
1487.528896
1487.529895
1487.530895
1487.531895
1487.532897
1487.533896
1487.534896
1487.535896
1487.536896
1487.537896
1487.538895
1487.539895
1487.540895
1487.541897
1487.542896
1487.543896
1487.544896
1487.545896
1487.546896
1487.547895
1487.548895
1487.549895
1487.550897
1487.551896
1487.552896
1487.553896
1487.554896
1487.555896
1487.556895
1487.557895
1487.558895
1487.559896
1487.560896
1487.561896
1487.562896
1487.563896
1487.564896
1487.565895
1487.566895
1487.567895
1487.568896
1487.569896
1487.570896
1487.571896
1487.572896
1487.573895
1487.574895
1487.575895
1487.576895
1487.577896
1487.578896
1487.579896
1487.580896
1487.581896
1487.582895
1487.583895
1487.584895
1487.585895
1487.586896
1487.587896
1487.588896
1487.589896
1487.590896
1487.591895
1487.592895
1487.593895
1487.594897
1487.595896
1487.596896
1487.597896
1487.598896
1487.599896
1487.600895
1487.601895
1487.602895
1487.603897
1487.604896
1487.605896
1487.606896
1487.607896
1487.608896
1487.609895
1487.610895
1487.611895
1487.612897
1487.613896
1487.614896
1487.615896
1487.616896
1487.617896
1487.618895
1487.619895
1487.620895
1487.621896
1487.622896
1487.623896
1487.624896
1487.625896
1487.626896
1487.627895
1487.628895
1487.629895
1487.630896
1487.631896
1487.632896
1487.633896
1487.634896
1487.635895
1487.636895
1487.637895
1487.638895
1487.639896
1487.640896
1487.641896
1487.642896
1487.643896
1487.644895
1487.645895
1487.646895
1487.647895
1487.648896
1487.649896
1487.650896
1487.651896
1487.652896
1487.653895
1487.654895
1487.655895
1487.656897
1487.657896
1487.658896
1487.659896
1487.660896
1487.661896
1487.662895
1487.663895
1487.664895
1487.665897
1487.666896
1487.667896
1487.668896
1487.669896
1487.670896
1487.671895
1487.672895
1487.673895
1487.674897
1487.675896
1487.676896
1487.677896
1487.678896
1487.679896
1487.680895
1487.681895
1487.682895
1487.683896
1487.684896
1487.685896
1487.686896
1487.687896
1487.688896
1487.689895
1487.690895
1487.691895
1487.692896
1487.693896
1487.694896
1487.695896
1487.696896
1487.697895
1487.698895
1487.699895
1487.700895
1487.701896
1487.702896
1487.703896
1487.704896
1487.705896
1487.706895
1487.707895
1487.708895
1487.709895
1487.710896
1487.711896
1487.712896
1487.713896
1487.714896
1487.715895
1487.716895
1487.717895
1487.718897
1487.719896
1487.720896
1487.721896
1487.722896
1487.723896
1487.724895
1487.725895
1487.726895
1487.727897
1487.728896
1487.729896
1487.730896
1487.731896
1487.732896
1487.733895
1487.734895
1487.735895
1487.736897
1487.737896
1487.738896
1487.739896
1487.740896
1487.741896
1487.742895
1487.743895
1487.744895
1487.745896
1487.746896
1487.747896
1487.748896
1487.749896
1487.750896
1487.751895
1487.752895
1487.753895
1487.754896
1487.755896
1487.756896
1487.757896
1487.758896
1487.759895
1487.760895
1487.761895
1487.762895
1487.763896
1487.764896
1487.765896
1487.766896
1487.767896
1487.768895
1487.769895
1487.770895
1487.771895
1487.772896
1487.773896
1487.774896
1487.775896
1487.776896
1487.777895
1487.778895
1487.779895
1487.780897
1487.781896
1487.782896
1487.783896
1487.784896
1487.785896
1487.786895
1487.787895
1487.788895
1487.789897
1487.790896
1487.791896
1487.792896
1487.793896
1487.794896
1487.795895
1487.796895
1487.797895
1487.798897
1487.799896
1487.800896
1487.801896
1487.802896
1487.803896
1487.804895
1487.805895
1487.806895
1487.807896
1487.808896
1487.809896
1487.810896
1487.811896
1487.812896
1487.813895
1487.814895
1487.815895
1487.816896
1487.817896
1487.818896
1487.819896
1487.820896
1487.821895
1487.822895
1487.823895
1487.824895
1487.825896
1487.826896
1487.827896
1487.828896
1487.829896
1487.830895
1487.831895
1487.832895
1487.833895
1487.834896
1487.835896
1487.836896
1487.837896
1487.838896
1487.839895
1487.840895
1487.841895
1487.842897
1487.843896
1487.844896
1487.845896
1487.846896
1487.847896
1487.848895
1487.849895
1487.850895
1487.851897
1487.852896
1487.853896
1487.854896
1487.855896
1487.856896
1487.857895
1487.858895
1487.859895
1487.860897
1487.861896
1487.862896
1487.863896
1487.864896
1487.865896
1487.866895
1487.867895
1487.868895
1487.869896
1487.870896
1487.871896
1487.872896
1487.873896
1487.874896
1487.875895
1487.876895
1487.877895
1487.878896
1487.879896
1487.880896
1487.881896
1487.882896
1487.883895
1487.884895
1487.885895
1487.886895
1487.887896
1487.888896
1487.889896
1487.890896
1487.891896
1487.892895
1487.893895
1487.894895
1487.895895
1487.896896
1487.897896
1487.898896
1487.899896
1487.900896
1487.901895
1487.902895
1487.903895
1487.904897
1487.905896
1487.906896
1487.907896
1487.908896
1487.909896
1487.910895
1487.911895
1487.912895
1487.913897
1487.914896
1487.915896
1487.916896
1487.917896
1487.918896
1487.919895
1487.920895
1487.921895
1487.922897
1487.923896
1487.924896
1487.925896
1487.926896
1487.927896
1487.928895
1487.929895
1487.930895
1487.931896
1487.932896
1487.933896
1487.934896
1487.935896
1487.936896
1487.937895
1487.938895
1487.939895
1487.940896
1487.941896
1487.942896
1487.943896
1487.944896
1487.945895
1487.946895
1487.947895
1487.948895
1487.949896
1487.950896
1487.951896
1487.952896
1487.953896
1487.954895
1487.955895
1487.956895
1487.957895
1487.958896
1487.959896
1487.960896
1487.961896
1487.962896
1487.963895
1487.964895
1487.965895
1487.966897
1487.967896
1487.968896
1487.969896
1487.970896
1487.971896
1487.972895
1487.973895
1487.974895
1487.975897
1487.976896
1487.977896
1487.978896
1487.979896
1487.980896
1487.981895
1487.982895
1487.983895
1487.984897
1487.985896
1487.986896
1487.987896
1487.988896
1487.989896
1487.990895
1487.991895
1487.992895
1487.993896
1487.994896
1487.995896
1487.996896
1487.997896
1487.998896
1487.999895
1488.000895
1488.001895
1488.002896
1488.003896
1488.004896
1488.005896
1488.006896
1488.007895
1488.008895
1488.009895
1488.010895
1488.011896
1488.012896
1488.013896
1488.014896
1488.015896
1488.016895
1488.017895
1488.018895
1488.019895
1488.020896
1488.021896
1488.022896
1488.023896
1488.024896
1488.025895
1488.026895
1488.027895
1488.028897
1488.029896
1488.030896
1488.031896
1488.032896
1488.033896
1488.034895
1488.035895
1488.036895
1488.037897
1488.038896
1488.039896
1488.040896
1488.041896
1488.042896
1488.043895
1488.044895
1488.045895
1488.046897
1488.047896
1488.048896
1488.049896
1488.050896
1488.051896
1488.052895
1488.053895
1488.054895
1488.055896
1488.056896
1488.057896
1488.058896
1488.059896
1488.060896
1488.061895
1488.062895
1488.063895
1488.064896
1488.065896
1488.066896
1488.067896
1488.068896
1488.069895
1488.070895
1488.071895
1488.072895
1488.073896
1488.074896
1488.075896
1488.076896
1488.077896
1488.078895
1488.079895
1488.080895
1488.081895
