3583.302897
3583.303898
3583.304898
3583.305898
3583.306898
3583.307898
3583.308897
3583.309897
3583.310897
3583.311897
3583.312898
3583.313898
3583.314898
3583.315898
3583.316898
3583.317897
3583.318897
3583.319897
3583.320897
3583.321898
3583.322898
3583.323898
3583.324898
3583.325898
3583.326897
3583.327897
3583.328897
3583.329897
3583.330898
3583.331898
3583.332898
3583.333898
3583.334898
3583.335897
3583.336897
3583.337897
3583.338897
3583.339898
3583.340898
3583.341898
3583.342898
3583.343898
3583.344897
3583.345897
3583.346897
3583.347897
3583.348898
3583.349898
3583.350898
3583.351898
3583.352898
3583.353897
3583.354897
3583.355897
3583.356898
3583.357898
3583.358898
3583.359898
3583.360898
3583.361897
3583.362897
3583.363897
3583.364897
3583.365898
3583.366898
3583.367898
3583.368898
3583.369898
3583.370897
3583.371897
3583.372897
3583.373897
3583.374898
3583.375898
3583.376898
3583.377898
3583.378898
3583.379897
3583.380897
3583.381897
3583.382897
3583.383898
3583.384898
3583.385898
3583.386898
3583.387898
3583.388897
3583.389897
3583.390897
3583.391897
3583.392898
3583.393898
3583.394898
3583.395898
3583.396898
3583.397897
3583.398897
3583.399897
3583.400897
3583.401898
3583.402898
3583.403898
3583.404898
3583.405898
3583.406897
3583.407897
3583.408897
3583.409897
3583.410898
3583.411898
3583.412898
3583.413898
3583.414898
3583.415897
3583.416897
3583.417897
3583.418898
3583.419898
3583.420898
3583.421898
3583.422898
3583.423897
3583.424897
3583.425897
3583.426897
3583.427898
3583.428898
3583.429898
3583.430898
3583.431898
3583.432897
3583.433897
3583.434897
3583.435897
3583.436898
3583.437898
3583.438898
3583.439898
3583.440898
3583.441897
3583.442897
3583.443897
3583.444897
3583.445898
3583.446898
3583.447898
3583.448898
3583.449898
3583.450897
3583.451897
3583.452897
3583.453897
3583.454898
3583.455898
3583.456898
3583.457898
3583.458898
3583.459897
3583.460897
3583.461897
3583.462897
3583.463898
3583.464898
3583.465898
3583.466898
3583.467898
3583.468897
3583.469897
3583.470897
3583.471897
3583.472898
3583.473898
3583.474898
3583.475898
3583.476898
3583.477897
3583.478897
3583.479897
3583.480898
3583.481898
3583.482898
3583.483898
3583.484898
3583.485897
3583.486897
3583.487897
3583.488897
3583.489898
3583.490898
3583.491898
3583.492898
3583.493898
3583.494897
3583.495897
3583.496897
3583.497897
3583.498898
3583.499898
3583.500898
3583.501898
3583.502898
3583.503897
3583.504897
3583.505897
3583.506897
3583.507898
3583.508898
3583.509898
3583.510898
3583.511898
3583.512897
3583.513897
3583.514897
3583.515897
3583.516898
3583.517898
3583.518898
3583.519898
3583.520898
3583.521897
3583.522897
3583.523897
3583.524897
3583.525898
3583.526898
3583.527898
3583.528898
3583.529898
3583.530897
3583.531897
3583.532897
3583.533897
3583.534898
3583.535898
3583.536898
3583.537898
3583.538898
3583.539897
3583.540897
3583.541897
3583.542898
3583.543898
3583.544898
3583.545898
3583.546898
3583.547897
3583.548897
3583.549897
3583.550897
3583.551898
3583.552898
3583.553898
3583.554898
3583.555898
3583.556897
3583.557897
3583.558897
3583.559897
3583.560898
3583.561898
3583.562898
3583.563898
3583.564898
3583.565897
3583.566897
3583.567897
3583.568897
3583.569898
3583.570898
3583.571898
3583.572898
3583.573898
3583.574897
3583.575897
3583.576897
3583.577897
3583.578898
3583.579898
3583.580898
3583.581898
3583.582898
3583.583897
3583.584897
3583.585897
3583.586897
3583.587898
3583.588898
3583.589898
3583.590898
3583.591898
3583.592897
3583.593897
3583.594897
3583.595897
3583.596898
3583.597898
3583.598898
3583.599898
3583.600898
3583.601897
3583.602897
3583.603897
3583.604898
3583.605898
3583.606898
3583.607898
3583.608898
3583.609897
3583.610897
3583.611897
3583.612897
3583.613898
3583.614898
3583.615898
3583.616898
3583.617898
3583.618897
3583.619897
3583.620897
3583.621897
3583.622898
3583.623898
3583.624898
3583.625898
3583.626898
3583.627897
3583.628897
3583.629897
3583.630897
3583.631898
3583.632898
3583.633898
3583.634898
3583.635898
3583.636897
3583.637897
3583.638897
3583.639897
3583.640898
3583.641898
3583.642898
3583.643898
3583.644898
3583.645897
3583.646897
3583.647897
3583.648897
3583.649898
3583.650898
3583.651898
3583.652898
3583.653898
3583.654897
3583.655897
3583.656897
3583.657897
3583.658898
3583.659898
3583.660898
3583.661898
3583.662898
3583.663897
3583.664897
3583.665897
3583.666898
3583.667898
3583.668898
3583.669898
3583.670898
3583.671897
3583.672897
3583.673897
3583.674897
3583.675898
3583.676898
3583.677898
3583.678898
3583.679898
3583.680897
3583.681897
3583.682897
3583.683897
3583.684898
3583.685898
3583.686898
3583.687898
3583.688898
3583.689897
3583.690897
3583.691897
3583.692897
3583.693898
3583.694898
3583.695898
3583.696898
3583.697898
3583.698897
3583.699897
3583.700897
3583.701897
3583.702898
3583.703898
3583.704898
3583.705898
3583.706898
3583.707897
3583.708897
3583.709897
3583.710897
3583.711898
3583.712898
3583.713898
3583.714898
3583.715898
3583.716897
3583.717897
3583.718897
3583.719897
3583.720898
3583.721898
3583.722898
3583.723898
3583.724898
3583.725897
3583.726897
3583.727897
3583.728898
3583.729898
3583.730898
3583.731898
3583.732898
3583.733897
3583.734897
3583.735897
3583.736897
3583.737898
3583.738898
3583.739898
3583.740898
3583.741898
3583.742897
3583.743897
3583.744897
3583.745897
3583.746898
3583.747898
3583.748898
3583.749898
3583.750898
3583.751897
3583.752897
3583.753897
3583.754897
3583.755898
3583.756898
3583.757898
3583.758898
3583.759898
3583.760897
3583.761897
3583.762897
3583.763897
3583.764898
3583.765898
3583.766898
3583.767898
3583.768898
3583.769897
3583.770897
3583.771897
3583.772897
3583.773898
3583.774898
3583.775898
3583.776898
3583.777898
3583.778897
3583.779897
3583.780897
3583.781897
3583.782898
3583.783898
3583.784898
3583.785898
3583.786898
3583.787897
3583.788897
3583.789897
3583.790898
3583.791898
3583.792898
3583.793898
3583.794898
3583.795897
3583.796897
3583.797897
3583.798897
3583.799898
3583.800898
3583.801898
3583.802898
3583.803898
3583.804897
3583.805897
3583.806897
3583.807897
3583.808898
3583.809898
3583.810898
3583.811898
3583.812898
3583.813897
3583.814897
3583.815897
3583.816897
3583.817898
3583.818898
3583.819898
3583.820898
3583.821898
3583.822897
3583.823897
3583.824897
3583.825897
3583.826898
3583.827898
3583.828898
3583.829898
3583.830898
3583.831897
3583.832897
3583.833897
3583.834897
3583.835898
3583.836898
3583.837898
3583.838898
3583.839898
3583.840897
3583.841897
3583.842897
3583.843897
3583.844898
3583.845898
3583.846898
3583.847898
3583.848898
3583.849897
3583.850897
3583.851897
3583.852898
3583.853898
3583.854898
3583.855898
3583.856898
3583.857897
3583.858897
3583.859897
3583.860897
3583.861898
3583.862898
3583.863898
3583.864898
3583.865898
3583.866897
3583.867897
3583.868897
3583.869897
3583.870898
3583.871898
3583.872898
3583.873898
3583.874898
3583.875897
3583.876897
3583.877897
3583.878897
3583.879898
3583.880898
3583.881898
3583.882898
3583.883898
3583.884897
3583.885897
3583.886897
3583.887897
3583.888898
3583.889898
3583.890898
3583.891898
3583.892898
3583.893897
3583.894897
3583.895897
3583.896897
3583.897898
3583.898898
3583.899898
3583.900898
3583.901898
3583.902897
3583.903897
3583.904897
3583.905897
3583.906898
3583.907898
3583.908898
3583.909898
3583.910898
3583.911897
3583.912897
3583.913897
3583.914898
3583.915898
3583.916898
3583.917898
3583.918898
3583.919897
3583.920897
3583.921897
3583.922897
3583.923898
3583.924898
3583.925898
3583.926898
3583.927898
3583.928897
3583.929897
3583.930897
3583.931897
3583.932898
3583.933898
3583.934898
3583.935898
3583.936898
3583.937897
3583.938897
3583.939897
3583.940897
3583.941898
3583.942898
3583.943898
3583.944898
3583.945898
3583.946897
3583.947897
3583.948897
3583.949897
3583.950898
3583.951898
3583.952898
3583.953898
3583.954898
3583.955897
3583.956897
3583.957897
3583.958897
3583.959898
3583.960898
3583.961898
3583.962898
3583.963898
3583.964897
3583.965897
3583.966897
3583.967897
3583.968898
3583.969898
3583.970898
3583.971898
3583.972898
3583.973897
3583.974897
3583.975897
3583.976898
3583.977898
3583.978898
3583.979898
3583.980898
3583.981897
3583.982897
3583.983897
3583.984897
3583.985898
3583.986898
3583.987898
3583.988898
3583.989898
3583.990897
3583.991897
3583.992897
3583.993897
3583.994898
3583.995898
3583.996898
3583.997898
3583.998898
3583.999897
3584.000897
3584.001897
3584.002897
3584.003898
3584.004898
3584.005898
3584.006898
3584.007898
3584.008897
3584.009897
3584.010897
3584.011897
3584.012898
3584.013898
3584.014898
3584.015898
3584.016898
3584.017897
3584.018897
3584.019897
3584.020897
3584.021898
3584.022898
3584.023898
3584.024898
3584.025898
3584.026897
3584.027897
3584.028897
3584.029897
3584.030898
3584.031898
3584.032898
3584.033898
3584.034898
3584.035897
3584.036897
3584.037897
3584.038898
3584.039898
3584.040898
3584.041898
3584.042898
3584.043897
3584.044897
3584.045897
3584.046897
3584.047898
3584.048898
3584.049898
3584.050898
3584.051898
3584.052897
3584.053897
3584.054897
3584.055897
3584.056898
3584.057898
3584.058898
3584.059898
3584.060898
3584.061897
3584.062897
3584.063897
3584.064897
3584.065898
3584.066898
3584.067898
3584.068898
3584.069898
3584.070897
3584.071897
3584.072897
3584.073897
3584.074898
3584.075898
3584.076898
3584.077898
3584.078898
3584.079897
3584.080897
3584.081897
3584.082897
3584.083898
3584.084898
3584.085898
3584.086898
3584.087898
3584.088897
3584.089897
3584.090897
3584.091897
3584.092898
3584.093898
3584.094898
3584.095898
3584.096898
3584.097897
3584.098897
3584.099897
3584.100898
3584.101898
3584.102898
3584.103898
3584.104898
3584.105897
3584.106897
3584.107897
3584.108897
3584.109898
3584.110898
3584.111898
3584.112898
3584.113898
3584.114897
3584.115897
3584.116897
3584.117897
3584.118898
3584.119898
3584.120898
3584.121898
3584.122898
3584.123897
3584.124897
3584.125897
3584.126897
3584.127898
3584.128898
3584.129898
3584.130898
3584.131898
3584.132897
3584.133897
3584.134897
3584.135897
3584.136898
3584.137898
3584.138898
3584.139898
3584.140898
3584.141897
3584.142897
3584.143897
3584.144897
3584.145898
3584.146898
3584.147898
3584.148898
3584.149898
3584.150897
3584.151897
3584.152897
3584.153897
3584.154898
3584.155898
3584.156898
3584.157898
3584.158898
3584.159897
3584.160897
3584.161897
3584.162898
3584.163898
3584.164898
3584.165898
3584.166898
3584.167897
3584.168897
3584.169897
3584.170897
3584.171898
3584.172898
3584.173898
3584.174898
3584.175898
3584.176897
3584.177897
3584.178897
3584.179897
3584.180898
3584.181898
3584.182898
3584.183898
3584.184898
3584.185897
3584.186897
3584.187897
3584.188897
3584.189898
3584.190898
3584.191898
3584.192898
3584.193898
3584.194897
3584.195897
3584.196897
3584.197897
3584.198898
3584.199898
3584.200898
3584.201898
3584.202898
3584.203897
3584.204897
3584.205897
3584.206897
3584.207898
3584.208898
3584.209898
3584.210898
3584.211898
3584.212897
3584.213897
3584.214897
3584.215897
3584.216898
3584.217898
3584.218898
3584.219898
3584.220898
3584.221897
3584.222897
3584.223897
3584.224898
3584.225898
3584.226898
3584.227898
3584.228898
3584.229897
3584.230897
3584.231897
3584.232897
3584.233898
3584.234898
3584.235898
3584.236898
3584.237898
3584.238897
3584.239897
3584.240897
3584.241897
3584.242898
3584.243898
3584.244898
3584.245898
3584.246898
3584.247897
3584.248897
3584.249897
3584.250897
3584.251898
3584.252898
3584.253898
3584.254898
3584.255898
3584.256897
3584.257897
3584.258897
3584.259897
3584.260898
3584.261898
3584.262898
3584.263898
3584.264898
3584.265897
3584.266897
3584.267897
3584.268897
3584.269898
3584.270898
3584.271898
3584.272898
3584.273898
3584.274897
3584.275897
3584.276897
3584.277897
3584.278898
3584.279898
3584.280898
3584.281898
3584.282898
3584.283897
3584.284897
3584.285897
3584.286898
3584.287898
3584.288898
3584.289898
3584.290898
3584.291897
3584.292897
3584.293897
3584.294897
3584.295898
3584.296898
3584.297898
3584.298898
3584.299898
3584.300897
3584.301897
3584.302897
3584.303897
3584.304898
3584.305898
3584.306898
3584.307898
3584.308898
3584.309897
3584.310897
3584.311897
3584.312897
3584.313898
3584.314898
3584.315898
3584.316898
3584.317898
3584.318897
3584.319897
3584.320897
3584.321897
3584.322898
3584.323898
3584.324898
3584.325898
3584.326898
3584.327897
3584.328897
3584.329897
3584.330897
3584.331898
3584.332898
3584.333898
3584.334898
3584.335898
3584.336897
3584.337897
3584.338897
3584.339897
3584.340898
3584.341898
3584.342898
3584.343898
3584.344898
3584.345897
3584.346897
3584.347897
3584.348898
3584.349898
3584.350898
3584.351898
3584.352898
3584.353897
3584.354897
3584.355897
3584.356897
3584.357898
3584.358898
3584.359898
3584.360898
3584.361898
3584.362897
3584.363897
3584.364897
3584.365897
3584.366898
3584.367898
3584.368898
3584.369898
3584.370898
3584.371897
3584.372897
3584.373897
3584.374897
3584.375898
3584.376898
3584.377898
3584.378898
3584.379898
3584.380897
3584.381897
3584.382897
3584.383897
3584.384898
3584.385898
3584.386898
3584.387898
3584.388898
3584.389897
3584.390897
3584.391897
3584.392897
3584.393898
3584.394898
3584.395898
3584.396898
3584.397898
3584.398897
3584.399897
3584.400897
3584.401897
3584.402898
3584.403898
3584.404898
3584.405898
3584.406898
3584.407897
3584.408897
3584.409897
3584.410898
3584.411898
3584.412898
3584.413898
3584.414898
3584.415897
3584.416897
3584.417897
3584.418897
3584.419898
3584.420898
3584.421898
3584.422898
3584.423898
3584.424897
3584.425897
3584.426897
3584.427897
3584.428898
3584.429898
3584.430898
3584.431898
3584.432898
3584.433897
3584.434897
3584.435897
3584.436897
3584.437898
3584.438898
3584.439898
3584.440898
3584.441898
3584.442897
3584.443897
3584.444897
3584.445897
3584.446898
3584.447898
3584.448898
3584.449898
3584.450898
3584.451897
3584.452897
3584.453897
3584.454897
3584.455898
3584.456898
3584.457898
3584.458898
3584.459898
3584.460897
3584.461897
3584.462897
3584.463897
3584.464898
3584.465898
3584.466898
3584.467898
3584.468898
3584.469897
3584.470897
3584.471897
3584.472898
3584.473898
3584.474898
3584.475898
3584.476898
3584.477897
3584.478897
3584.479897
3584.480897
3584.481898
3584.482898
3584.483898
3584.484898
3584.485898
3584.486897
3584.487897
3584.488897
3584.489897
3584.490898
3584.491898
3584.492898
3584.493898
3584.494898
3584.495897
3584.496897
3584.497897
3584.498897
3584.499898
3584.500898
3584.501898
3584.502898
3584.503898
3584.504897
3584.505897
3584.506897
3584.507897
3584.508898
3584.509898
3584.510898
3584.511898
3584.512898
3584.513897
3584.514897
3584.515897
3584.516897
3584.517898
3584.518898
3584.519898
3584.520898
3584.521898
3584.522897
3584.523897
3584.524897
3584.525897
3584.526898
3584.527898
3584.528898
3584.529898
3584.530898
3584.531897
3584.532897
3584.533897
3584.534898
3584.535898
3584.536898
3584.537898
3584.538898
3584.539897
3584.540897
3584.541897
3584.542897
3584.543898
3584.544898
3584.545898
3584.546898
3584.547898
3584.548897
3584.549897
3584.550897
3584.551897
3584.552898
3584.553898
3584.554898
3584.555898
3584.556898
3584.557897
3584.558897
3584.559897
3584.560897
3584.561898
3584.562898
3584.563898
3584.564898
3584.565898
3584.566897
3584.567897
3584.568897
3584.569897
3584.570898
3584.571898
3584.572898
3584.573898
3584.574898
3584.575897
3584.576897
3584.577897
3584.578897
3584.579898
3584.580898
3584.581898
3584.582898
3584.583898
3584.584897
3584.585897
3584.586897
3584.587897
3584.588898
3584.589898
3584.590898
3584.591898
3584.592898
3584.593897
3584.594897
3584.595897
3584.596898
3584.597898
3584.598898
3584.599898
3584.600898
3584.601897
3584.602897
3584.603897
3584.604897
3584.605898
3584.606898
3584.607898
3584.608898
3584.609898
3584.610897
3584.611897
3584.612897
3584.613897
3584.614898
3584.615898
3584.616898
3584.617898
3584.618898
3584.619897
3584.620897
3584.621897
3584.622897
3584.623898
3584.624898
3584.625898
3584.626898
3584.627898
3584.628897
3584.629897
3584.630897
3584.631897
3584.632898
3584.633898
3584.634898
3584.635898
3584.636898
3584.637897
3584.638897
3584.639897
3584.640897
3584.641898
3584.642898
3584.643898
3584.644898
3584.645898
3584.646897
3584.647897
3584.648897
3584.649897
3584.650898
3584.651898
3584.652898
3584.653898
3584.654898
3584.655897
3584.656897
3584.657897
3584.658898
3584.659898
3584.660898
3584.661898
3584.662898
3584.663897
3584.664897
3584.665897
3584.666897
3584.667898
3584.668898
3584.669898
3584.670898
3584.671898
3584.672897
3584.673897
3584.674897
3584.675897
3584.676898
3584.677898
3584.678898
3584.679898
3584.680898
3584.681897
3584.682897
3584.683897
3584.684897
3584.685898
3584.686898
3584.687898
3584.688898
3584.689898
3584.690897
3584.691897
3584.692897
3584.693897
3584.694898
3584.695898
3584.696898
3584.697898
3584.698898
3584.699897
3584.700897
3584.701897
3584.702897
3584.703898
3584.704898
3584.705898
3584.706898
3584.707898
3584.708897
3584.709897
3584.710897
3584.711897
3584.712898
3584.713898
3584.714898
3584.715898
3584.716898
3584.717897
3584.718897
3584.719897
3584.720898
3584.721898
3584.722898
3584.723898
3584.724898
3584.725897
3584.726897
3584.727897
3584.728897
3584.729898
3584.730898
3584.731898
3584.732898
3584.733898
3584.734897
3584.735897
3584.736897
3584.737897
3584.738898
3584.739898
3584.740898
3584.741898
3584.742898
3584.743897
3584.744897
3584.745897
3584.746897
3584.747898
3584.748898
3584.749898
3584.750898
3584.751898
3584.752897
3584.753897
3584.754897
3584.755897
3584.756898
3584.757898
3584.758898
3584.759898
3584.760898
3584.761897
3584.762897
3584.763897
3584.764897
3584.765898
3584.766898
3584.767898
3584.768898
3584.769898
3584.770897
3584.771897
3584.772897
3584.773897
3584.774898
3584.775898
3584.776898
3584.777898
3584.778898
3584.779897
3584.780897
3584.781897
3584.782898
3584.783898
3584.784898
3584.785898
3584.786898
3584.787897
3584.788897
3584.789897
3584.790897
3584.791898
3584.792898
3584.793898
3584.794898
3584.795898
3584.796897
3584.797897
3584.798897
3584.799897
3584.800898
3584.801898
3584.802898
3584.803898
3584.804898
3584.805897
3584.806897
3584.807897
3584.808897
3584.809898
3584.810898
3584.811898
3584.812898
3584.813898
3584.814897
3584.815897
3584.816897
3584.817897
3584.818898
3584.819898
3584.820898
3584.821898
3584.822898
3584.823897
3584.824897
3584.825897
3584.826897
3584.827898
3584.828898
3584.829898
3584.830898
3584.831898
3584.832897
3584.833897
3584.834897
3584.835897
3584.836898
3584.837898
3584.838898
3584.839898
3584.840898
3584.841897
3584.842897
3584.843897
3584.844898
3584.845898
3584.846898
3584.847898
3584.848898
3584.849897
3584.850897
3584.851897
3584.852897
3584.853898
3584.854898
3584.855898
3584.856898
3584.857898
3584.858897
3584.859897
3584.860897
3584.861897
3584.862898
3584.863898
3584.864898
3584.865898
3584.866898
3584.867897
3584.868897
3584.869897
3584.870897
3584.871898
3584.872898
3584.873898
3584.874898
3584.875898
3584.876897
3584.877897
3584.878897
3584.879897
3584.880898
3584.881898
3584.882898
3584.883898
3584.884898
3584.885897
3584.886897
3584.887897
3584.888897
3584.889898
3584.890898
3584.891898
3584.892898
3584.893898
3584.894897
3584.895897
3584.896897
3584.897897
3584.898898
3584.899898
3584.900898
3584.901898
3584.902898
3584.903897
3584.904897
3584.905897
3584.906898
3584.907898
3584.908898
3584.909898
3584.910898
3584.911897
3584.912897
3584.913897
3584.914897
3584.915898
3584.916898
3584.917898
3584.918898
3584.919898
3584.920897
3584.921897
3584.922897
3584.923897
3584.924898
3584.925898
3584.926898
3584.927898
3584.928898
3584.929897
3584.930897
3584.931897
3584.932897
3584.933898
3584.934898
3584.935898
3584.936898
3584.937898
3584.938897
3584.939897
3584.940897
3584.941897
3584.942898
3584.943898
3584.944898
3584.945898
3584.946898
3584.947897
3584.948897
3584.949897
3584.950897
3584.951898
3584.952898
3584.953898
3584.954898
3584.955898
3584.956897
3584.957897
3584.958897
3584.959897
3584.960898
3584.961898
3584.962898
3584.963898
3584.964898
3584.965897
3584.966897
3584.967897
3584.968898
3584.969898
3584.970898
3584.971898
3584.972898
3584.973897
3584.974897
3584.975897
3584.976897
3584.977898
3584.978898
3584.979898
3584.980898
3584.981898
3584.982897
3584.983897
3584.984897
3584.985897
3584.986898
3584.987898
3584.988898
3584.989898
3584.990898
3584.991897
3584.992897
3584.993897
3584.994897
3584.995898
3584.996898
3584.997898
3584.998898
3584.999898
3585.000897
3585.001897
3585.002897
3585.003897
3585.004898
3585.005898
3585.006898
3585.007898
3585.008898
3585.009897
3585.010897
3585.011897
3585.012897
3585.013898
3585.014898
3585.015898
3585.016898
3585.017898
3585.018897
3585.019897
3585.020897
3585.021897
3585.022898
3585.023898
3585.024898
3585.025898
3585.026898
3585.027897
3585.028897
3585.029897
3585.030898
3585.031898
3585.032898
3585.033898
3585.034898
3585.035897
3585.036897
3585.037897
3585.038897
3585.039898
3585.040898
3585.041898
3585.042898
3585.043898
3585.044897
3585.045897
3585.046897
3585.047897
3585.048898
3585.049898
3585.050898
3585.051898
3585.052898
3585.053897
3585.054897
3585.055897
3585.056897
3585.057898
3585.058898
3585.059898
3585.060898
3585.061898
3585.062897
3585.063897
3585.064897
3585.065897
3585.066898
3585.067898
3585.068898
3585.069898
3585.070898
3585.071897
3585.072897
3585.073897
3585.074897
3585.075898
3585.076898
3585.077898
3585.078898
3585.079898
3585.080897
3585.081897
3585.082897
3585.083897
3585.084898
3585.085898
3585.086898
3585.087898
3585.088898
3585.089897
3585.090897
3585.091897
3585.092898
3585.093898
3585.094898
3585.095898
3585.096898
3585.097897
3585.098897
3585.099897
3585.100897
3585.101898
3585.102898
3585.103898
3585.104898
3585.105898
3585.106897
3585.107897
3585.108897
3585.109897
3585.110898
3585.111898
3585.112898
3585.113898
3585.114898
3585.115897
3585.116897
3585.117897
3585.118897
3585.119898
3585.120898
3585.121898
3585.122898
3585.123898
3585.124897
3585.125897
3585.126897
3585.127897
3585.128898
3585.129898
3585.130898
3585.131898
3585.132898
3585.133897
3585.134897
3585.135897
3585.136897
3585.137898
3585.138898
3585.139898
3585.140898
3585.141898
3585.142897
3585.143897
3585.144897
3585.145897
3585.146898
3585.147898
3585.148898
3585.149898
3585.150898
3585.151897
3585.152897
3585.153897
3585.154898
3585.155898
3585.156898
3585.157898
3585.158898
3585.159897
3585.160897
3585.161897
3585.162897
3585.163898
3585.164898
3585.165898
3585.166898
3585.167898
3585.168897
3585.169897
3585.170897
3585.171897
3585.172898
3585.173898
3585.174898
3585.175898
3585.176898
3585.177897
3585.178897
3585.179897
3585.180897
3585.181898
3585.182898
3585.183898
3585.184898
3585.185898
3585.186897
3585.187897
3585.188897
3585.189897
3585.190898
3585.191898
3585.192898
3585.193898
3585.194898
3585.195897
3585.196897
3585.197897
3585.198897
3585.199898
3585.200898
3585.201898
3585.202898
3585.203898
3585.204897
3585.205897
3585.206897
3585.207897
3585.208898
3585.209898
3585.210898
3585.211898
3585.212898
3585.213897
3585.214897
3585.215897
3585.216898
3585.217898
3585.218898
3585.219898
3585.220898
3585.221897
3585.222897
3585.223897
3585.224897
3585.225898
3585.226898
3585.227898
3585.228898
3585.229898
3585.230897
3585.231897
3585.232897
3585.233897
3585.234898
3585.235898
3585.236898
3585.237898
3585.238898
3585.239897
3585.240897
3585.241897
3585.242897
3585.243898
3585.244898
3585.245898
3585.246898
3585.247898
3585.248897
3585.249897
3585.250897
3585.251897
3585.252898
3585.253898
3585.254898
3585.255898
3585.256898
3585.257897
3585.258897
3585.259897
3585.260897
3585.261898
3585.262898
3585.263898
3585.264898
3585.265898
3585.266897
3585.267897
3585.268897
3585.269897
3585.270898
3585.271898
3585.272898
3585.273898
3585.274898
3585.275897
3585.276897
3585.277897
3585.278898
3585.279898
3585.280898
3585.281898
3585.282898
3585.283897
3585.284897
3585.285897
3585.286897
3585.287898
3585.288898
3585.289898
3585.290898
3585.291898
3585.292897
3585.293897
3585.294897
3585.295897
3585.296898
3585.297898
3585.298898
3585.299898
3585.300898
3585.301897
3585.302897
3585.303897
3585.304897
3585.305898
3585.306898
3585.307898
3585.308898
3585.309898
3585.310897
3585.311897
3585.312897
3585.313897
3585.314898
3585.315898
3585.316898
3585.317898
3585.318898
3585.319897
3585.320897
3585.321897
3585.322897
3585.323898
3585.324898
3585.325898
3585.326898
3585.327898
3585.328897
3585.329897
3585.330897
3585.331897
3585.332898
3585.333898
3585.334898
3585.335898
3585.336898
3585.337897
3585.338897
3585.339897
3585.340898
3585.341898
3585.342898
3585.343898
3585.344898
3585.345897
3585.346897
3585.347897
3585.348897
3585.349898
3585.350898
3585.351898
3585.352898
3585.353898
3585.354897
3585.355897
3585.356897
3585.357897
3585.358898
3585.359898
3585.360898
3585.361898
3585.362898
3585.363897
3585.364897
3585.365897
3585.366897
3585.367898
3585.368898
3585.369898
3585.370898
3585.371898
3585.372897
3585.373897
3585.374897
3585.375897
3585.376898
3585.377898
3585.378898
3585.379898
3585.380898
3585.381897
3585.382897
3585.383897
3585.384897
3585.385898
3585.386898
3585.387898
3585.388898
3585.389898
3585.390897
3585.391897
3585.392897
3585.393897
3585.394898
3585.395898
3585.396898
3585.397898
3585.398898
3585.399897
3585.400897
3585.401897
3585.402898
3585.403898
3585.404898
3585.405898
3585.406898
3585.407897
3585.408897
3585.409897
3585.410897
3585.411898
3585.412898
3585.413898
3585.414898
3585.415898
3585.416897
3585.417897
3585.418897
3585.419897
3585.420898
3585.421898
3585.422898
3585.423898
3585.424898
3585.425897
3585.426897
3585.427897
3585.428897
3585.429898
3585.430898
3585.431898
3585.432898
3585.433898
3585.434897
3585.435897
3585.436897
3585.437897
3585.438898
3585.439898
3585.440898
3585.441898
3585.442898
3585.443897
3585.444897
3585.445897
3585.446897
3585.447898
3585.448898
3585.449898
3585.450898
3585.451898
3585.452897
3585.453897
3585.454897
3585.455897
3585.456898
3585.457898
3585.458898
3585.459898
3585.460898
3585.461897
3585.462897
3585.463897
3585.464898
3585.465898
3585.466898
3585.467898
3585.468898
3585.469897
3585.470897
3585.471897
3585.472897
3585.473898
3585.474898
3585.475898
3585.476898
3585.477898
3585.478897
3585.479897
3585.480897
3585.481897
3585.482898
3585.483898
3585.484898
3585.485898
3585.486898
3585.487897
3585.488897
3585.489897
3585.490897
3585.491898
3585.492898
3585.493898
3585.494898
3585.495898
3585.496897
3585.497897
3585.498897
3585.499897
3585.500898
3585.501898
3585.502898
3585.503898
3585.504898
3585.505897
3585.506897
3585.507897
3585.508897
3585.509898
3585.510898
3585.511898
3585.512898
3585.513898
3585.514897
3585.515897
3585.516897
3585.517897
3585.518898
3585.519898
3585.520898
3585.521898
3585.522898
3585.523897
3585.524897
3585.525897
3585.526898
3585.527898
3585.528898
3585.529898
3585.530898
3585.531897
3585.532897
3585.533897
3585.534897
3585.535898
3585.536898
3585.537898
3585.538898
3585.539898
3585.540897
3585.541897
3585.542897
3585.543897
3585.544898
3585.545898
3585.546898
3585.547898
3585.548898
3585.549897
3585.550897
3585.551897
3585.552897
3585.553898
3585.554898
3585.555898
3585.556898
3585.557898
3585.558897
3585.559897
3585.560897
3585.561897
3585.562898
3585.563898
3585.564898
3585.565898
3585.566898
3585.567897
3585.568897
3585.569897
3585.570897
3585.571898
3585.572898
3585.573898
3585.574898
3585.575898
3585.576897
3585.577897
3585.578897
3585.579897
3585.580898
3585.581898
3585.582898
3585.583898
3585.584898
3585.585897
3585.586897
3585.587897
3585.588898
3585.589898
3585.590898
3585.591898
3585.592898
3585.593897
3585.594897
3585.595897
3585.596897
3585.597898
3585.598898
3585.599898
3585.600898
3585.601898
3585.602897
3585.603897
3585.604897
3585.605897
3585.606898
3585.607898
3585.608898
3585.609898
3585.610898
3585.611897
3585.612897
3585.613897
3585.614897
3585.615898
3585.616898
3585.617898
3585.618898
3585.619898
3585.620897
3585.621897
3585.622897
3585.623897
3585.624898
3585.625898
3585.626898
3585.627898
3585.628898
3585.629897
3585.630897
3585.631897
3585.632897
3585.633898
3585.634898
3585.635898
3585.636898
3585.637898
3585.638897
3585.639897
3585.640897
3585.641897
3585.642898
3585.643898
3585.644898
3585.645898
3585.646898
3585.647897
3585.648897
3585.649897
3585.650898
3585.651898
3585.652898
3585.653898
3585.654898
3585.655897
3585.656897
3585.657897
3585.658897
3585.659898
3585.660898
3585.661898
3585.662898
3585.663898
3585.664897
3585.665897
3585.666897
3585.667897
3585.668898
3585.669898
3585.670898
3585.671898
3585.672898
3585.673897
3585.674897
3585.675897
3585.676897
3585.677898
3585.678898
3585.679898
3585.680898
3585.681898
3585.682897
3585.683897
3585.684897
3585.685897
3585.686898
3585.687898
3585.688898
3585.689898
3585.690898
3585.691897
3585.692897
3585.693897
3585.694897
3585.695898
3585.696898
3585.697898
3585.698898
3585.699898
3585.700897
3585.701897
3585.702897
3585.703897
3585.704898
3585.705898
3585.706898
3585.707898
3585.708898
3585.709897
3585.710897
3585.711897
3585.712898
3585.713898
3585.714898
3585.715898
3585.716898
3585.717897
3585.718897
3585.719897
3585.720897
3585.721898
3585.722898
3585.723898
3585.724898
3585.725898
3585.726897
3585.727897
3585.728897
3585.729897
3585.730898
3585.731898
3585.732898
3585.733898
3585.734898
3585.735897
3585.736897
3585.737897
3585.738897
3585.739898
3585.740898
3585.741898
3585.742898
3585.743898
3585.744897
3585.745897
3585.746897
3585.747897
3585.748898
3585.749898
3585.750898
3585.751898
3585.752898
3585.753897
3585.754897
3585.755897
3585.756897
3585.757898
3585.758898
3585.759898
3585.760898
3585.761898
3585.762897
3585.763897
3585.764897
3585.765897
3585.766898
3585.767898
3585.768898
3585.769898
3585.770898
3585.771897
3585.772897
3585.773897
3585.774898
3585.775898
3585.776898
3585.777898
3585.778898
3585.779897
3585.780897
3585.781897
3585.782897
3585.783898
3585.784898
3585.785898
3585.786898
3585.787898
3585.788897
3585.789897
3585.790897
3585.791897
3585.792898
3585.793898
3585.794898
3585.795898
3585.796898
3585.797897
3585.798897
3585.799897
3585.800897
3585.801898
3585.802898
3585.803898
3585.804898
3585.805898
3585.806897
3585.807897
3585.808897
3585.809897
3585.810898
3585.811898
3585.812898
3585.813898
3585.814898
3585.815897
3585.816897
3585.817897
3585.818897
3585.819898
3585.820898
3585.821898
3585.822898
3585.823898
3585.824897
3585.825897
3585.826897
3585.827897
3585.828898
3585.829898
3585.830898
3585.831898
3585.832898
3585.833897
3585.834897
3585.835897
3585.836898
3585.837898
3585.838898
3585.839898
3585.840898
3585.841897
3585.842897
3585.843897
3585.844897
3585.845898
3585.846898
3585.847898
3585.848898
3585.849898
3585.850897
3585.851897
3585.852897
3585.853897
3585.854898
3585.855898
3585.856898
3585.857898
3585.858898
3585.859897
3585.860897
3585.861897
3585.862897
3585.863898
3585.864898
3585.865898
3585.866898
3585.867898
3585.868897
3585.869897
3585.870897
3585.871897
3585.872898
3585.873898
3585.874898
3585.875898
3585.876898
3585.877897
3585.878897
3585.879897
3585.880897
3585.881898
3585.882898
3585.883898
3585.884898
3585.885898
3585.886897
3585.887897
3585.888897
3585.889897
3585.890898
3585.891898
3585.892898
3585.893898
3585.894898
3585.895897
3585.896897
3585.897897
3585.898898
3585.899898
3585.900898
3585.901898
3585.902898
3585.903897
3585.904897
3585.905897
3585.906897
3585.907898
3585.908898
3585.909898
3585.910898
3585.911898
3585.912897
3585.913897
3585.914897
3585.915897
3585.916898
3585.917898
3585.918898
3585.919898
3585.920898
3585.921897
3585.922897
3585.923897
3585.924897
3585.925898
3585.926898
3585.927898
3585.928898
3585.929898
3585.930897
3585.931897
3585.932897
3585.933897
3585.934898
3585.935898
3585.936898
3585.937898
3585.938898
3585.939897
3585.940897
3585.941897
3585.942897
3585.943898
3585.944898
3585.945898
3585.946898
3585.947898
3585.948897
3585.949897
3585.950897
3585.951897
3585.952898
3585.953898
3585.954898
3585.955898
3585.956898
3585.957897
3585.958897
3585.959897
3585.960898
3585.961898
3585.962898
3585.963898
3585.964898
3585.965897
3585.966897
3585.967897
3585.968897
3585.969898
3585.970898
3585.971898
3585.972898
3585.973898
3585.974897
3585.975897
3585.976897
3585.977897
3585.978898
3585.979898
3585.980898
3585.981898
3585.982898
3585.983897
3585.984897
3585.985897
3585.986897
3585.987898
3585.988898
3585.989898
3585.990898
3585.991898
3585.992897
3585.993897
3585.994897
3585.995897
3585.996898
3585.997898
3585.998898
3585.999898
3586.000898
3586.001897
3586.002897
3586.003897
3586.004897
3586.005898
3586.006898
3586.007898
3586.008898
3586.009898
3586.010897
3586.011897
3586.012897
3586.013897
3586.014898
3586.015898
3586.016898
3586.017898
3586.018898
3586.019897
3586.020897
3586.021897
3586.022898
3586.023898
3586.024898
3586.025898
3586.026898
3586.027897
3586.028897
3586.029897
3586.030897
3586.031898
3586.032898
3586.033898
3586.034898
3586.035898
3586.036897
3586.037897
3586.038897
3586.039897
3586.040898
3586.041898
3586.042898
3586.043898
3586.044898
3586.045897
3586.046897
3586.047897
3586.048897
3586.049898
3586.050898
3586.051898
3586.052898
3586.053898
3586.054897
3586.055897
3586.056897
3586.057897
3586.058898
3586.059898
3586.060898
3586.061898
3586.062898
3586.063897
3586.064897
3586.065897
3586.066897
3586.067898
3586.068898
3586.069898
3586.070898
3586.071898
3586.072897
3586.073897
3586.074897
3586.075897
3586.076898
3586.077898
3586.078898
3586.079898
3586.080898
3586.081897
3586.082897
3586.083897
3586.084898
3586.085898
3586.086898
3586.087898
3586.088898
3586.089897
3586.090897
3586.091897
3586.092897
3586.093898
3586.094898
3586.095898
3586.096898
3586.097898
3586.098897
3586.099897
3586.100897
3586.101897
3586.102898
3586.103898
3586.104898
3586.105898
3586.106898
3586.107897
3586.108897
3586.109897
3586.110897
3586.111898
3586.112898
3586.113898
3586.114898
3586.115898
3586.116897
3586.117897
3586.118897
3586.119897
3586.120898
3586.121898
3586.122898
3586.123898
3586.124898
3586.125897
3586.126897
3586.127897
3586.128897
3586.129898
3586.130898
3586.131898
3586.132898
3586.133898
3586.134897
3586.135897
3586.136897
3586.137897
3586.138898
3586.139898
3586.140898
3586.141898
3586.142898
3586.143897
3586.144897
3586.145897
3586.146898
3586.147898
3586.148898
3586.149898
3586.150898
3586.151897
3586.152897
3586.153897
3586.154897
3586.155898
3586.156898
3586.157898
3586.158898
3586.159898
3586.160897
3586.161897
3586.162897
3586.163897
3586.164898
3586.165898
3586.166898
3586.167898
3586.168898
3586.169897
3586.170897
3586.171897
3586.172897
3586.173898
3586.174898
3586.175898
3586.176898
3586.177898
3586.178897
3586.179897
3586.180897
3586.181897
3586.182898
3586.183898
3586.184898
3586.185898
3586.186898
3586.187897
3586.188897
3586.189897
3586.190897
3586.191898
3586.192898
3586.193898
3586.194898
3586.195898
3586.196897
3586.197897
3586.198897
3586.199897
3586.200898
3586.201898
3586.202898
3586.203898
3586.204898
3586.205897
3586.206897
3586.207897
3586.208898
3586.209898
3586.210898
3586.211898
3586.212898
3586.213897
3586.214897
3586.215897
3586.216897
3586.217898
3586.218898
3586.219898
3586.220898
3586.221898
3586.222897
3586.223897
3586.224897
3586.225897
3586.226898
3586.227898
3586.228898
3586.229898
3586.230898
3586.231897
3586.232897
3586.233897
3586.234897
3586.235898
3586.236898
3586.237898
3586.238898
3586.239898
3586.240897
3586.241897
3586.242897
3586.243897
3586.244898
3586.245898
3586.246898
3586.247898
3586.248898
3586.249897
3586.250897
3586.251897
3586.252897
3586.253898
3586.254898
3586.255898
3586.256898
3586.257898
3586.258897
3586.259897
3586.260897
3586.261897
3586.262898
3586.263898
3586.264898
3586.265898
3586.266898
3586.267897
3586.268897
3586.269897
3586.270898
3586.271898
3586.272898
3586.273898
3586.274898
3586.275897
3586.276897
3586.277897
3586.278897
3586.279898
3586.280898
3586.281898
3586.282898
3586.283898
3586.284897
3586.285897
3586.286897
3586.287897
3586.288898
3586.289898
3586.290898
3586.291898
3586.292898
3586.293897
3586.294897
3586.295897
3586.296897
3586.297898
3586.298898
3586.299898
3586.300898
3586.301898
3586.302897
3586.303897
3586.304897
3586.305897
3586.306898
3586.307898
3586.308898
3586.309898
3586.310898
3586.311897
3586.312897
3586.313897
3586.314897
3586.315898
3586.316898
3586.317898
3586.318898
3586.319898
3586.320897
3586.321897
3586.322897
3586.323897
3586.324898
3586.325898
3586.326898
3586.327898
3586.328898
3586.329897
3586.330897
3586.331897
3586.332898
3586.333898
3586.334898
3586.335898
3586.336898
3586.337897
3586.338897
3586.339897
3586.340897
3586.341898
3586.342898
3586.343898
3586.344898
3586.345898
3586.346897
3586.347897
3586.348897
3586.349897
3586.350898
3586.351898
3586.352898
3586.353898
3586.354898
3586.355897
3586.356897
3586.357897
3586.358897
3586.359898
3586.360898
3586.361898
3586.362898
3586.363898
3586.364897
3586.365897
3586.366897
3586.367897
3586.368898
3586.369898
3586.370898
3586.371898
3586.372898
3586.373897
3586.374897
3586.375897
3586.376897
3586.377898
3586.378898
3586.379898
3586.380898
3586.381898
3586.382897
3586.383897
3586.384897
3586.385897
3586.386898
3586.387898
3586.388898
3586.389898
3586.390898
3586.391897
3586.392897
3586.393897
3586.394898
3586.395898
3586.396898
3586.397898
3586.398898
3586.399897
3586.400897
3586.401897
3586.402897
3586.403898
3586.404898
3586.405898
3586.406898
3586.407898
3586.408897
3586.409897
3586.410897
3586.411897
3586.412898
3586.413898
3586.414898
3586.415898
3586.416898
3586.417897
3586.418897
3586.419897
3586.420897
3586.421898
3586.422898
3586.423898
3586.424898
3586.425898
3586.426897
3586.427897
3586.428897
3586.429897
3586.430898
3586.431898
3586.432898
3586.433898
3586.434898
3586.435897
3586.436897
3586.437897
3586.438897
3586.439898
3586.440898
3586.441898
3586.442898
3586.443898
3586.444897
3586.445897
3586.446897
3586.447897
3586.448898
3586.449898
3586.450898
3586.451898
3586.452898
3586.453897
3586.454897
3586.455897
3586.456898
3586.457898
3586.458898
3586.459898
3586.460898
3586.461897
3586.462897
3586.463897
3586.464897
3586.465898
3586.466898
3586.467898
3586.468898
3586.469898
3586.470897
3586.471897
3586.472897
3586.473897
3586.474898
3586.475898
3586.476898
3586.477898
3586.478898
3586.479897
3586.480897
3586.481897
3586.482897
3586.483898
3586.484898
3586.485898
3586.486898
3586.487898
3586.488897
3586.489897
3586.490897
3586.491897
3586.492898
3586.493898
3586.494898
3586.495898
3586.496898
3586.497897
3586.498897
3586.499897
3586.500897
3586.501898
3586.502898
3586.503898
3586.504898
3586.505898
3586.506897
3586.507897
3586.508897
3586.509897
3586.510898
3586.511898
3586.512898
3586.513898
3586.514898
3586.515897
3586.516897
3586.517897
3586.518898
3586.519898
3586.520898
3586.521898
3586.522898
3586.523897
3586.524897
3586.525897
3586.526897
3586.527898
3586.528898
3586.529898
3586.530898
3586.531898
3586.532897
3586.533897
3586.534897
3586.535897
3586.536898
3586.537898
3586.538898
3586.539898
3586.540898
3586.541897
3586.542897
3586.543897
3586.544897
3586.545898
3586.546898
3586.547898
3586.548898
3586.549898
3586.550897
3586.551897
3586.552897
3586.553897
3586.554898
3586.555898
3586.556898
3586.557898
3586.558898
3586.559897
3586.560897
3586.561897
3586.562897
3586.563898
3586.564898
3586.565898
3586.566898
3586.567898
3586.568897
3586.569897
3586.570897
3586.571897
3586.572898
3586.573898
3586.574898
3586.575898
3586.576898
3586.577897
3586.578897
3586.579897
3586.580898
3586.581898
3586.582898
3586.583898
3586.584898
3586.585897
3586.586897
3586.587897
3586.588897
3586.589898
3586.590898
3586.591898
3586.592898
3586.593898
3586.594897
3586.595897
3586.596897
3586.597897
3586.598898
3586.599898
3586.600898
3586.601898
3586.602898
3586.603897
3586.604897
3586.605897
3586.606897
3586.607898
3586.608898
3586.609898
3586.610898
3586.611898
3586.612897
3586.613897
3586.614897
3586.615897
3586.616898
3586.617898
3586.618898
3586.619898
3586.620898
3586.621897
3586.622897
3586.623897
3586.624897
3586.625898
3586.626898
3586.627898
3586.628898
3586.629898
3586.630897
3586.631897
3586.632897
3586.633897
3586.634898
3586.635898
3586.636898
3586.637898
3586.638898
3586.639897
3586.640897
3586.641897
3586.642898
3586.643898
3586.644898
3586.645898
3586.646898
3586.647897
3586.648897
3586.649897
3586.650897
3586.651898
3586.652898
3586.653898
3586.654898
3586.655898
3586.656897
3586.657897
3586.658897
3586.659897
3586.660898
3586.661898
3586.662898
3586.663898
3586.664898
3586.665897
3586.666897
3586.667897
3586.668897
3586.669898
3586.670898
3586.671898
3586.672898
3586.673898
3586.674897
3586.675897
3586.676897
3586.677897
3586.678898
3586.679898
3586.680898
3586.681898
3586.682898
3586.683897
3586.684897
3586.685897
3586.686897
3586.687898
3586.688898
3586.689898
3586.690898
3586.691898
3586.692897
3586.693897
3586.694897
3586.695897
3586.696898
3586.697898
3586.698898
3586.699898
3586.700898
3586.701897
3586.702897
3586.703897
3586.704898
3586.705898
3586.706898
3586.707898
3586.708898
3586.709897
3586.710897
3586.711897
3586.712897
3586.713898
3586.714898
3586.715898
3586.716898
3586.717898
3586.718897
3586.719897
3586.720897
3586.721897
3586.722898
3586.723898
3586.724898
3586.725898
3586.726898
3586.727897
3586.728897
3586.729897
3586.730897
3586.731898
3586.732898
3586.733898
3586.734898
3586.735898
3586.736897
3586.737897
3586.738897
3586.739897
3586.740898
3586.741898
3586.742898
3586.743898
3586.744898
3586.745897
3586.746897
3586.747897
3586.748897
3586.749898
3586.750898
3586.751898
3586.752898
3586.753898
3586.754897
3586.755897
3586.756897
3586.757897
3586.758898
3586.759898
3586.760898
3586.761898
3586.762898
3586.763897
3586.764897
3586.765897
3586.766898
3586.767898
3586.768898
3586.769898
3586.770898
3586.771897
3586.772897
3586.773897
3586.774897
3586.775898
3586.776898
3586.777898
3586.778898
3586.779898
3586.780897
3586.781897
3586.782897
3586.783897
3586.784898
3586.785898
3586.786898
3586.787898
3586.788898
3586.789897
3586.790897
3586.791897
3586.792897
3586.793898
3586.794898
3586.795898
3586.796898
3586.797898
3586.798897
3586.799897
3586.800897
3586.801897
3586.802898
3586.803898
3586.804898
3586.805898
3586.806898
3586.807897
3586.808897
3586.809897
3586.810897
3586.811898
3586.812898
3586.813898
3586.814898
3586.815898
3586.816897
3586.817897
3586.818897
3586.819897
3586.820898
3586.821898
3586.822898
3586.823898
3586.824898
3586.825897
3586.826897
3586.827897
3586.828898
3586.829898
3586.830898
3586.831898
3586.832898
3586.833897
3586.834897
3586.835897
3586.836897
3586.837898
3586.838898
3586.839898
3586.840898
3586.841898
3586.842897
3586.843897
3586.844897
3586.845897
3586.846898
3586.847898
3586.848898
3586.849898
3586.850898
3586.851897
3586.852897
3586.853897
3586.854897
3586.855898
3586.856898
3586.857898
3586.858898
3586.859898
3586.860897
3586.861897
3586.862897
3586.863897
3586.864898
3586.865898
3586.866898
3586.867898
3586.868898
3586.869897
3586.870897
3586.871897
3586.872897
3586.873898
3586.874898
3586.875898
3586.876898
3586.877898
3586.878897
3586.879897
3586.880897
3586.881897
3586.882898
3586.883898
3586.884898
3586.885898
3586.886898
3586.887897
3586.888897
3586.889897
3586.890898
3586.891898
3586.892898
3586.893898
3586.894898
3586.895897
3586.896897
3586.897897
3586.898897
3586.899898
3586.900898
3586.901898
3586.902898
3586.903898
3586.904897
3586.905897
3586.906897
3586.907897
3586.908898
3586.909898
3586.910898
3586.911898
3586.912898
3586.913897
3586.914897
3586.915897
3586.916897
3586.917898
3586.918898
3586.919898
3586.920898
3586.921898
3586.922897
3586.923897
3586.924897
3586.925897
3586.926898
3586.927898
3586.928898
3586.929898
3586.930898
3586.931897
3586.932897
3586.933897
3586.934897
3586.935898
3586.936898
3586.937898
3586.938898
3586.939898
3586.940897
3586.941897
3586.942897
3586.943897
3586.944898
3586.945898
3586.946898
3586.947898
3586.948898
3586.949897
3586.950897
3586.951897
3586.952898
3586.953898
3586.954898
3586.955898
3586.956898
3586.957897
3586.958897
3586.959897
3586.960897
3586.961898
3586.962898
3586.963898
3586.964898
3586.965898
3586.966897
3586.967897
3586.968897
3586.969897
3586.970898
3586.971898
3586.972898
3586.973898
3586.974898
3586.975897
3586.976897
3586.977897
3586.978897
3586.979898
3586.980898
3586.981898
3586.982898
3586.983898
3586.984897
3586.985897
3586.986897
3586.987897
3586.988898
3586.989898
3586.990898
3586.991898
3586.992898
3586.993897
3586.994897
3586.995897
3586.996897
3586.997898
3586.998898
3586.999898
3587.000898
3587.001898
3587.002897
3587.003897
3587.004897
3587.005897
3587.006898
3587.007898
3587.008898
3587.009898
3587.010898
3587.011897
3587.012897
3587.013897
3587.014898
3587.015898
3587.016898
3587.017898
3587.018898
3587.019897
3587.020897
3587.021897
3587.022897
3587.023898
3587.024898
3587.025898
3587.026898
3587.027898
3587.028897
3587.029897
3587.030897
3587.031897
3587.032898
3587.033898
3587.034898
3587.035898
3587.036898
3587.037897
3587.038897
3587.039897
3587.040897
3587.041898
3587.042898
3587.043898
3587.044898
3587.045898
3587.046897
3587.047897
3587.048897
3587.049897
3587.050898
3587.051898
3587.052898
3587.053898
3587.054898
3587.055897
3587.056897
3587.057897
3587.058897
3587.059898
3587.060898
3587.061898
3587.062898
3587.063898
3587.064897
3587.065897
3587.066897
3587.067897
3587.068898
3587.069898
3587.070898
3587.071898
3587.072898
3587.073897
3587.074897
3587.075897
3587.076898
3587.077898
3587.078898
3587.079898
3587.080898
3587.081897
3587.082897
3587.083897
3587.084897
3587.085898
3587.086898
3587.087898
3587.088898
3587.089898
3587.090897
3587.091897
3587.092897
3587.093897
3587.094898
3587.095898
3587.096898
3587.097898
3587.098898
3587.099897
3587.100897
3587.101897
3587.102897
3587.103898
3587.104898
3587.105898
3587.106898
3587.107898
3587.108897
3587.109897
3587.110897
3587.111897
3587.112898
3587.113898
3587.114898
3587.115898
3587.116898
3587.117897
3587.118897
3587.119897
3587.120897
3587.121898
3587.122898
3587.123898
3587.124898
3587.125898
3587.126897
3587.127897
3587.128897
3587.129897
3587.130898
3587.131898
3587.132898
3587.133898
3587.134898
3587.135897
3587.136897
3587.137897
3587.138898
3587.139898
3587.140898
3587.141898
3587.142898
3587.143897
3587.144897
3587.145897
3587.146897
3587.147898
3587.148898
3587.149898
3587.150898
3587.151898
3587.152897
3587.153897
3587.154897
3587.155897
3587.156898
3587.157898
3587.158898
3587.159898
3587.160898
3587.161897
3587.162897
3587.163897
3587.164897
3587.165898
3587.166898
3587.167898
3587.168898
3587.169898
3587.170897
3587.171897
3587.172897
3587.173897
3587.174898
3587.175898
3587.176898
3587.177898
3587.178898
3587.179897
3587.180897
3587.181897
3587.182897
3587.183898
3587.184898
3587.185898
3587.186898
3587.187898
3587.188897
3587.189897
3587.190897
3587.191897
3587.192898
3587.193898
3587.194898
3587.195898
3587.196898
3587.197897
3587.198897
3587.199897
3587.200898
3587.201898
3587.202898
3587.203898
3587.204898
3587.205897
3587.206897
3587.207897
3587.208897
3587.209898
3587.210898
3587.211898
3587.212898
3587.213898
3587.214897
3587.215897
3587.216897
3587.217897
3587.218898
3587.219898
3587.220898
3587.221898
3587.222898
3587.223897
3587.224897
3587.225897
3587.226897
3587.227898
3587.228898
3587.229898
3587.230898
3587.231898
3587.232897
3587.233897
3587.234897
3587.235897
3587.236898
3587.237898
3587.238898
3587.239898
3587.240898
3587.241897
3587.242897
3587.243897
3587.244897
3587.245898
3587.246898
3587.247898
3587.248898
3587.249898
3587.250897
3587.251897
3587.252897
3587.253897
3587.254898
3587.255898
3587.256898
3587.257898
3587.258898
3587.259897
3587.260897
3587.261897
3587.262898
3587.263898
3587.264898
3587.265898
3587.266898
3587.267897
3587.268897
3587.269897
3587.270897
3587.271898
3587.272898
3587.273898
3587.274898
3587.275898
3587.276897
3587.277897
3587.278897
3587.279897
3587.280898
3587.281898
3587.282898
3587.283898
3587.284898
3587.285897
3587.286897
3587.287897
3587.288897
3587.289898
3587.290898
3587.291898
3587.292898
3587.293898
3587.294897
3587.295897
3587.296897
3587.297897
3587.298898
3587.299898
3587.300898
3587.301898
3587.302898
3587.303897
3587.304897
3587.305897
3587.306897
3587.307898
3587.308898
3587.309898
3587.310898
3587.311898
3587.312897
3587.313897
3587.314897
3587.315897
3587.316898
3587.317898
3587.318898
3587.319898
3587.320898
3587.321897
3587.322897
3587.323897
3587.324898
3587.325898
3587.326898
3587.327898
3587.328898
3587.329897
3587.330897
3587.331897
3587.332897
3587.333898
3587.334898
3587.335898
3587.336898
3587.337898
3587.338897
3587.339897
3587.340897
3587.341897
3587.342898
3587.343898
3587.344898
3587.345898
3587.346898
3587.347897
3587.348897
3587.349897
3587.350897
3587.351898
3587.352898
3587.353898
3587.354898
3587.355898
3587.356897
3587.357897
3587.358897
3587.359897
3587.360898
3587.361898
3587.362898
3587.363898
3587.364898
3587.365897
3587.366897
3587.367897
3587.368897
3587.369898
3587.370898
3587.371898
3587.372898
3587.373898
3587.374897
3587.375897
3587.376897
3587.377897
3587.378898
3587.379898
3587.380898
3587.381898
3587.382898
3587.383897
3587.384897
3587.385897
3587.386898
3587.387898
3587.388898
3587.389898
3587.390898
3587.391897
3587.392897
3587.393897
3587.394897
3587.395898
3587.396898
3587.397898
3587.398898
3587.399898
3587.400897
3587.401897
3587.402897
3587.403897
3587.404898
3587.405898
3587.406898
3587.407898
3587.408898
3587.409897
3587.410897
3587.411897
3587.412897
3587.413898
3587.414898
3587.415898
3587.416898
3587.417898
3587.418897
3587.419897
3587.420897
3587.421897
3587.422898
3587.423898
3587.424898
3587.425898
3587.426898
3587.427897
3587.428897
3587.429897
3587.430897
3587.431898
3587.432898
3587.433898
3587.434898
3587.435898
3587.436897
3587.437897
3587.438897
3587.439897
3587.440898
3587.441898
3587.442898
3587.443898
3587.444898
3587.445897
3587.446897
3587.447897
3587.448898
3587.449898
3587.450898
3587.451898
3587.452898
3587.453897
3587.454897
3587.455897
3587.456897
3587.457898
3587.458898
3587.459898
3587.460898
3587.461898
3587.462897
3587.463897
3587.464897
3587.465897
3587.466898
3587.467898
3587.468898
3587.469898
3587.470898
3587.471897
3587.472897
3587.473897
3587.474897
3587.475898
3587.476898
3587.477898
3587.478898
3587.479898
3587.480897
3587.481897
3587.482897
3587.483897
3587.484898
3587.485898
3587.486898
3587.487898
3587.488898
3587.489897
3587.490897
3587.491897
3587.492897
3587.493898
3587.494898
3587.495898
3587.496898
3587.497898
3587.498897
3587.499897
3587.500897
3587.501897
3587.502898
3587.503898
3587.504898
3587.505898
3587.506898
3587.507897
3587.508897
3587.509897
3587.510898
3587.511898
3587.512898
3587.513898
3587.514898
3587.515897
3587.516897
3587.517897
3587.518897
3587.519898
3587.520898
3587.521898
3587.522898
3587.523898
3587.524897
3587.525897
3587.526897
3587.527897
3587.528898
3587.529898
3587.530898
3587.531898
3587.532898
3587.533897
3587.534897
3587.535897
3587.536897
3587.537898
3587.538898
3587.539898
3587.540898
3587.541898
3587.542897
3587.543897
3587.544897
3587.545897
3587.546898
3587.547898
3587.548898
3587.549898
3587.550898
3587.551897
3587.552897
3587.553897
3587.554897
3587.555898
3587.556898
3587.557898
3587.558898
3587.559898
3587.560897
3587.561897
3587.562897
3587.563897
3587.564898
3587.565898
3587.566898
3587.567898
3587.568898
3587.569897
3587.570897
3587.571897
3587.572898
3587.573898
3587.574898
3587.575898
3587.576898
3587.577897
3587.578897
3587.579897
3587.580897
3587.581898
3587.582898
3587.583898
3587.584898
3587.585898
3587.586897
3587.587897
3587.588897
3587.589897
3587.590898
3587.591898
3587.592898
3587.593898
3587.594898
3587.595897
3587.596897
3587.597897
3587.598897
3587.599898
3587.600898
3587.601898
3587.602898
3587.603898
3587.604897
3587.605897
3587.606897
3587.607897
3587.608898
3587.609898
3587.610898
3587.611898
3587.612898
3587.613897
3587.614897
3587.615897
3587.616897
3587.617898
3587.618898
3587.619898
3587.620898
3587.621898
3587.622897
3587.623897
3587.624897
3587.625897
3587.626898
3587.627898
3587.628898
3587.629898
3587.630898
3587.631897
3587.632897
3587.633897
3587.634898
3587.635898
3587.636898
3587.637898
3587.638898
3587.639897
3587.640897
3587.641897
3587.642897
3587.643898
3587.644898
3587.645898
3587.646898
3587.647898
3587.648897
3587.649897
3587.650897
3587.651897
3587.652898
3587.653898
3587.654898
3587.655898
3587.656898
3587.657897
3587.658897
3587.659897
3587.660897
3587.661898
3587.662898
3587.663898
3587.664898
3587.665898
3587.666897
3587.667897
3587.668897
3587.669897
3587.670898
3587.671898
3587.672898
3587.673898
3587.674898
3587.675897
3587.676897
3587.677897
3587.678897
3587.679898
3587.680898
3587.681898
3587.682898
3587.683898
3587.684897
3587.685897
3587.686897
3587.687897
3587.688898
3587.689898
3587.690898
3587.691898
3587.692898
3587.693897
3587.694897
3587.695897
3587.696898
3587.697898
3587.698898
3587.699898
3587.700898
3587.701897
3587.702897
3587.703897
3587.704897
3587.705898
3587.706898
3587.707898
3587.708898
3587.709898
3587.710897
3587.711897
3587.712897
3587.713897
3587.714898
3587.715898
3587.716898
3587.717898
3587.718898
3587.719897
3587.720897
3587.721897
3587.722897
3587.723898
3587.724898
3587.725898
3587.726898
3587.727898
3587.728897
3587.729897
3587.730897
3587.731897
3587.732898
3587.733898
3587.734898
3587.735898
3587.736898
3587.737897
3587.738897
3587.739897
3587.740897
3587.741898
3587.742898
3587.743898
3587.744898
3587.745898
3587.746897
3587.747897
3587.748897
3587.749897
3587.750898
3587.751898
3587.752898
3587.753898
3587.754898
3587.755897
3587.756897
3587.757897
3587.758898
3587.759898
3587.760898
3587.761898
3587.762898
3587.763897
3587.764897
3587.765897
3587.766897
3587.767898
3587.768898
3587.769898
3587.770898
3587.771898
3587.772897
3587.773897
3587.774897
3587.775897
3587.776898
3587.777898
3587.778898
3587.779898
3587.780898
3587.781897
3587.782897
3587.783897
3587.784897
3587.785898
3587.786898
3587.787898
3587.788898
3587.789898
3587.790897
3587.791897
3587.792897
3587.793897
3587.794898
3587.795898
3587.796898
3587.797898
3587.798898
3587.799897
3587.800897
3587.801897
3587.802897
3587.803898
3587.804898
3587.805898
3587.806898
3587.807898
3587.808897
3587.809897
3587.810897
3587.811897
3587.812898
3587.813898
3587.814898
3587.815898
3587.816898
3587.817897
3587.818897
3587.819897
3587.820898
3587.821898
3587.822898
3587.823898
3587.824898
3587.825897
3587.826897
3587.827897
3587.828897
3587.829898
3587.830898
3587.831898
3587.832898
3587.833898
3587.834897
3587.835897
3587.836897
3587.837897
3587.838898
3587.839898
3587.840898
3587.841898
3587.842898
3587.843897
3587.844897
3587.845897
3587.846897
3587.847898
3587.848898
3587.849898
3587.850898
3587.851898
3587.852897
3587.853897
3587.854897
3587.855897
3587.856898
3587.857898
3587.858898
3587.859898
3587.860898
3587.861897
3587.862897
3587.863897
3587.864897
3587.865898
3587.866898
3587.867898
3587.868898
3587.869898
3587.870897
3587.871897
3587.872897
3587.873897
3587.874898
3587.875898
3587.876898
3587.877898
3587.878898
3587.879897
3587.880897
3587.881897
3587.882898
3587.883898
3587.884898
3587.885898
3587.886898
3587.887897
3587.888897
3587.889897
3587.890897
3587.891898
3587.892898
3587.893898
3587.894898
3587.895898
3587.896897
3587.897897
3587.898897
3587.899897
3587.900898
3587.901898
3587.902898
3587.903898
3587.904898
3587.905897
3587.906897
3587.907897
3587.908897
3587.909898
3587.910898
3587.911898
3587.912898
3587.913898
3587.914897
3587.915897
3587.916897
3587.917897
3587.918898
3587.919898
3587.920898
3587.921898
3587.922898
3587.923897
3587.924897
3587.925897
3587.926897
3587.927898
3587.928898
3587.929898
3587.930898
3587.931898
3587.932897
3587.933897
3587.934897
3587.935897
3587.936898
3587.937898
3587.938898
3587.939898
3587.940898
3587.941897
3587.942897
3587.943897
3587.944898
3587.945898
3587.946898
3587.947898
3587.948898
3587.949897
3587.950897
3587.951897
3587.952897
3587.953898
3587.954898
3587.955898
3587.956898
3587.957898
3587.958897
3587.959897
3587.960897
3587.961897
3587.962898
3587.963898
3587.964898
3587.965898
3587.966898
3587.967897
3587.968897
3587.969897
3587.970897
3587.971898
3587.972898
3587.973898
3587.974898
3587.975898
3587.976897
3587.977897
3587.978897
3587.979897
3587.980898
3587.981898
3587.982898
3587.983898
3587.984898
3587.985897
3587.986897
3587.987897
3587.988897
3587.989898
3587.990898
3587.991898
3587.992898
3587.993898
3587.994897
3587.995897
3587.996897
3587.997897
3587.998898
3587.999898
3588.000898
3588.001898
3588.002898
3588.003897
3588.004897
3588.005897
3588.006898
3588.007898
3588.008898
3588.009898
3588.010898
3588.011897
3588.012897
3588.013897
3588.014897
3588.015898
3588.016898
3588.017898
3588.018898
3588.019898
3588.020897
3588.021897
3588.022897
3588.023897
3588.024898
3588.025898
3588.026898
3588.027898
3588.028898
3588.029897
3588.030897
3588.031897
3588.032897
3588.033898
3588.034898
3588.035898
3588.036898
3588.037898
3588.038897
3588.039897
3588.040897
3588.041897
3588.042898
3588.043898
3588.044898
3588.045898
3588.046898
3588.047897
3588.048897
3588.049897
3588.050897
3588.051898
3588.052898
3588.053898
3588.054898
3588.055898
3588.056897
3588.057897
3588.058897
3588.059897
3588.060898
3588.061898
3588.062898
3588.063898
3588.064898
3588.065897
3588.066897
3588.067897
3588.068898
3588.069898
3588.070898
3588.071898
3588.072898
3588.073897
3588.074897
3588.075897
3588.076897
3588.077898
3588.078898
3588.079898
3588.080898
3588.081898
3588.082897
3588.083897
3588.084897
3588.085897
3588.086898
3588.087898
3588.088898
3588.089898
3588.090898
3588.091897
3588.092897
3588.093897
3588.094897
3588.095898
3588.096898
3588.097898
3588.098898
3588.099898
3588.100897
3588.101897
3588.102897
3588.103897
3588.104898
3588.105898
3588.106898
3588.107898
3588.108898
3588.109897
3588.110897
3588.111897
3588.112897
3588.113898
3588.114898
3588.115898
3588.116898
3588.117898
3588.118897
3588.119897
3588.120897
3588.121897
3588.122898
3588.123898
3588.124898
3588.125898
3588.126898
3588.127897
3588.128897
3588.129897
3588.130898
3588.131898
3588.132898
3588.133898
3588.134898
3588.135897
3588.136897
3588.137897
3588.138897
3588.139898
3588.140898
3588.141898
3588.142898
3588.143898
3588.144897
3588.145897
3588.146897
3588.147897
3588.148898
3588.149898
3588.150898
3588.151898
3588.152898
3588.153897
3588.154897
3588.155897
3588.156897
3588.157898
3588.158898
3588.159898
3588.160898
3588.161898
3588.162897
3588.163897
3588.164897
3588.165897
3588.166898
3588.167898
3588.168898
3588.169898
3588.170898
3588.171897
3588.172897
3588.173897
3588.174897
3588.175898
3588.176898
3588.177898
3588.178898
3588.179898
3588.180897
3588.181897
3588.182897
3588.183897
3588.184898
3588.185898
3588.186898
3588.187898
3588.188898
3588.189897
3588.190897
3588.191897
3588.192898
3588.193898
3588.194898
3588.195898
3588.196898
3588.197897
3588.198897
3588.199897
3588.200897
3588.201898
3588.202898
3588.203898
3588.204898
3588.205898
3588.206897
3588.207897
3588.208897
3588.209897
3588.210898
3588.211898
3588.212898
3588.213898
3588.214898
3588.215897
3588.216897
3588.217897
3588.218897
3588.219898
3588.220898
3588.221898
3588.222898
3588.223898
3588.224897
3588.225897
3588.226897
3588.227897
3588.228898
3588.229898
3588.230898
3588.231898
3588.232898
3588.233897
3588.234897
3588.235897
3588.236897
3588.237898
3588.238898
3588.239898
3588.240898
3588.241898
3588.242897
3588.243897
3588.244897
3588.245897
3588.246898
3588.247898
3588.248898
3588.249898
3588.250898
3588.251897
3588.252897
3588.253897
3588.254898
3588.255898
3588.256898
3588.257898
3588.258898
3588.259897
3588.260897
3588.261897
3588.262897
3588.263898
3588.264898
3588.265898
3588.266898
3588.267898
3588.268897
3588.269897
3588.270897
3588.271897
3588.272898
3588.273898
3588.274898
3588.275898
3588.276898
3588.277897
3588.278897
3588.279897
3588.280897
3588.281898
3588.282898
3588.283898
3588.284898
3588.285898
3588.286897
3588.287897
3588.288897
3588.289897
3588.290898
3588.291898
3588.292898
3588.293898
3588.294898
3588.295897
3588.296897
3588.297897
3588.298897
3588.299898
3588.300898
3588.301898
3588.302898
3588.303898
3588.304897
3588.305897
3588.306897
3588.307897
3588.308898
3588.309898
3588.310898
3588.311898
3588.312898
3588.313897
3588.314897
3588.315897
3588.316898
3588.317898
3588.318898
3588.319898
3588.320898
3588.321897
3588.322897
3588.323897
3588.324897
3588.325898
3588.326898
3588.327898
3588.328898
3588.329898
3588.330897
3588.331897
3588.332897
3588.333897
3588.334898
3588.335898
3588.336898
3588.337898
3588.338898
3588.339897
3588.340897
3588.341897
3588.342897
3588.343898
3588.344898
3588.345898
3588.346898
3588.347898
3588.348897
3588.349897
3588.350897
3588.351897
3588.352898
3588.353898
3588.354898
3588.355898
3588.356898
3588.357897
3588.358897
3588.359897
3588.360897
3588.361898
3588.362898
3588.363898
3588.364898
3588.365898
3588.366897
3588.367897
3588.368897
3588.369897
3588.370898
3588.371898
3588.372898
3588.373898
3588.374898
3588.375897
3588.376897
3588.377897
3588.378898
3588.379898
3588.380898
3588.381898
3588.382898
3588.383897
3588.384897
3588.385897
3588.386897
3588.387898
3588.388898
3588.389898
3588.390898
3588.391898
3588.392897
3588.393897
3588.394897
3588.395897
3588.396898
3588.397898
3588.398898
3588.399898
3588.400898
3588.401897
3588.402897
3588.403897
3588.404897
3588.405898
3588.406898
3588.407898
3588.408898
3588.409898
3588.410897
3588.411897
3588.412897
3588.413897
3588.414898
3588.415898
3588.416898
3588.417898
3588.418898
3588.419897
3588.420897
3588.421897
3588.422897
3588.423898
3588.424898
3588.425898
3588.426898
3588.427898
3588.428897
3588.429897
3588.430897
3588.431897
3588.432898
3588.433898
3588.434898
3588.435898
3588.436898
3588.437897
3588.438897
3588.439897
3588.440898
3588.441898
3588.442898
3588.443898
3588.444898
3588.445897
3588.446897
3588.447897
3588.448897
3588.449898
3588.450898
3588.451898
3588.452898
3588.453898
3588.454897
3588.455897
3588.456897
3588.457897
3588.458898
3588.459898
3588.460898
3588.461898
3588.462898
3588.463897
3588.464897
3588.465897
3588.466897
3588.467898
3588.468898
3588.469898
3588.470898
3588.471898
3588.472897
3588.473897
3588.474897
3588.475897
3588.476898
3588.477898
3588.478898
3588.479898
3588.480898
3588.481897
3588.482897
3588.483897
3588.484897
3588.485898
3588.486898
3588.487898
3588.488898
3588.489898
3588.490897
3588.491897
3588.492897
3588.493897
3588.494898
3588.495898
3588.496898
3588.497898
3588.498898
3588.499897
3588.500897
3588.501897
3588.502898
3588.503898
3588.504898
3588.505898
3588.506898
3588.507897
3588.508897
3588.509897
3588.510897
3588.511898
3588.512898
3588.513898
3588.514898
3588.515898
3588.516897
3588.517897
3588.518897
3588.519897
3588.520898
3588.521898
3588.522898
3588.523898
3588.524898
3588.525897
3588.526897
3588.527897
3588.528897
3588.529898
3588.530898
3588.531898
3588.532898
3588.533898
3588.534897
3588.535897
3588.536897
3588.537897
3588.538898
3588.539898
3588.540898
3588.541898
3588.542898
3588.543897
3588.544897
3588.545897
3588.546897
3588.547898
3588.548898
3588.549898
3588.550898
3588.551898
3588.552897
3588.553897
3588.554897
3588.555897
3588.556898
3588.557898
3588.558898
3588.559898
3588.560898
3588.561897
3588.562897
3588.563897
3588.564898
3588.565898
3588.566898
3588.567898
3588.568898
3588.569897
3588.570897
3588.571897
3588.572897
3588.573898
3588.574898
3588.575898
3588.576898
3588.577898
3588.578897
3588.579897
3588.580897
3588.581897
3588.582898
3588.583898
3588.584898
3588.585898
3588.586898
3588.587897
3588.588897
3588.589897
3588.590897
3588.591898
3588.592898
3588.593898
3588.594898
3588.595898
3588.596897
3588.597897
3588.598897
3588.599897
3588.600898
3588.601898
3588.602898
3588.603898
3588.604898
3588.605897
3588.606897
3588.607897
3588.608897
3588.609898
3588.610898
3588.611898
3588.612898
3588.613898
3588.614897
3588.615897
3588.616897
3588.617897
3588.618898
3588.619898
3588.620898
3588.621898
3588.622898
3588.623897
3588.624897
3588.625897
3588.626898
3588.627898
3588.628898
3588.629898
3588.630898
3588.631897
3588.632897
3588.633897
3588.634897
3588.635898
3588.636898
3588.637898
3588.638898
3588.639898
3588.640897
3588.641897
3588.642897
3588.643897
3588.644898
3588.645898
3588.646898
3588.647898
3588.648898
3588.649897
3588.650897
3588.651897
3588.652897
3588.653898
3588.654898
3588.655898
3588.656898
3588.657898
3588.658897
3588.659897
3588.660897
3588.661897
3588.662898
3588.663898
3588.664898
3588.665898
3588.666898
3588.667897
3588.668897
3588.669897
3588.670897
3588.671898
3588.672898
3588.673898
3588.674898
3588.675898
3588.676897
3588.677897
3588.678897
3588.679897
3588.680898
3588.681898
3588.682898
3588.683898
3588.684898
3588.685897
3588.686897
3588.687897
3588.688898
3588.689898
3588.690898
3588.691898
3588.692898
3588.693897
3588.694897
3588.695897
3588.696897
3588.697898
3588.698898
3588.699898
3588.700898
3588.701898
3588.702897
3588.703897
3588.704897
3588.705897
3588.706898
3588.707898
3588.708898
3588.709898
3588.710898
3588.711897
3588.712897
3588.713897
3588.714897
3588.715898
3588.716898
3588.717898
3588.718898
3588.719898
3588.720897
3588.721897
3588.722897
3588.723897
3588.724898
3588.725898
3588.726898
3588.727898
3588.728898
3588.729897
3588.730897
3588.731897
3588.732897
3588.733898
3588.734898
3588.735898
3588.736898
3588.737898
3588.738897
3588.739897
3588.740897
3588.741897
3588.742898
3588.743898
3588.744898
3588.745898
3588.746898
3588.747897
3588.748897
3588.749897
3588.750898
3588.751898
3588.752898
3588.753898
3588.754898
3588.755897
3588.756897
3588.757897
3588.758897
3588.759898
3588.760898
3588.761898
3588.762898
3588.763898
3588.764897
3588.765897
3588.766897
3588.767897
3588.768898
3588.769898
3588.770898
3588.771898
3588.772898
3588.773897
3588.774897
3588.775897
3588.776897
3588.777898
3588.778898
3588.779898
3588.780898
3588.781898
3588.782897
3588.783897
3588.784897
3588.785897
3588.786898
3588.787898
3588.788898
3588.789898
3588.790898
3588.791897
3588.792897
3588.793897
3588.794897
3588.795898
3588.796898
3588.797898
3588.798898
3588.799898
3588.800897
3588.801897
3588.802897
3588.803897
3588.804898
3588.805898
3588.806898
3588.807898
3588.808898
3588.809897
3588.810897
3588.811897
3588.812898
3588.813898
3588.814898
3588.815898
3588.816898
3588.817897
3588.818897
3588.819897
3588.820897
3588.821898
3588.822898
3588.823898
3588.824898
3588.825898
3588.826897
3588.827897
3588.828897
3588.829897
3588.830898
3588.831898
3588.832898
3588.833898
3588.834898
3588.835897
3588.836897
3588.837897
3588.838897
3588.839898
3588.840898
3588.841898
3588.842898
3588.843898
3588.844897
3588.845897
3588.846897
3588.847897
3588.848898
3588.849898
3588.850898
3588.851898
3588.852898
3588.853897
3588.854897
3588.855897
3588.856897
3588.857898
3588.858898
3588.859898
3588.860898
3588.861898
3588.862897
3588.863897
3588.864897
3588.865897
3588.866898
3588.867898
3588.868898
3588.869898
3588.870898
3588.871897
3588.872897
3588.873897
3588.874898
3588.875898
3588.876898
3588.877898
3588.878898
3588.879897
3588.880897
3588.881897
3588.882897
3588.883898
3588.884898
3588.885898
3588.886898
3588.887898
3588.888897
3588.889897
3588.890897
3588.891897
3588.892898
3588.893898
3588.894898
3588.895898
3588.896898
3588.897897
3588.898897
3588.899897
3588.900897
3588.901898
3588.902898
3588.903898
3588.904898
3588.905898
3588.906897
3588.907897
3588.908897
3588.909897
3588.910898
3588.911898
3588.912898
3588.913898
3588.914898
3588.915897
3588.916897
3588.917897
3588.918897
3588.919898
3588.920898
3588.921898
3588.922898
3588.923898
3588.924897
3588.925897
3588.926897
3588.927897
3588.928898
3588.929898
3588.930898
3588.931898
3588.932898
3588.933897
3588.934897
3588.935897
3588.936898
3588.937898
3588.938898
3588.939898
3588.940898
3588.941897
3588.942897
3588.943897
3588.944897
3588.945898
3588.946898
3588.947898
3588.948898
3588.949898
3588.950897
3588.951897
3588.952897
3588.953897
3588.954898
3588.955898
3588.956898
3588.957898
3588.958898
3588.959897
3588.960897
3588.961897
3588.962897
3588.963898
3588.964898
3588.965898
3588.966898
3588.967898
3588.968897
3588.969897
3588.970897
3588.971897
3588.972898
3588.973898
3588.974898
3588.975898
3588.976898
3588.977897
3588.978897
3588.979897
3588.980897
3588.981898
3588.982898
3588.983898
3588.984898
3588.985898
3588.986897
3588.987897
3588.988897
3588.989897
3588.990898
3588.991898
3588.992898
3588.993898
3588.994898
3588.995897
3588.996897
3588.997897
3588.998898
3588.999898
3589.000898
3589.001898
3589.002898
3589.003897
3589.004897
3589.005897
3589.006897
3589.007898
3589.008898
3589.009898
3589.010898
3589.011898
3589.012897
3589.013897
3589.014897
3589.015897
3589.016898
3589.017898
3589.018898
3589.019898
3589.020898
3589.021897
3589.022897
3589.023897
3589.024897
3589.025898
3589.026898
3589.027898
3589.028898
3589.029898
3589.030897
3589.031897
3589.032897
3589.033897
3589.034898
3589.035898
3589.036898
3589.037898
3589.038898
3589.039897
3589.040897
3589.041897
3589.042897
3589.043898
3589.044898
3589.045898
3589.046898
3589.047898
3589.048897
3589.049897
3589.050897
3589.051897
3589.052898
3589.053898
3589.054898
3589.055898
3589.056898
3589.057897
3589.058897
3589.059897
3589.060898
3589.061898
3589.062898
3589.063898
3589.064898
3589.065897
3589.066897
3589.067897
3589.068897
3589.069898
3589.070898
3589.071898
3589.072898
3589.073898
3589.074897
3589.075897
3589.076897
3589.077897
3589.078898
3589.079898
3589.080898
3589.081898
3589.082898
3589.083897
3589.084897
3589.085897
3589.086897
3589.087898
3589.088898
3589.089898
3589.090898
3589.091898
3589.092897
3589.093897
3589.094897
3589.095897
3589.096898
3589.097898
3589.098898
3589.099898
3589.100898
3589.101897
3589.102897
3589.103897
3589.104897
3589.105898
3589.106898
3589.107898
3589.108898
3589.109898
3589.110897
3589.111897
3589.112897
3589.113897
3589.114898
3589.115898
3589.116898
3589.117898
3589.118898
3589.119897
3589.120897
3589.121897
3589.122898
3589.123898
3589.124898
3589.125898
3589.126898
3589.127897
3589.128897
3589.129897
3589.130897
3589.131898
3589.132898
3589.133898
3589.134898
3589.135898
3589.136897
3589.137897
3589.138897
3589.139897
3589.140898
3589.141898
3589.142898
3589.143898
3589.144898
3589.145897
3589.146897
3589.147897
3589.148897
3589.149898
3589.150898
3589.151898
3589.152898
3589.153898
3589.154897
3589.155897
3589.156897
3589.157897
3589.158898
3589.159898
3589.160898
3589.161898
3589.162898
3589.163897
3589.164897
3589.165897
3589.166897
3589.167898
3589.168898
3589.169898
3589.170898
3589.171898
3589.172897
3589.173897
3589.174897
3589.175897
3589.176898
3589.177898
3589.178898
3589.179898
3589.180898
3589.181897
3589.182897
3589.183897
3589.184898
3589.185898
3589.186898
3589.187898
3589.188898
3589.189897
3589.190897
3589.191897
3589.192897
3589.193898
3589.194898
3589.195898
3589.196898
3589.197898
3589.198897
3589.199897
3589.200897
3589.201897
3589.202898
3589.203898
3589.204898
3589.205898
3589.206898
3589.207897
3589.208897
3589.209897
3589.210897
3589.211898
3589.212898
3589.213898
3589.214898
3589.215898
3589.216897
3589.217897
3589.218897
3589.219897
3589.220898
3589.221898
3589.222898
3589.223898
3589.224898
3589.225897
3589.226897
3589.227897
3589.228897
3589.229898
3589.230898
3589.231898
3589.232898
3589.233898
3589.234897
3589.235897
3589.236897
3589.237897
3589.238898
3589.239898
3589.240898
3589.241898
3589.242898
3589.243897
3589.244897
3589.245897
3589.246898
3589.247898
3589.248898
3589.249898
3589.250898
3589.251897
3589.252897
3589.253897
3589.254897
3589.255898
3589.256898
3589.257898
3589.258898
3589.259898
3589.260897
3589.261897
3589.262897
3589.263897
3589.264898
3589.265898
3589.266898
3589.267898
3589.268898
3589.269897
3589.270897
3589.271897
3589.272897
3589.273898
3589.274898
3589.275898
3589.276898
3589.277898
3589.278897
3589.279897
3589.280897
3589.281897
3589.282898
3589.283898
3589.284898
3589.285898
3589.286898
3589.287897
3589.288897
3589.289897
3589.290897
3589.291898
3589.292898
3589.293898
3589.294898
3589.295898
3589.296897
3589.297897
3589.298897
3589.299897
3589.300898
3589.301898
3589.302898
3589.303898
3589.304898
3589.305897
3589.306897
3589.307897
3589.308898
3589.309898
3589.310898
3589.311898
3589.312898
3589.313897
3589.314897
3589.315897
3589.316897
3589.317898
3589.318898
3589.319898
3589.320898
3589.321898
3589.322897
3589.323897
3589.324897
3589.325897
3589.326898
3589.327898
3589.328898
3589.329898
3589.330898
3589.331897
3589.332897
3589.333897
3589.334897
3589.335898
3589.336898
3589.337898
3589.338898
3589.339898
3589.340897
3589.341897
3589.342897
3589.343897
3589.344898
3589.345898
3589.346898
3589.347898
3589.348898
3589.349897
3589.350897
3589.351897
3589.352897
3589.353898
3589.354898
3589.355898
3589.356898
3589.357898
3589.358897
3589.359897
3589.360897
3589.361897
3589.362898
3589.363898
3589.364898
3589.365898
3589.366898
3589.367897
3589.368897
3589.369897
3589.370898
3589.371898
3589.372898
3589.373898
3589.374898
3589.375897
3589.376897
3589.377897
3589.378897
3589.379898
3589.380898
3589.381898
3589.382898
3589.383898
3589.384897
3589.385897
3589.386897
3589.387897
3589.388898
3589.389898
3589.390898
3589.391898
3589.392898
3589.393897
3589.394897
3589.395897
3589.396897
3589.397898
3589.398898
3589.399898
3589.400898
3589.401898
3589.402897
3589.403897
3589.404897
3589.405897
3589.406898
3589.407898
3589.408898
3589.409898
3589.410898
3589.411897
3589.412897
3589.413897
3589.414897
3589.415898
3589.416898
3589.417898
3589.418898
3589.419898
3589.420897
3589.421897
3589.422897
3589.423897
3589.424898
3589.425898
3589.426898
3589.427898
3589.428898
3589.429897
3589.430897
3589.431897
3589.432898
3589.433898
3589.434898
3589.435898
3589.436898
3589.437897
3589.438897
3589.439897
3589.440897
3589.441898
3589.442898
3589.443898
3589.444898
3589.445898
3589.446897
3589.447897
3589.448897
3589.449897
3589.450898
3589.451898
3589.452898
3589.453898
3589.454898
3589.455897
3589.456897
3589.457897
3589.458897
3589.459898
3589.460898
3589.461898
3589.462898
3589.463898
3589.464897
3589.465897
3589.466897
3589.467897
3589.468898
3589.469898
3589.470898
3589.471898
3589.472898
3589.473897
3589.474897
3589.475897
3589.476897
3589.477898
3589.478898
3589.479898
3589.480898
3589.481898
3589.482897
3589.483897
3589.484897
3589.485897
3589.486898
3589.487898
3589.488898
3589.489898
3589.490898
3589.491897
3589.492897
3589.493897
3589.494898
3589.495898
3589.496898
3589.497898
3589.498898
3589.499897
3589.500897
3589.501897
3589.502897
3589.503898
3589.504898
3589.505898
3589.506898
3589.507898
3589.508897
3589.509897
3589.510897
3589.511897
3589.512898
3589.513898
3589.514898
3589.515898
3589.516898
3589.517897
3589.518897
3589.519897
3589.520897
3589.521898
3589.522898
3589.523898
3589.524898
3589.525898
3589.526897
3589.527897
3589.528897
3589.529897
3589.530898
3589.531898
3589.532898
3589.533898
3589.534898
3589.535897
3589.536897
3589.537897
3589.538897
3589.539898
3589.540898
3589.541898
3589.542898
3589.543898
3589.544897
3589.545897
3589.546897
3589.547897
3589.548898
3589.549898
3589.550898
3589.551898
3589.552898
3589.553897
3589.554897
3589.555897
3589.556898
3589.557898
3589.558898
3589.559898
3589.560898
3589.561897
3589.562897
3589.563897
3589.564897
3589.565898
3589.566898
3589.567898
3589.568898
3589.569898
3589.570897
3589.571897
3589.572897
3589.573897
3589.574898
3589.575898
3589.576898
3589.577898
3589.578898
3589.579897
3589.580897
3589.581897
3589.582897
3589.583898
3589.584898
3589.585898
3589.586898
3589.587898
3589.588897
3589.589897
3589.590897
3589.591897
3589.592898
3589.593898
3589.594898
3589.595898
3589.596898
3589.597897
3589.598897
3589.599897
3589.600897
3589.601898
3589.602898
3589.603898
3589.604898
3589.605898
3589.606897
3589.607897
3589.608897
3589.609897
3589.610898
3589.611898
3589.612898
3589.613898
3589.614898
3589.615897
3589.616897
3589.617897
3589.618898
3589.619898
3589.620898
3589.621898
3589.622898
3589.623897
3589.624897
3589.625897
3589.626897
3589.627898
3589.628898
3589.629898
3589.630898
3589.631898
3589.632897
3589.633897
3589.634897
3589.635897
3589.636898
3589.637898
3589.638898
3589.639898
3589.640898
3589.641897
3589.642897
3589.643897
3589.644897
3589.645898
3589.646898
3589.647898
3589.648898
3589.649898
3589.650897
3589.651897
3589.652897
3589.653897
3589.654898
3589.655898
3589.656898
3589.657898
3589.658898
3589.659897
3589.660897
3589.661897
3589.662897
3589.663898
3589.664898
3589.665898
3589.666898
3589.667898
3589.668897
3589.669897
3589.670897
3589.671897
3589.672898
3589.673898
3589.674898
3589.675898
3589.676898
3589.677897
3589.678897
3589.679897
3589.680898
3589.681898
3589.682898
3589.683898
3589.684898
3589.685897
3589.686897
3589.687897
3589.688897
3589.689898
3589.690898
3589.691898
3589.692898
3589.693898
3589.694897
3589.695897
3589.696897
3589.697897
3589.698898
3589.699898
3589.700898
3589.701898
3589.702898
3589.703897
3589.704897
3589.705897
3589.706897
3589.707898
3589.708898
3589.709898
3589.710898
3589.711898
3589.712897
3589.713897
3589.714897
3589.715897
3589.716898
3589.717898
3589.718898
3589.719898
3589.720898
3589.721897
3589.722897
3589.723897
3589.724897
3589.725898
3589.726898
3589.727898
3589.728898
3589.729898
3589.730897
3589.731897
3589.732897
3589.733897
3589.734898
3589.735898
3589.736898
3589.737898
3589.738898
3589.739897
3589.740897
3589.741897
3589.742898
3589.743898
3589.744898
3589.745898
3589.746898
3589.747897
3589.748897
3589.749897
3589.750897
3589.751898
3589.752898
3589.753898
3589.754898
3589.755898
3589.756897
3589.757897
3589.758897
3589.759897
3589.760898
3589.761898
3589.762898
3589.763898
3589.764898
3589.765897
3589.766897
3589.767897
3589.768897
3589.769898
3589.770898
3589.771898
3589.772898
3589.773898
3589.774897
3589.775897
3589.776897
3589.777897
3589.778898
3589.779898
3589.780898
3589.781898
3589.782898
3589.783897
3589.784897
3589.785897
3589.786897
3589.787898
3589.788898
3589.789898
3589.790898
3589.791898
3589.792897
3589.793897
3589.794897
3589.795897
3589.796898
3589.797898
3589.798898
3589.799898
3589.800898
3589.801897
3589.802897
3589.803897
3589.804898
3589.805898
3589.806898
3589.807898
3589.808898
3589.809897
3589.810897
3589.811897
3589.812897
3589.813898
3589.814898
3589.815898
3589.816898
3589.817898
3589.818897
3589.819897
3589.820897
3589.821897
3589.822898
3589.823898
3589.824898
3589.825898
3589.826898
3589.827897
3589.828897
3589.829897
3589.830897
3589.831898
3589.832898
3589.833898
3589.834898
3589.835898
3589.836897
3589.837897
3589.838897
3589.839897
3589.840898
3589.841898
3589.842898
3589.843898
3589.844898
3589.845897
3589.846897
3589.847897
3589.848897
3589.849898
3589.850898
3589.851898
3589.852898
3589.853898
3589.854897
3589.855897
3589.856897
3589.857897
3589.858898
3589.859898
3589.860898
3589.861898
3589.862898
3589.863897
3589.864897
3589.865897
3589.866898
3589.867898
3589.868898
3589.869898
3589.870898
3589.871897
3589.872897
3589.873897
3589.874897
3589.875898
3589.876898
3589.877898
3589.878898
3589.879898
3589.880897
3589.881897
3589.882897
3589.883897
3589.884898
3589.885898
3589.886898
3589.887898
3589.888898
3589.889897
3589.890897
3589.891897
3589.892897
3589.893898
3589.894898
3589.895898
3589.896898
3589.897898
3589.898897
3589.899897
3589.900897
3589.901897
3589.902898
3589.903898
3589.904898
3589.905898
3589.906898
3589.907897
3589.908897
3589.909897
3589.910897
3589.911898
3589.912898
3589.913898
3589.914898
3589.915898
3589.916897
3589.917897
3589.918897
3589.919897
3589.920898
3589.921898
3589.922898
3589.923898
3589.924898
3589.925897
3589.926897
3589.927897
3589.928898
3589.929898
3589.930898
3589.931898
3589.932898
3589.933897
3589.934897
3589.935897
3589.936897
3589.937898
3589.938898
3589.939898
3589.940898
3589.941898
3589.942897
3589.943897
3589.944897
3589.945897
3589.946898
3589.947898
3589.948898
3589.949898
3589.950898
3589.951897
3589.952897
3589.953897
3589.954897
3589.955898
3589.956898
3589.957898
3589.958898
3589.959898
3589.960897
3589.961897
3589.962897
3589.963897
3589.964898
3589.965898
3589.966898
3589.967898
3589.968898
3589.969897
3589.970897
3589.971897
3589.972897
3589.973898
3589.974898
3589.975898
3589.976898
3589.977898
3589.978897
3589.979897
3589.980897
3589.981897
3589.982898
3589.983898
3589.984898
3589.985898
3589.986898
3589.987897
3589.988897
3589.989897
3589.990898
3589.991898
3589.992898
3589.993898
3589.994898
3589.995897
3589.996897
3589.997897
3589.998897
3589.999898
3590.000898
3590.001898
3590.002898
3590.003898
3590.004897
3590.005897
3590.006897
3590.007897
3590.008898
3590.009898
3590.010898
3590.011898
3590.012898
3590.013897
3590.014897
3590.015897
3590.016897
3590.017898
3590.018898
3590.019898
3590.020898
3590.021898
3590.022897
3590.023897
3590.024897
3590.025897
3590.026898
3590.027898
3590.028898
3590.029898
3590.030898
3590.031897
3590.032897
3590.033897
3590.034897
3590.035898
3590.036898
3590.037898
3590.038898
3590.039898
3590.040897
3590.041897
3590.042897
3590.043897
3590.044898
3590.045898
3590.046898
3590.047898
3590.048898
3590.049897
3590.050897
3590.051897
3590.052898
3590.053898
3590.054898
3590.055898
3590.056898
3590.057897
3590.058897
3590.059897
3590.060897
3590.061898
3590.062898
3590.063898
3590.064898
3590.065898
3590.066897
3590.067897
3590.068897
3590.069897
3590.070898
3590.071898
3590.072898
3590.073898
3590.074898
3590.075897
3590.076897
3590.077897
3590.078897
3590.079898
3590.080898
3590.081898
3590.082898
3590.083898
3590.084897
3590.085897
3590.086897
3590.087897
3590.088898
3590.089898
3590.090898
3590.091898
3590.092898
3590.093897
3590.094897
3590.095897
3590.096897
3590.097898
3590.098898
3590.099898
3590.100898
3590.101898
3590.102897
3590.103897
3590.104897
3590.105897
3590.106898
3590.107898
3590.108898
3590.109898
3590.110898
3590.111897
3590.112897
3590.113897
3590.114898
3590.115898
3590.116898
3590.117898
3590.118898
3590.119897
3590.120897
3590.121897
3590.122897
3590.123898
3590.124898
3590.125898
3590.126898
3590.127898
3590.128897
3590.129897
3590.130897
3590.131897
3590.132898
3590.133898
3590.134898
3590.135898
3590.136898
3590.137897
3590.138897
3590.139897
3590.140897
3590.141898
3590.142898
3590.143898
3590.144898
3590.145898
3590.146897
3590.147897
3590.148897
3590.149897
3590.150898
3590.151898
3590.152898
3590.153898
3590.154898
3590.155897
3590.156897
3590.157897
3590.158897
3590.159898
3590.160898
3590.161898
3590.162898
3590.163898
3590.164897
3590.165897
3590.166897
3590.167897
3590.168898
3590.169898
3590.170898
3590.171898
3590.172898
3590.173897
3590.174897
3590.175897
3590.176898
3590.177898
3590.178898
3590.179898
3590.180898
3590.181897
3590.182897
3590.183897
3590.184897
3590.185898
3590.186898
3590.187898
3590.188898
3590.189898
3590.190897
3590.191897
3590.192897
3590.193897
3590.194898
3590.195898
3590.196898
3590.197898
3590.198898
3590.199897
3590.200897
3590.201897
3590.202897
3590.203898
3590.204898
3590.205898
3590.206898
3590.207898
3590.208897
3590.209897
3590.210897
3590.211897
3590.212898
3590.213898
3590.214898
3590.215898
3590.216898
3590.217897
3590.218897
3590.219897
3590.220897
3590.221898
3590.222898
3590.223898
3590.224898
3590.225898
3590.226897
3590.227897
3590.228897
3590.229897
3590.230898
3590.231898
3590.232898
3590.233898
3590.234898
3590.235897
3590.236897
3590.237897
3590.238898
3590.239898
3590.240898
3590.241898
3590.242898
3590.243897
3590.244897
3590.245897
3590.246897
3590.247898
3590.248898
3590.249898
3590.250898
3590.251898
3590.252897
3590.253897
3590.254897
3590.255897
3590.256898
3590.257898
3590.258898
3590.259898
3590.260898
3590.261897
3590.262897
3590.263897
3590.264897
3590.265898
3590.266898
3590.267898
3590.268898
3590.269898
3590.270897
3590.271897
3590.272897
3590.273897
3590.274898
3590.275898
3590.276898
3590.277898
3590.278898
3590.279897
3590.280897
3590.281897
3590.282897
3590.283898
3590.284898
3590.285898
3590.286898
3590.287898
3590.288897
3590.289897
3590.290897
3590.291897
3590.292898
3590.293898
3590.294898
3590.295898
3590.296898
3590.297897
3590.298897
3590.299897
3590.300898
3590.301898
3590.302898
3590.303898
3590.304898
3590.305897
3590.306897
3590.307897
3590.308897
3590.309898
3590.310898
3590.311898
3590.312898
3590.313898
3590.314897
3590.315897
3590.316897
3590.317897
3590.318898
3590.319898
3590.320898
3590.321898
3590.322898
3590.323897
3590.324897
3590.325897
3590.326897
3590.327898
3590.328898
3590.329898
3590.330898
3590.331898
3590.332897
3590.333897
3590.334897
3590.335897
3590.336898
3590.337898
3590.338898
3590.339898
3590.340898
3590.341897
3590.342897
3590.343897
3590.344897
3590.345898
3590.346898
3590.347898
3590.348898
3590.349898
3590.350897
3590.351897
3590.352897
3590.353897
3590.354898
3590.355898
3590.356898
3590.357898
3590.358898
3590.359897
3590.360897
3590.361897
3590.362898
3590.363898
3590.364898
3590.365898
3590.366898
3590.367897
3590.368897
3590.369897
3590.370897
3590.371898
3590.372898
3590.373898
3590.374898
3590.375898
3590.376897
3590.377897
3590.378897
3590.379897
3590.380898
3590.381898
3590.382898
3590.383898
3590.384898
3590.385897
3590.386897
3590.387897
3590.388897
3590.389898
3590.390898
3590.391898
3590.392898
3590.393898
3590.394897
3590.395897
3590.396897
3590.397897
3590.398898
3590.399898
3590.400898
3590.401898
3590.402898
3590.403897
3590.404897
3590.405897
3590.406897
3590.407898
3590.408898
3590.409898
3590.410898
3590.411898
3590.412897
3590.413897
3590.414897
3590.415897
3590.416898
3590.417898
3590.418898
3590.419898
3590.420898
3590.421897
3590.422897
3590.423897
3590.424898
3590.425898
3590.426898
3590.427898
3590.428898
3590.429897
3590.430897
3590.431897
3590.432897
3590.433898
3590.434898
3590.435898
3590.436898
3590.437898
3590.438897
3590.439897
3590.440897
3590.441897
3590.442898
3590.443898
3590.444898
3590.445898
3590.446898
3590.447897
3590.448897
3590.449897
3590.450897
3590.451898
3590.452898
3590.453898
3590.454898
3590.455898
3590.456897
3590.457897
3590.458897
3590.459897
3590.460898
3590.461898
3590.462898
3590.463898
3590.464898
3590.465897
3590.466897
3590.467897
3590.468897
3590.469898
3590.470898
3590.471898
3590.472898
3590.473898
3590.474897
3590.475897
3590.476897
3590.477897
3590.478898
3590.479898
3590.480898
3590.481898
3590.482898
3590.483897
3590.484897
3590.485897
3590.486898
3590.487898
3590.488898
3590.489898
3590.490898
3590.491897
3590.492897
3590.493897
3590.494897
3590.495898
3590.496898
3590.497898
3590.498898
3590.499898
3590.500897
3590.501897
3590.502897
3590.503897
3590.504898
3590.505898
3590.506898
3590.507898
3590.508898
3590.509897
3590.510897
3590.511897
3590.512897
3590.513898
3590.514898
3590.515898
3590.516898
3590.517898
3590.518897
3590.519897
3590.520897
3590.521897
3590.522898
3590.523898
3590.524898
3590.525898
3590.526898
3590.527897
3590.528897
3590.529897
3590.530897
3590.531898
3590.532898
3590.533898
3590.534898
3590.535898
3590.536897
3590.537897
3590.538897
3590.539897
3590.540898
3590.541898
3590.542898
3590.543898
3590.544898
3590.545897
3590.546897
3590.547897
3590.548898
3590.549898
3590.550898
3590.551898
3590.552898
3590.553897
3590.554897
3590.555897
3590.556897
3590.557898
3590.558898
3590.559898
3590.560898
3590.561898
3590.562897
3590.563897
3590.564897
3590.565897
3590.566898
3590.567898
3590.568898
3590.569898
3590.570898
3590.571897
3590.572897
3590.573897
3590.574897
3590.575898
3590.576898
3590.577898
3590.578898
3590.579898
3590.580897
3590.581897
3590.582897
3590.583897
3590.584898
3590.585898
3590.586898
3590.587898
3590.588898
3590.589897
3590.590897
3590.591897
3590.592897
3590.593898
3590.594898
3590.595898
3590.596898
3590.597898
3590.598897
3590.599897
3590.600897
3590.601897
3590.602898
3590.603898
3590.604898
3590.605898
3590.606898
3590.607897
3590.608897
3590.609897
3590.610898
3590.611898
3590.612898
3590.613898
3590.614898
3590.615897
3590.616897
3590.617897
3590.618897
3590.619898
3590.620898
3590.621898
3590.622898
3590.623898
3590.624897
3590.625897
3590.626897
3590.627897
3590.628898
3590.629898
3590.630898
3590.631898
3590.632898
3590.633897
3590.634897
3590.635897
3590.636897
3590.637898
3590.638898
3590.639898
3590.640898
3590.641898
3590.642897
3590.643897
3590.644897
3590.645897
3590.646898
3590.647898
3590.648898
3590.649898
3590.650898
3590.651897
3590.652897
3590.653897
3590.654897
3590.655898
3590.656898
3590.657898
3590.658898
3590.659898
3590.660897
3590.661897
3590.662897
3590.663897
3590.664898
3590.665898
3590.666898
3590.667898
3590.668898
3590.669897
3590.670897
3590.671897
3590.672898
3590.673898
3590.674898
3590.675898
3590.676898
3590.677897
3590.678897
3590.679897
3590.680897
3590.681898
3590.682898
3590.683898
3590.684898
3590.685898
3590.686897
3590.687897
3590.688897
3590.689897
3590.690898
3590.691898
3590.692898
3590.693898
3590.694898
3590.695897
3590.696897
3590.697897
3590.698897
3590.699898
3590.700898
3590.701898
3590.702898
3590.703898
3590.704897
3590.705897
3590.706897
3590.707897
3590.708898
3590.709898
3590.710898
3590.711898
3590.712898
3590.713897
3590.714897
3590.715897
3590.716897
3590.717898
3590.718898
3590.719898
3590.720898
3590.721898
3590.722897
3590.723897
3590.724897
3590.725897
3590.726898
3590.727898
3590.728898
3590.729898
3590.730898
3590.731897
3590.732897
3590.733897
3590.734898
3590.735898
3590.736898
3590.737898
3590.738898
3590.739897
3590.740897
3590.741897
3590.742897
3590.743898
3590.744898
3590.745898
3590.746898
3590.747898
3590.748897
3590.749897
3590.750897
3590.751897
3590.752898
3590.753898
3590.754898
3590.755898
3590.756898
3590.757897
3590.758897
3590.759897
3590.760897
3590.761898
3590.762898
3590.763898
3590.764898
3590.765898
3590.766897
3590.767897
3590.768897
3590.769897
3590.770898
3590.771898
3590.772898
3590.773898
3590.774898
3590.775897
3590.776897
3590.777897
3590.778897
3590.779898
3590.780898
3590.781898
3590.782898
3590.783898
3590.784897
3590.785897
3590.786897
3590.787897
3590.788898
3590.789898
3590.790898
3590.791898
3590.792898
3590.793897
3590.794897
3590.795897
3590.796898
3590.797898
3590.798898
3590.799898
3590.800898
3590.801897
3590.802897
3590.803897
3590.804897
3590.805898
3590.806898
3590.807898
3590.808898
3590.809898
3590.810897
3590.811897
3590.812897
3590.813897
3590.814898
3590.815898
3590.816898
3590.817898
3590.818898
3590.819897
3590.820897
3590.821897
3590.822897
3590.823898
3590.824898
3590.825898
3590.826898
3590.827898
3590.828897
3590.829897
3590.830897
3590.831897
3590.832898
3590.833898
3590.834898
3590.835898
3590.836898
3590.837897
3590.838897
3590.839897
3590.840897
3590.841898
3590.842898
3590.843898
3590.844898
3590.845898
3590.846897
3590.847897
3590.848897
3590.849897
3590.850898
3590.851898
3590.852898
3590.853898
3590.854898
3590.855897
3590.856897
3590.857897
3590.858898
3590.859898
3590.860898
3590.861898
3590.862898
3590.863897
3590.864897
3590.865897
3590.866897
3590.867898
3590.868898
3590.869898
3590.870898
3590.871898
3590.872897
3590.873897
3590.874897
3590.875897
3590.876898
3590.877898
3590.878898
3590.879898
3590.880898
3590.881897
3590.882897
3590.883897
3590.884897
3590.885898
3590.886898
3590.887898
3590.888898
3590.889898
3590.890897
3590.891897
3590.892897
3590.893897
3590.894898
3590.895898
3590.896898
3590.897898
3590.898898
3590.899897
3590.900897
3590.901897
3590.902897
3590.903898
3590.904898
3590.905898
3590.906898
3590.907898
3590.908897
3590.909897
3590.910897
3590.911897
3590.912898
3590.913898
3590.914898
3590.915898
3590.916898
3590.917897
3590.918897
3590.919897
3590.920898
3590.921898
3590.922898
3590.923898
3590.924898
3590.925897
3590.926897
3590.927897
3590.928897
3590.929898
3590.930898
3590.931898
3590.932898
3590.933898
3590.934897
3590.935897
3590.936897
3590.937897
3590.938898
3590.939898
3590.940898
3590.941898
3590.942898
3590.943897
3590.944897
3590.945897
3590.946897
3590.947898
3590.948898
3590.949898
3590.950898
3590.951898
3590.952897
3590.953897
3590.954897
3590.955897
3590.956898
3590.957898
3590.958898
3590.959898
3590.960898
3590.961897
3590.962897
3590.963897
3590.964897
3590.965898
3590.966898
3590.967898
3590.968898
3590.969898
3590.970897
3590.971897
3590.972897
3590.973897
3590.974898
3590.975898
3590.976898
3590.977898
3590.978898
3590.979897
3590.980897
3590.981897
3590.982898
3590.983898
3590.984898
3590.985898
3590.986898
3590.987897
3590.988897
3590.989897
3590.990897
3590.991898
3590.992898
3590.993898
3590.994898
3590.995898
3590.996897
3590.997897
3590.998897
3590.999897
3591.000898
3591.001898
3591.002898
3591.003898
3591.004898
3591.005897
3591.006897
3591.007897
3591.008897
3591.009898
3591.010898
3591.011898
3591.012898
3591.013898
3591.014897
3591.015897
3591.016897
3591.017897
3591.018898
3591.019898
3591.020898
3591.021898
3591.022898
3591.023897
3591.024897
3591.025897
3591.026897
3591.027898
3591.028898
3591.029898
3591.030898
3591.031898
3591.032897
3591.033897
3591.034897
3591.035897
3591.036898
3591.037898
3591.038898
3591.039898
3591.040898
3591.041897
3591.042897
3591.043897
3591.044898
3591.045898
3591.046898
3591.047898
3591.048898
3591.049897
3591.050897
3591.051897
3591.052897
3591.053898
3591.054898
3591.055898
3591.056898
3591.057898
3591.058897
3591.059897
3591.060897
3591.061897
3591.062898
3591.063898
3591.064898
3591.065898
3591.066898
3591.067897
3591.068897
3591.069897
3591.070897
3591.071898
3591.072898
3591.073898
3591.074898
3591.075898
3591.076897
3591.077897
3591.078897
3591.079897
3591.080898
3591.081898
3591.082898
3591.083898
3591.084898
3591.085897
3591.086897
3591.087897
3591.088897
3591.089898
3591.090898
3591.091898
3591.092898
3591.093898
3591.094897
3591.095897
3591.096897
3591.097897
3591.098898
3591.099898
3591.100898
3591.101898
3591.102898
3591.103897
3591.104897
3591.105897
3591.106898
3591.107898
3591.108898
3591.109898
3591.110898
3591.111897
3591.112897
3591.113897
3591.114897
3591.115898
3591.116898
3591.117898
3591.118898
3591.119898
3591.120897
3591.121897
3591.122897
3591.123897
3591.124898
3591.125898
3591.126898
3591.127898
3591.128898
3591.129897
3591.130897
3591.131897
3591.132897
3591.133898
3591.134898
3591.135898
3591.136898
3591.137898
3591.138897
3591.139897
3591.140897
3591.141897
3591.142898
3591.143898
3591.144898
3591.145898
3591.146898
3591.147897
3591.148897
3591.149897
3591.150897
3591.151898
3591.152898
3591.153898
3591.154898
3591.155898
3591.156897
3591.157897
3591.158897
3591.159897
3591.160898
3591.161898
3591.162898
3591.163898
3591.164898
3591.165897
3591.166897
3591.167897
3591.168898
3591.169898
3591.170898
3591.171898
3591.172898
3591.173897
3591.174897
3591.175897
3591.176897
3591.177898
3591.178898
3591.179898
3591.180898
3591.181898
3591.182897
3591.183897
3591.184897
3591.185897
3591.186898
3591.187898
3591.188898
3591.189898
3591.190898
3591.191897
3591.192897
3591.193897
3591.194897
3591.195898
3591.196898
3591.197898
3591.198898
3591.199898
3591.200897
3591.201897
3591.202897
3591.203897
3591.204898
3591.205898
3591.206898
3591.207898
3591.208898
3591.209897
3591.210897
3591.211897
3591.212897
3591.213898
3591.214898
3591.215898
3591.216898
3591.217898
3591.218897
3591.219897
3591.220897
3591.221897
3591.222898
3591.223898
3591.224898
3591.225898
3591.226898
3591.227897
3591.228897
3591.229897
3591.230898
3591.231898
3591.232898
3591.233898
3591.234898
3591.235897
3591.236897
3591.237897
3591.238897
3591.239898
3591.240898
3591.241898
3591.242898
3591.243898
3591.244897
3591.245897
3591.246897
3591.247897
3591.248898
3591.249898
3591.250898
3591.251898
3591.252898
3591.253897
3591.254897
3591.255897
3591.256897
3591.257898
3591.258898
3591.259898
3591.260898
3591.261898
3591.262897
3591.263897
3591.264897
3591.265897
3591.266898
3591.267898
3591.268898
3591.269898
3591.270898
3591.271897
3591.272897
3591.273897
3591.274897
3591.275898
3591.276898
3591.277898
3591.278898
3591.279898
3591.280897
3591.281897
3591.282897
3591.283897
3591.284898
3591.285898
3591.286898
3591.287898
3591.288898
3591.289897
3591.290897
3591.291897
3591.292898
3591.293898
3591.294898
3591.295898
3591.296898
3591.297897
3591.298897
3591.299897
3591.300897
3591.301898
3591.302898
3591.303898
3591.304898
3591.305898
3591.306897
3591.307897
3591.308897
3591.309897
3591.310898
3591.311898
3591.312898
3591.313898
3591.314898
3591.315897
3591.316897
3591.317897
3591.318897
3591.319898
3591.320898
3591.321898
3591.322898
3591.323898
3591.324897
3591.325897
3591.326897
3591.327897
3591.328898
3591.329898
3591.330898
3591.331898
3591.332898
3591.333897
3591.334897
3591.335897
3591.336897
3591.337898
3591.338898
3591.339898
3591.340898
3591.341898
3591.342897
3591.343897
3591.344897
3591.345897
3591.346898
3591.347898
3591.348898
3591.349898
3591.350898
3591.351897
3591.352897
3591.353897
3591.354898
3591.355898
3591.356898
3591.357898
3591.358898
3591.359897
3591.360897
3591.361897
3591.362897
3591.363898
3591.364898
3591.365898
3591.366898
3591.367898
3591.368897
3591.369897
3591.370897
3591.371897
3591.372898
3591.373898
3591.374898
3591.375898
3591.376898
3591.377897
3591.378897
3591.379897
3591.380897
3591.381898
3591.382898
3591.383898
3591.384898
3591.385898
3591.386897
3591.387897
3591.388897
3591.389897
3591.390898
3591.391898
3591.392898
3591.393898
3591.394898
3591.395897
3591.396897
3591.397897
3591.398897
3591.399898
3591.400898
3591.401898
3591.402898
3591.403898
3591.404897
3591.405897
3591.406897
3591.407897
3591.408898
3591.409898
3591.410898
3591.411898
3591.412898
3591.413897
3591.414897
3591.415897
3591.416898
3591.417898
3591.418898
3591.419898
3591.420898
3591.421897
3591.422897
3591.423897
3591.424897
3591.425898
3591.426898
3591.427898
3591.428898
3591.429898
3591.430897
3591.431897
3591.432897
3591.433897
3591.434898
3591.435898
3591.436898
3591.437898
3591.438898
3591.439897
3591.440897
3591.441897
3591.442897
3591.443898
3591.444898
3591.445898
3591.446898
3591.447898
3591.448897
3591.449897
3591.450897
3591.451897
3591.452898
3591.453898
3591.454898
3591.455898
3591.456898
3591.457897
3591.458897
3591.459897
3591.460897
3591.461898
3591.462898
3591.463898
3591.464898
3591.465898
3591.466897
3591.467897
3591.468897
3591.469897
3591.470898
3591.471898
3591.472898
3591.473898
3591.474898
3591.475897
3591.476897
3591.477897
3591.478898
3591.479898
3591.480898
3591.481898
3591.482898
3591.483897
3591.484897
3591.485897
3591.486897
3591.487898
3591.488898
3591.489898
3591.490898
3591.491898
3591.492897
3591.493897
3591.494897
3591.495897
3591.496898
3591.497898
3591.498898
3591.499898
3591.500898
3591.501897
3591.502897
3591.503897
3591.504897
3591.505898
3591.506898
3591.507898
3591.508898
3591.509898
3591.510897
3591.511897
3591.512897
3591.513897
3591.514898
3591.515898
3591.516898
3591.517898
3591.518898
3591.519897
3591.520897
3591.521897
3591.522897
3591.523898
3591.524898
3591.525898
3591.526898
3591.527898
3591.528897
3591.529897
3591.530897
3591.531897
3591.532898
3591.533898
3591.534898
3591.535898
3591.536898
3591.537897
3591.538897
3591.539897
3591.540898
3591.541898
3591.542898
3591.543898
