1261.540324
1261.541324
1261.542324
1261.543323
1261.544323
1261.545325
1261.546325
1261.547324
1261.548324
1261.549324
1261.550324
1261.551324
1261.552323
1261.553323
1261.554325
1261.555324
1261.556324
1261.557324
1261.558324
1261.559324
1261.560324
1261.561323
1261.562323
1261.563325
1261.564324
1261.565324
1261.566324
1261.567324
1261.568324
1261.569323
1261.570323
1261.571323
1261.572325
1261.573324
1261.574324
1261.575324
1261.576324
1261.577324
1261.578323
1261.579323
1261.580323
1261.581325
1261.582324
1261.583324
1261.584324
1261.585324
1261.586324
1261.587323
1261.588323
1261.589325
1261.590325
1261.591324
1261.592324
1261.593324
1261.594324
1261.595324
1261.596323
1261.597323
1261.598325
1261.599325
1261.600324
1261.601324
1261.602324
1261.603324
1261.604324
1261.605323
1261.606323
1261.607325
1261.608325
1261.609324
1261.610324
1261.611324
1261.612324
1261.613324
1261.619324
1261.620324
1261.621324
1261.622324
1261.623323
1261.624323
1261.625325
1261.626324
1261.627324
1261.628324
1261.629324
1261.630324
1261.631323
1261.632323
1261.633323
1261.634325
1261.635324
1261.636324
1261.637324
1261.638324
1261.639324
1261.640323
1261.641323
1261.642323
1261.643325
1261.644324
1261.645324
1261.646324
1261.647324
1261.648324
1261.649323
1261.650323
1261.651325
1261.652325
1261.653324
1261.654324
1261.655324
1261.656324
1261.657324
1261.658323
1261.659323
1261.660325
1261.661325
1261.662324
1261.663324
1261.664324
1261.665324
1261.666324
1261.667323
1261.668323
1261.669325
1261.670325
1261.671324
1261.672324
1261.673324
1261.674324
1261.675324
1261.676323
1261.677323
1261.678325
1261.679324
1261.680324
1261.681324
1261.682324
1261.683324
1261.684324
1261.685323
1261.686323
1261.687325
1261.688324
1261.689324
1261.690324
1261.691324
1261.692324
1261.693323
1261.694323
1261.695323
1261.696325
1261.697324
1261.698324
1261.699324
1261.700324
1261.701324
1261.702323
1261.703323
1261.704323
1261.705325
1261.706324
1261.707324
1261.708324
1261.709324
1261.710324
1261.711323
1261.712323
1261.713325
1261.714325
1261.715324
1261.716324
1261.717324
1261.718324
1261.719324
1261.720323
1261.721323
1261.722325
1261.723325
1261.724324
1261.725324
1261.726324
1261.727324
1261.728324
1261.729323
1261.730323
1261.731325
1261.732325
1261.733324
1261.734324
1261.735324
1261.736324
1261.737324
1261.738323
1261.739323
1261.740325
1261.741324
1261.742324
1261.743324
1261.744324
1261.745324
1261.746324
1261.747323
1261.751324
1261.752324
1261.753324
1261.754324
1261.755323
1261.756323
1261.757323
1261.758325
1261.759324
1261.760324
1261.761324
1261.762324
1261.763324
1261.764323
1261.765323
1261.766323
1261.767325
1261.768324
1261.769324
1261.770324
1261.771324
1261.772324
1261.773323
1261.774323
1261.776325
1261.777324
1261.778324
1261.779324
1261.780324
1261.781324
1261.782323
1261.783323
1261.784325
1261.785325
1261.786324
1261.787324
1261.788324
1261.789324
1261.790324
1261.791323
1261.792323
1261.793325
1261.794325
1261.795324
1261.796324
1261.797324
1261.798324
1261.799324
1261.800323
1261.801323
1261.802325
1261.803324
1261.804324
1261.805324
1261.806324
1261.807324
1261.808324
1261.809323
1261.810323
1261.811325
1261.812324
1261.813324
1261.814324
1261.815324
1261.816324
1261.817323
1261.818323
1261.819323
1261.820325
1261.821324
1261.822324
1261.823324
1261.824324
1261.825324
1261.826323
1261.827323
1261.828323
1261.829325
1261.830324
1261.831324
1261.832324
1261.833324
1261.834324
1261.835323
1261.836323
1261.837325
1261.838325
1261.839324
1261.840324
1261.841324
1261.842324
1261.843324
1261.844323
1261.845323
1261.846325
1261.847325
1261.848324
1261.849324
1261.850324
1261.851324
1261.852324
1261.853323
1261.854323
1261.855325
1261.856325
1261.857324
1261.858324
1261.859324
1261.860324
1261.861324
1261.862323
1261.863323
1261.864325
1261.865324
1261.866324
1261.867324
1261.868324
1261.869324
1261.870324
1261.871323
1261.872323
1261.873325
1261.874324
1261.875324
1261.876324
1261.877324
1261.878324
1261.879323
1261.880323
1261.881323
1261.882325
1261.883324
1261.884324
1261.885324
1261.886324
1261.887324
1261.888323
1261.889323
1261.890323
1261.891325
1261.892324
1261.893324
1261.894324
1261.895324
1261.896324
1261.897323
1261.898323
1261.899325
1261.900325
1261.901324
1261.902324
1261.903324
1261.904324
1261.905324
1261.906323
1261.907323
1261.908325
1261.909325
1261.910324
1261.911324
1261.912324
1261.913324
1261.914324
1261.915323
1261.916323
1261.917325
1261.918325
1261.919324
1261.920324
1261.921324
1261.922324
1261.923324
1261.924323
1261.925323
1261.926325
1261.927324
1261.928324
1261.929324
1261.930324
1261.931324
1261.932324
1261.933323
1261.934323
1261.935325
1261.936324
1261.937324
1261.938324
1261.939324
1261.940324
1261.941323
1261.942323
1261.943323
1261.944325
1261.945324
1261.946324
1261.947324
1261.948324
1261.949324
1261.950323
1261.951323
1261.952323
1261.953325
1261.954324
1261.955324
1261.956324
1261.957324
1261.958324
1261.959323
1261.960323
1261.961325
1261.962325
1261.963324
1261.964324
1261.965324
1261.966324
1261.967324
1261.968323
1261.969323
1261.970325
1261.971325
1261.972324
1261.973324
1261.974324
1261.975324
1261.976324
1261.977323
1261.978323
1261.979325
1261.980325
1261.981324
1261.982324
1261.983324
1261.984324
1261.985324
1261.986323
1261.987323
1261.988325
1261.989324
1261.990324
1261.991324
1261.992324
1261.993324
1261.994324
1261.995323
1261.996323
1261.997325
1261.998324
1261.999324
1262.000324
1262.001324
1262.002324
1262.003323
1262.004323
1262.005323
1262.006325
1262.007324
1262.008324
1262.009324
1262.010324
1262.011324
1262.012323
1262.013323
1262.014323
1262.015325
1262.016324
1262.017324
1262.018324
1262.019324
1262.020324
1262.021323
1262.022323
1262.023325
1262.024325
1262.025324
1262.026324
1262.027324
1262.028324
1262.029324
1262.030323
1262.031323
1262.032325
1262.033325
1262.034324
1262.035324
1262.036324
1262.037324
1262.038324
1262.039323
1262.040323
1262.041325
1262.042325
1262.043324
1262.044324
1262.045324
1262.046324
1262.047324
1262.048323
1262.049323
1262.050325
1262.051324
1262.052324
1262.053324
1262.054324
1262.055324
1262.056324
1262.057323
1262.058323
1262.059325
1262.060324
1262.061324
1262.062324
1262.063324
1262.064324
1262.065323
1262.066323
1262.067323
1262.068325
1262.069324
1262.070324
1262.071324
1262.072324
1262.073324
1262.074323
1262.075323
1262.076323
1262.077325
1262.078324
1262.079324
1262.080324
1262.081324
1262.082324
1262.083323
1262.084323
1262.085325
1262.086325
1262.087324
1262.088324
1262.089324
1262.090324
1262.091324
1262.092323
1262.093323
1262.094325
1262.095325
1262.096324
1262.097324
1262.098324
1262.099324
1262.100324
1262.101323
1262.102323
1262.103325
1262.104325
1262.105324
1262.106324
1262.107324
1262.108324
1262.109324
1262.110323
1262.111323
1262.112325
1262.113324
1262.114324
1262.115324
1262.116324
1262.117324
1262.118324
1262.119323
1262.120323
1262.121325
1262.122324
1262.123324
1262.124324
1262.125324
1262.126324
1262.127323
1262.128323
1262.129323
1262.130325
1262.131324
1262.132324
1262.133324
1262.134324
1262.135324
1262.136323
1262.137323
1262.138323
1262.139325
1262.140324
1262.141324
1262.142324
1262.143324
1262.144324
1262.145323
1262.146323
1262.147325
1262.148325
1262.149324
1262.150324
1262.151324
1262.152324
1262.153324
1262.154323
1262.155323
1262.156325
1262.157325
1262.158324
1262.159324
1262.160324
1262.161324
1262.162324
1262.163323
1262.164323
1262.165325
1262.166325
1262.167324
1262.168324
1262.169324
1262.170324
1262.171324
1262.172323
1262.173323
1262.174325
1262.175324
1262.176324
1262.177324
1262.178324
1262.179324
1262.180324
1262.181323
1262.182323
1262.183325
1262.184324
1262.185324
1262.186324
1262.187324
1262.188324
1262.189323
1262.190323
1262.191323
1262.192325
1262.193324
1262.194324
1262.195324
1262.196324
1262.197324
1262.198323
1262.199323
1262.200323
1262.201325
1262.202324
1262.203324
1262.204324
1262.205324
1262.206324
1262.207323
1262.208323
1262.209325
1262.210325
1262.211324
1262.212324
1262.213324
1262.214324
1262.215324
1262.216323
1262.217323
1262.218325
1262.219325
1262.220324
1262.221324
1262.222324
1262.223324
1262.224324
1262.225323
1262.226323
1262.227325
1262.228325
1262.229324
1262.230324
1262.231324
1262.232324
1262.233324
1262.234323
1262.235323
1262.236325
1262.237324
1262.238324
1262.239324
1262.240324
1262.241324
1262.242324
1262.243323
1262.244323
1262.245325
1262.246324
1262.247324
1262.248324
1262.249324
1262.250324
1262.251323
1262.252323
1262.253323
1262.254325
1262.255324
1262.256324
1262.257324
1262.258324
1262.259324
1262.260323
1262.261323
1262.262323
1262.263325
1262.264324
1262.265324
1262.266324
1262.267324
1262.268324
1262.269323
1262.270323
1262.271325
1262.272325
1262.273324
1262.274324
1262.275324
1262.276324
1262.277324
1262.278323
1262.279323
1262.280325
1262.281325
1262.282324
1262.283324
1262.284324
1262.285324
1262.288323
1262.289325
1262.290325
1262.294324
1262.295324
1262.296323
1262.297323
1262.298325
1262.299324
1262.300324
1262.301324
1262.306323
1262.308324
1262.309324
1262.310324
1262.311324
1262.312324
1262.313323
1262.315323
1262.316325
1262.317324
1262.318324
1262.319324
1262.320324
1262.321324
1262.322323
1262.323323
1262.324323
1262.325325
1262.326324
1262.327324
1262.328324
1262.329324
1262.330324
1262.331323
1262.332323
1262.333325
1262.334325
1262.335324
1262.336324
1262.337324
1262.338324
1262.339324
1262.340323
1262.341323
1262.342325
1262.343325
1262.344324
1262.345324
1262.346324
1262.347324
1262.348324
1262.349323
1262.350323
1262.351325
1262.352325
1262.353324
1262.354324
1262.355324
1262.356324
1262.357324
1262.358323
1262.359323
1262.360325
1262.361324
1262.362324
1262.363324
1262.365324
1262.366324
1262.367323
1262.368323
1262.369325
1262.370324
1262.417324
1262.450324
1262.451324
1262.452324
1262.453324
1262.455323
1262.456323
1262.457325
1262.458325
1262.526323
1262.527323
1262.528325
1262.530324
1262.531324
1262.532324
1262.533324
1262.534324
1262.535323
1262.536323
1262.537325
1262.538325
1262.539324
1262.540324
1262.541324
1262.542324
1262.543324
1262.544323
1262.545323
1262.546325
1262.547324
1262.548324
1262.549324
1262.550324
1262.551324
1262.552324
1262.553323
1262.554323
1262.555325
1262.556324
1262.557324
1262.558324
1262.559324
1262.560324
1262.561323
1262.562323
1262.563323
1262.564325
1262.565324
1262.566324
1262.567324
1262.568324
1262.569324
1262.570323
1262.571323
1262.572323
1262.573325
1262.574324
1262.575324
1262.576324
1262.577324
1262.578324
1262.579323
1262.580323
1262.581325
1262.582325
1262.583324
1262.584324
1262.585324
1262.586324
1262.587324
1262.588323
1262.589323
1262.590325
1262.591325
1262.592324
1262.593324
1262.594324
1262.595324
1262.596324
1262.597323
1262.598323
1262.599325
1262.600325
1262.601324
1262.602324
1262.603324
1262.604324
1262.605324
1262.606323
1262.607323
1262.609324
1262.610324
1262.611324
1262.612324
1262.613324
1262.614324
1262.615323
1262.616323
1262.617325
1262.618324
1262.619324
1262.620324
1262.715325
1262.717324
1262.721323
1262.722323
1262.723325
1262.732325
1262.763324
1262.764324
1262.765323
1262.766323
1262.767325
1262.768325
1262.769324
1262.776325
1262.778324
1262.779324
1262.780324
1262.781324
1262.786325
1262.787324
1262.789324
1262.790324
1262.791324
1262.792323
1262.793323
1262.794325
1262.795324
1262.796324
1262.799324
1262.802323
1262.803325
1262.804324
1262.805324
1262.806324
1262.807324
1262.808324
1262.809323
1262.810323
1262.812325
1262.813324
1262.814324
1262.815324
1262.816324
1262.817324
1262.818323
1262.819323
1262.820323
1262.858324
1262.860324
1262.861324
1262.862324
1262.863323
1262.864323
1262.865325
1262.867324
1262.868324
1262.869324
1262.870324
1262.871323
1262.872323
1262.873323
1262.874325
1262.875324
1262.876324
1262.877324
1262.878324
1262.879324
1262.880323
1262.881323
1262.882323
1262.883325
1262.884324
1262.885324
1262.886324
1262.887324
1262.888324
1262.889323
1262.890323
1262.891325
1262.892325
1262.893324
1262.894324
1262.895324
1262.896324
1262.897324
1262.898323
1262.899323
1262.900325
1262.901325
1262.902324
1262.903324
1262.904324
1262.905324
1262.906324
1262.907323
1262.908323
1262.909325
1262.910325
1262.911324
1262.912324
1262.913324
1262.914324
1262.915324
1262.916323
1262.917323
1262.918325
1262.919324
1262.920324
1262.921324
1262.922324
1262.923324
1262.924324
1262.925323
1262.926323
1262.927325
1262.928324
1262.929324
1262.930324
1262.931324
1262.932324
1262.933323
1262.934323
1262.935323
1262.936325
1262.937324
1262.938324
1262.939324
1262.940324
1262.941324
1262.942323
1262.943323
1262.944323
1262.945325
1262.946324
1262.947324
1262.948324
1262.949324
1262.950324
1262.951323
1262.952323
1262.953325
1262.954325
1262.955324
1262.956324
1262.957324
1262.958324
1262.959324
1262.960323
1262.961323
1262.962325
1262.963325
1262.964324
1262.965324
1262.966324
1262.967324
1262.968324
1262.969323
1262.970323
1262.971325
1262.972325
1262.973324
1262.974324
1262.975324
1262.976324
1262.977324
1262.978323
1262.979323
1262.980325
1263.035324
1263.038324
1263.039324
1263.040323
1263.041323
1263.042325
1263.043324
1263.044324
1263.045324
1263.046324
1263.047324
1263.048324
1263.049323
1263.050323
1263.051325
1263.052324
1263.053324
1263.054324
1263.055324
1263.056324
1263.057323
1263.058323
1263.059323
1263.060325
1263.061324
1263.062324
1263.063324
1263.064324
1263.065324
1263.066323
1263.067323
1263.068323
1263.069325
1263.070324
1263.071324
1263.072324
1263.073324
1263.074324
1263.075323
1263.076323
1263.077325
1263.078325
1263.079324
1263.080324
1263.081324
1263.082324
1263.083324
1263.084323
1263.085323
1263.086325
1263.087325
1263.088324
1263.089324
1263.090324
1263.091324
1263.092324
1263.093323
1263.094323
1263.095325
1263.096325
1263.097324
1263.098324
1263.099324
1263.100324
1263.101324
1263.102323
1263.103323
1263.104325
1263.105324
1263.106324
1263.107324
1263.108324
1263.109324
1263.110324
1263.111323
1263.112323
1263.113325
1263.114324
1263.115324
1263.116324
1263.117324
1263.118324
1263.119323
1263.120323
1263.121323
1263.122325
1263.123324
1263.124324
1263.125324
1263.126324
1263.127324
1263.128323
1263.129323
1263.130323
1263.131325
1263.132324
1263.133324
1263.134324
1263.135324
1263.136324
1263.225324
1263.226323
1263.227323
1263.228325
1263.230324
1263.231324
1263.232324
1263.234324
1263.237325
1263.238324
1263.241324
1263.242324
1263.243323
1263.245323
1263.246325
1263.247324
1263.248324
1263.249324
1263.250324
1263.251324
1263.252323
1263.253323
1263.254323
1263.255325
1263.256324
1263.257324
1263.259324
1263.260324
1263.261323
1263.262323
1263.264325
1263.265324
1263.266324
1263.267324
1263.268324
1263.269324
1263.270323
1263.271323
1263.272325
1263.273325
1263.274324
1263.275324
1263.276324
1263.277324
1263.278324
1263.279323
1263.280323
1263.281325
1263.282325
1263.283324
1263.284324
1263.285324
1263.286324
1263.287324
1263.288323
1263.289323
1263.290325
1263.291324
1263.292324
1263.293324
1263.294324
1263.295324
1263.296324
1263.297323
1263.298323
1263.299325
1263.300324
1263.301324
1263.302324
1263.303324
1263.304324
1263.305323
1263.306323
1263.307323
1263.308325
1263.309324
1263.310324
1263.311324
1263.312324
1263.313324
1263.314323
1263.315323
1263.316323
1263.317325
1263.318324
1263.319324
1263.320324
1263.321324
1263.322324
1263.323323
1263.390324
1263.391324
1263.392324
1263.393324
1263.394323
1263.395323
1263.396325
1263.397325
1263.398324
1263.399324
1263.400324
1263.408324
1263.411324
1263.412323
1263.413323
1263.414325
1263.415324
1263.416324
1263.417324
1263.418324
1263.419324
1263.517324
1263.518323
1263.520325
1263.521325
1263.522324
1263.523324
1263.524324
1263.525324
1263.526324
1263.527323
1263.528323
1263.529325
1263.530325
1263.531324
1263.532324
1263.533324
1263.534324
1263.535324
1263.536323
1263.537323
1263.538325
1263.539324
1263.540324
1263.541324
1263.542324
1263.543324
1263.544324
1263.545323
1263.546323
1263.547325
1263.548324
1263.549324
1263.550324
1263.551324
1263.552324
1263.553323
1263.554323
1263.555323
1263.556325
1263.557324
1263.558324
1263.559324
1263.560324
1263.561324
1263.562323
1263.563323
1263.564323
1263.565325
1263.566324
1263.567324
1263.568324
1263.569324
1263.570324
1263.571323
1263.572323
1263.573325
1263.574325
1263.575324
1263.576324
1263.577324
1263.578324
1263.579324
1263.580323
1263.581323
1263.582325
1263.583325
1263.584324
1263.585324
1263.586324
1263.613324
1263.614324
1263.615323
1263.616323
1263.617323
1263.618325
1263.619324
1263.621324
1263.623324
1263.624323
1263.625323
1263.626323
1263.627325
1263.629324
1263.630324
1263.631324
1263.632324
1263.633323
1263.634323
1263.635325
1263.636325
1263.637324
1263.638324
1263.641324
1263.643323
1263.644325
1263.645325
1263.646324
1263.647324
1263.648324
1263.649324
1263.650324
1263.651323
1263.652323
1263.653325
1263.654325
1263.655324
1263.656324
1263.657324
1263.658324
1263.659324
1263.660323
1263.661323
1263.662325
1263.663324
1263.664324
1263.665324
1263.666324
1263.667324
1263.668324
1263.669323
1263.670323
1263.671325
1263.672324
1263.673324
1263.674324
1263.675324
1263.676324
1263.677323
1263.678323
1263.679323
1263.680325
1263.681324
1263.682324
1263.683324
1263.684324
1263.685324
1263.686323
1263.687323
1263.688323
1263.689325
1263.690324
1263.691324
1263.692324
1263.693324
1263.694324
1263.695323
1263.696323
1263.697325
1263.698325
1263.699324
1263.700324
1263.701324
1263.702324
1263.704323
1263.705323
1263.707325
1263.709324
1263.710324
1263.711324
1263.712324
1263.716325
1263.717324
1263.718324
1263.724325
1263.725324
1263.726324
1263.728324
1263.729324
1263.730324
1263.731323
1263.732323
1263.733325
1263.734324
1263.735324
1263.736324
1263.737324
1263.738324
1263.739323
1263.740323
1263.741323
1263.742325
1263.743324
1263.744324
1263.745324
1263.746324
1263.747324
1263.748323
1263.749323
1263.750323
1263.751325
1263.752324
1263.753324
1263.754324
