1617.921418
1617.922418
1617.923418
1617.924418
1617.925417
1617.926417
1617.927417
1617.928419
1617.929418
1617.930418
1617.931418
1617.932418
1617.933418
1617.934417
1617.935417
1617.936417
1617.937419
1617.938418
1617.939418
1617.940418
1617.941418
1617.942418
1617.943417
1617.944417
1617.945417
1617.946419
1617.947418
1617.948418
1617.949418
1617.950418
1617.951418
1617.952417
1617.953417
1617.954419
1617.955418
1617.956418
1617.957418
1617.958418
1617.959418
1617.960418
1617.961417
1617.962417
1617.963419
1617.964418
1617.965418
1617.966418
1617.967418
1617.968418
1617.969417
1617.970417
1617.971417
1617.972419
1617.973418
1617.974418
1617.975418
1617.976418
1617.977418
1617.978417
1617.979417
1617.980417
1617.981419
1617.982418
1617.983418
1617.984418
1617.985418
1617.986418
1617.987417
1617.988417
1617.989417
1617.990419
1617.991418
1617.992418
1617.993418
1617.994418
1617.995418
1617.996417
1617.997417
1617.998417
1617.999419
1618.000418
1618.001418
1618.002418
1618.003418
1618.004418
1618.005417
1618.006417
1618.007417
1618.008419
1618.009418
1618.010418
1618.011418
1618.012418
1618.013418
1618.014417
1618.015417
1618.016419
1618.017418
1618.018418
1618.019418
1618.020418
1618.021418
1618.022418
1618.023417
1618.024417
1618.025419
1618.026418
1618.027418
1618.028418
1618.029418
1618.030418
1618.031417
1618.032417
1618.033417
1618.034419
1618.035418
1618.036418
1618.037418
1618.038418
1618.039418
1618.040417
1618.041417
1618.042417
1618.043419
1618.044418
1618.045418
1618.046418
1618.047418
1618.048418
1618.049417
1618.050417
1618.051417
1618.052419
1618.053418
1618.054418
1618.055418
1618.056418
1618.057418
1618.058417
1618.059417
1618.060417
1618.061419
1618.062418
1618.063418
1618.064418
1618.065418
1618.066418
1618.067417
1618.068417
1618.069417
1618.070419
1618.071418
1618.072418
1618.073418
1618.074418
1618.075418
1618.076417
1618.077417
1618.078419
1618.079418
1618.080418
1618.081418
1618.082418
1618.083418
1618.084418
1618.085417
1618.086417
1618.087419
1618.088418
1618.089418
1618.090418
1618.091418
1618.092418
1618.093417
1618.094417
1618.095417
1618.096419
1618.097418
1618.098418
1618.099418
1618.100418
1618.101418
1618.102417
1618.103417
1618.104417
1618.105419
1618.106418
1618.107418
1618.108418
1618.109418
1618.110418
1618.111417
1618.112417
1618.113417
1618.114419
1618.115418
1618.116418
1618.117418
1618.118418
1618.119418
1618.120417
1618.121417
1618.122417
1618.123419
1618.124418
1618.125418
1618.126418
1618.127418
1618.128418
1618.129417
1618.130417
1618.131417
1618.132419
1618.133418
1618.134418
1618.135418
1618.136418
1618.137418
1618.138417
1618.139417
1618.140419
1618.141418
1618.142418
1618.143418
1618.144418
1618.145418
1618.146418
1618.147417
1618.148417
1618.149419
1618.150418
1618.151418
1618.152418
1618.153418
1618.154418
1618.155417
1618.156417
1618.157417
1618.158419
1618.159418
1618.160418
1618.161418
1618.162418
1618.163418
1618.164417
1618.165417
1618.166417
1618.167419
1618.168418
1618.169418
1618.170418
1618.171418
1618.172418
1618.173417
1618.174417
1618.175417
1618.176419
1618.177418
1618.178418
1618.179418
1618.180418
1618.181418
1618.182417
1618.183417
1618.184417
1618.185419
1618.186418
1618.187418
1618.188418
1618.189418
1618.190418
1618.191417
1618.192417
1618.193417
1618.194419
1618.195418
1618.196418
1618.197418
1618.198418
1618.199418
1618.200417
1618.201417
1618.202419
1618.203418
1618.204418
1618.205418
1618.206418
1618.207418
1618.208418
1618.209417
1618.210417
1618.211419
1618.212418
1618.213418
1618.214418
1618.215418
1618.216418
1618.217417
1618.218417
1618.219417
1618.220419
1618.221418
1618.222418
1618.223418
1618.224418
1618.225418
1618.226417
1618.227417
1618.228417
1618.229419
1618.230418
1618.231418
1618.232418
1618.233418
1618.234418
1618.235417
1618.236417
1618.237417
1618.238419
1618.239418
1618.240418
1618.241418
1618.242418
1618.243418
1618.244417
1618.245417
1618.246417
1618.247419
1618.248418
1618.249418
1618.250418
1618.251418
1618.252418
1618.253417
1618.254417
1618.255417
1618.256419
1618.257418
1618.258418
1618.259418
1618.260418
1618.261418
1618.262417
1618.263417
1618.264419
1618.265418
1618.266418
1618.267418
1618.268418
1618.269418
1618.270418
1618.271417
1618.272417
1618.273419
1618.274418
1618.275418
1618.276418
1618.277418
1618.278418
1618.279417
1618.280417
1618.281417
1618.282419
1618.283418
1618.284418
1618.285418
1618.286418
1618.287418
1618.288417
1618.289417
1618.290417
1618.291419
1618.292418
1618.293418
1618.294418
1618.295418
1618.296418
1618.297417
1618.298417
1618.299417
1618.300419
1618.301418
1618.302418
1618.303418
1618.304418
1618.305418
1618.306417
1618.307417
1618.308417
1618.309419
1618.310418
1618.311418
1618.312418
1618.313418
1618.314418
1618.315417
1618.316417
1618.317417
1618.318419
1618.319418
1618.320418
1618.321418
1618.322418
1618.323418
1618.324417
1618.325417
1618.326419
1618.327418
1618.328418
1618.329418
1618.330418
1618.331418
1618.332418
1618.333417
1618.334417
1618.335419
1618.336418
1618.337418
1618.338418
1618.339418
1618.340418
1618.341417
1618.342417
1618.343417
1618.344419
1618.345418
1618.346418
1618.347418
1618.348418
1618.349418
1618.350417
1618.351417
1618.352417
1618.353419
1618.354418
1618.355418
1618.356418
1618.357418
1618.358418
1618.359417
1618.360417
1618.361417
1618.362419
1618.363418
1618.364418
1618.365418
1618.366418
1618.367418
1618.368417
1618.369417
1618.370417
1618.371419
1618.372418
1618.373418
1618.374418
1618.375418
1618.376418
1618.377417
1618.378417
1618.379417
1618.380419
1618.381418
1618.382418
1618.383418
1618.384418
1618.385418
1618.386417
1618.387417
1618.388419
1618.389418
1618.390418
1618.391418
1618.392418
1618.393418
1618.394418
1618.395417
1618.396417
1618.397419
1618.398418
1618.399418
1618.400418
1618.401418
1618.402418
1618.403417
1618.404417
1618.405417
1618.406419
1618.407418
1618.408418
1618.409418
1618.410418
1618.411418
1618.412417
1618.413417
1618.414417
1618.415419
1618.416418
1618.417418
1618.418418
1618.419418
1618.420418
1618.421417
1618.422417
1618.423417
1618.424419
1618.425418
1618.426418
1618.427418
1618.428418
1618.429418
1618.430417
1618.431417
1618.432417
1618.433419
1618.434418
1618.435418
1618.436418
1618.437418
1618.438418
1618.439417
1618.440417
1618.441417
1618.442419
1618.443418
1618.444418
1618.445418
1618.446418
1618.447418
1618.448417
1618.449417
1618.450419
1618.451418
1618.452418
1618.453418
1618.454418
1618.455418
1618.456418
1618.457417
1618.458417
1618.459419
1618.460418
1618.461418
1618.462418
1618.463418
1618.464418
1618.465417
1618.466417
1618.467417
1618.468419
1618.469418
1618.470418
1618.471418
1618.472418
1618.473418
1618.474417
1618.475417
1618.476417
1618.477419
1618.478418
1618.479418
1618.480418
1618.481418
1618.482418
1618.483417
1618.484417
1618.485417
1618.486419
1618.487418
1618.488418
1618.489418
1618.490418
1618.491418
1618.492417
1618.493417
1618.494417
1618.495419
1618.496418
1618.497418
1618.498418
1618.499418
1618.500418
1618.501417
1618.502417
1618.503417
1618.504419
1618.505418
1618.506418
1618.507418
1618.508418
1618.509418
1618.510417
1618.511417
1618.512419
1618.513418
1618.514418
1618.515418
1618.516418
1618.517418
1618.518418
1618.519417
1618.520417
1618.521419
1618.522418
1618.523418
1618.524418
1618.525418
1618.526418
1618.527417
1618.528417
1618.529417
1618.530419
1618.531418
1618.532418
1618.533418
1618.534418
1618.535418
1618.536417
1618.537417
1618.538417
1618.539419
1618.540418
1618.541418
1618.542418
1618.543418
1618.544418
1618.545417
1618.546417
1618.547417
1618.548419
1618.549418
1618.550418
1618.551418
1618.552418
1618.553418
1618.554417
1618.555417
1618.556417
1618.557419
1618.558418
1618.559418
1618.560418
1618.561418
1618.562418
1618.563417
1618.564417
1618.565417
1618.566419
1618.567418
1618.568418
1618.569418
1618.570418
1618.571418
1618.572417
1618.573417
1618.574419
1618.575418
1618.576418
1618.577418
1618.578418
1618.579418
1618.580418
1618.581417
1618.582417
1618.583419
1618.584418
1618.585418
1618.586418
1618.587418
1618.588418
1618.589417
1618.590417
1618.591417
1618.592419
1618.593418
1618.594418
1618.595418
1618.596418
1618.597418
1618.598417
1618.599417
1618.600417
1618.601419
1618.602418
1618.603418
1618.604418
1618.605418
1618.606418
1618.607417
1618.608417
1618.609417
1618.610419
1618.611418
1618.612418
1618.613418
1618.614418
1618.615418
1618.616417
1618.617417
1618.618417
1618.619419
1618.620418
1618.621418
1618.622418
1618.623418
1618.624418
1618.625417
1618.626417
1618.627417
1618.628419
1618.629418
1618.630418
1618.631418
1618.632418
1618.633418
1618.634417
1618.635417
1618.636419
1618.637418
1618.638418
1618.639418
1618.640418
1618.641418
1618.642418
1618.643417
1618.644417
1618.645419
1618.646418
1618.647418
1618.648418
1618.649418
1618.650418
1618.651417
1618.652417
1618.653417
1618.654419
1618.655418
1618.656418
1618.657418
1618.658418
1618.659418
1618.660417
1618.661417
1618.662417
1618.663419
1618.664418
1618.665418
1618.666418
1618.667418
1618.668418
1618.669417
1618.670417
1618.671417
1618.672419
1618.673418
1618.674418
1618.675418
1618.676418
1618.677418
1618.678417
1618.679417
1618.680417
1618.681419
1618.682418
1618.683418
1618.684418
1618.685418
1618.686418
1618.687417
1618.688417
1618.689417
1618.690419
1618.691418
1618.692418
1618.693418
1618.694418
1618.695418
1618.696417
1618.697417
1618.698419
1618.699418
1618.700418
1618.701418
1618.702418
1618.703418
1618.704418
1618.705417
1618.706417
1618.707419
1618.708418
1618.709418
1618.710418
1618.711418
1618.712418
1618.713417
1618.714417
1618.715417
1618.716419
1618.717418
1618.718418
1618.719418
1618.720418
1618.721418
1618.722417
1618.723417
1618.724417
1618.725419
1618.726418
1618.727418
1618.728418
1618.729418
1618.730418
1618.731417
1618.732417
1618.733417
1618.734419
1618.735418
1618.736418
1618.737418
1618.738418
1618.739418
1618.740417
1618.741417
1618.742417
1618.743419
1618.744418
1618.745418
1618.746418
1618.747418
1618.748418
1618.749417
1618.750417
1618.751417
1618.752419
1618.753418
1618.754418
1618.755418
1618.756418
1618.757418
1618.758417
1618.759417
1618.760419
1618.761418
1618.762418
1618.763418
1618.764418
1618.765418
1618.766418
1618.767417
1618.768417
1618.769419
1618.770418
1618.771418
1618.772418
1618.773418
1618.774418
1618.775417
1618.776417
1618.777417
1618.778419
1618.779418
1618.780418
1618.781418
1618.782418
1618.783418
1618.784417
1618.785417
1618.786417
1618.787419
1618.788418
1618.789418
1618.790418
1618.791418
1618.792418
1618.793417
1618.794417
1618.795417
1618.796419
1618.797418
1618.798418
1618.799418
1618.800418
1618.801418
1618.802417
1618.803417
1618.804417
1618.805419
1618.806418
1618.807418
1618.808418
1618.809418
1618.810418
1618.811417
1618.812417
1618.813417
1618.814419
1618.815418
1618.816418
1618.817418
1618.818418
1618.819418
1618.820417
1618.821417
1618.822419
1618.823418
1618.824418
1618.825418
1618.826418
1618.827418
1618.828418
1618.829417
1618.830417
1618.831419
1618.832418
1618.833418
1618.834418
1618.835418
1618.836418
1618.837417
1618.838417
1618.839417
1618.840419
1618.841418
1618.842418
1618.843418
1618.844418
1618.845418
1618.846417
1618.847417
1618.848417
1618.849419
1618.850418
1618.851418
1618.852418
1618.853418
1618.854418
1618.855417
1618.856417
1618.857417
1618.858419
1618.859418
1618.860418
1618.861418
1618.862418
1618.863418
1618.864417
1618.865417
1618.866417
1618.867419
1618.868418
1618.869418
1618.870418
1618.871418
1618.872418
1618.873417
1618.874417
1618.875417
1618.876419
1618.877418
1618.878418
1618.879418
1618.880418
1618.881418
1618.882417
1618.883417
1618.884419
1618.885418
1618.886418
1618.887418
1618.888418
1618.889418
1618.890418
1618.891417
1618.892417
1618.893419
1618.894418
1618.895418
1618.896418
1618.897418
1618.898418
1618.899417
1618.900417
1618.901417
1618.902419
1618.903418
1618.904418
1618.905418
1618.906418
1618.907418
1618.908417
1618.909417
1618.910417
1618.911419
1618.912418
1618.913418
1618.914418
1618.915418
1618.916418
1618.917417
1618.918417
1618.919417
1618.920419
1618.921418
1618.922418
1618.923418
1618.924418
1618.925418
1618.926417
1618.927417
1618.928417
1618.929419
1618.930418
1618.931418
1618.932418
1618.933418
1618.934418
1618.935417
1618.936417
1618.937417
1618.938419
1618.939418
1618.940418
1618.941418
1618.942418
1618.943418
1618.944417
1618.945417
1618.946419
1618.947418
1618.948418
1618.949418
1618.950418
1618.951418
1618.952418
1618.953417
1618.954417
1618.955419
1618.956418
1618.957418
1618.958418
1618.959418
1618.960418
1618.961417
1618.962417
1618.963417
1618.964419
1618.965418
1618.966418
1618.967418
1618.968418
1618.969418
1618.970417
1618.971417
1618.972417
1618.973419
1618.974418
1618.975418
1618.976418
1618.977418
1618.978418
1618.979417
1618.980417
1618.981417
1618.982419
1618.983418
1618.984418
1618.985418
1618.986418
1618.987418
1618.988417
1618.989417
1618.990417
1618.991419
1618.992418
1618.993418
1618.994418
1618.995418
1618.996418
1618.997417
1618.998417
1618.999417
1619.000419
1619.001418
1619.002418
1619.003418
1619.004418
1619.005418
1619.006417
1619.007417
1619.008419
1619.009418
1619.010418
1619.011418
1619.012418
1619.013418
1619.014418
1619.015417
1619.016417
1619.017419
1619.018418
1619.019418
1619.020418
1619.021418
1619.022418
1619.023417
1619.024417
1619.025417
1619.026419
1619.027418
1619.028418
1619.029418
1619.030418
1619.031418
1619.032417
1619.033417
1619.034417
1619.035419
1619.036418
1619.037418
1619.038418
1619.039418
1619.040418
1619.041417
1619.042417
1619.043417
1619.044419
1619.045418
1619.046418
1619.047418
1619.048418
1619.049418
1619.050417
1619.051417
1619.052417
1619.053419
1619.054418
1619.055418
1619.056418
1619.057418
1619.058418
1619.059417
1619.060417
1619.061417
1619.062419
1619.063418
1619.064418
1619.065418
1619.066418
1619.067418
1619.068417
1619.069417
1619.070419
1619.071418
1619.072418
1619.073418
1619.074418
1619.075418
1619.076418
1619.077417
1619.078417
1619.079419
1619.080418
1619.081418
1619.082418
1619.083418
1619.084418
1619.085417
1619.086417
1619.087417
1619.088419
1619.089418
1619.090418
1619.091418
1619.092418
1619.093418
1619.094417
1619.095417
1619.096417
1619.097419
1619.098418
1619.099418
1619.100418
1619.101418
1619.102418
1619.103417
1619.104417
1619.105417
1619.106419
1619.107418
1619.108418
1619.109418
1619.110418
1619.111418
1619.112417
1619.113417
1619.114417
1619.115419
1619.116418
1619.117418
1619.118418
1619.119418
1619.120418
1619.121417
1619.122417
1619.123417
1619.124419
1619.125418
1619.126418
1619.127418
1619.128418
1619.129418
1619.130417
1619.131417
1619.132419
1619.133418
1619.134418
1619.135418
1619.136418
1619.137418
1619.138418
1619.139417
1619.140417
1619.141419
1619.142418
1619.143418
1619.144418
1619.145418
1619.146418
1619.147417
1619.148417
1619.149417
1619.150419
1619.151418
1619.152418
1619.153418
1619.154418
1619.155418
1619.156417
1619.157417
1619.158417
1619.159419
1619.160418
1619.161418
1619.162418
1619.163418
1619.164418
1619.165417
1619.166417
1619.167417
1619.168419
1619.169418
1619.170418
1619.171418
1619.172418
1619.173418
1619.174417
1619.175417
1619.176417
1619.177419
1619.178418
1619.179418
1619.180418
1619.181418
1619.182418
1619.183417
1619.184417
1619.185417
1619.186419
1619.187418
1619.188418
1619.189418
1619.190418
1619.191418
1619.192417
1619.193417
1619.194419
1619.195418
1619.196418
1619.197418
1619.198418
1619.199418
1619.200418
1619.201417
1619.202417
1619.203419
1619.204418
1619.205418
1619.206418
1619.207418
1619.208418
1619.209417
1619.210417
1619.211417
1619.212419
1619.213418
1619.214418
1619.215418
1619.216418
1619.217418
1619.218417
1619.219417
1619.220417
1619.221419
1619.222418
1619.223418
1619.224418
1619.225418
1619.226418
1619.227417
1619.228417
1619.229417
1619.230419
1619.231418
1619.232418
1619.233418
1619.234418
1619.235418
1619.236417
1619.237417
1619.238417
1619.239419
1619.240418
1619.241418
1619.242418
1619.243418
1619.244418
1619.245417
1619.246417
1619.247417
1619.248419
1619.249418
1619.250418
1619.251418
1619.252418
1619.253418
1619.254417
1619.255417
1619.256419
1619.257418
1619.258418
1619.259418
1619.260418
1619.261418
1619.262418
1619.263417
1619.264417
1619.265419
1619.266418
1619.267418
1619.268418
1619.269418
1619.270418
1619.271417
1619.272417
1619.273417
1619.274419
1619.275418
1619.276418
1619.277418
1619.278418
1619.279418
1619.280417
1619.281417
1619.282417
1619.283419
1619.284418
1619.285418
1619.286418
1619.287418
1619.288418
1619.289417
1619.290417
1619.291417
1619.292419
1619.293418
1619.294418
1619.295418
1619.296418
1619.297418
1619.298417
1619.299417
1619.300417
1619.301419
1619.302418
1619.303418
1619.304418
1619.305418
1619.306418
1619.307417
1619.308417
1619.309417
1619.310419
1619.311418
1619.312418
1619.313418
1619.314418
1619.315418
1619.316417
1619.317417
1619.318419
1619.319418
1619.320418
1619.321418
1619.322418
1619.323418
1619.324418
1619.325417
1619.326417
1619.327419
1619.328418
1619.329418
1619.330418
1619.331418
1619.332418
1619.333417
1619.334417
1619.335417
1619.336419
1619.337418
1619.338418
1619.339418
1619.340418
1619.341418
1619.342417
1619.343417
1619.344417
1619.345419
1619.346418
1619.347418
1619.348418
1619.349418
1619.350418
1619.351417
1619.352417
1619.353417
1619.354419
1619.355418
1619.356418
1619.357418
1619.358418
1619.359418
1619.360417
1619.361417
1619.362417
1619.363419
1619.364418
1619.365418
1619.366418
1619.367418
1619.368418
1619.369417
1619.370417
1619.371417
1619.372419
1619.373418
1619.374418
1619.375418
1619.376418
1619.377418
1619.378417
1619.379417
1619.380419
1619.381418
1619.382418
1619.383418
1619.384418
1619.385418
1619.386418
1619.387417
1619.388417
1619.389419
1619.390418
1619.391418
1619.392418
1619.393418
1619.394418
1619.395417
1619.396417
1619.397417
1619.398419
1619.399418
1619.400418
1619.401418
1619.402418
1619.403418
1619.404417
1619.405417
1619.406417
1619.407419
1619.408418
1619.409418
1619.410418
1619.411418
1619.412418
1619.413417
1619.414417
1619.415417
1619.416419
1619.417418
1619.418418
1619.419418
1619.420418
1619.421418
1619.422417
1619.423417
1619.424417
1619.425419
1619.426418
1619.427418
1619.428418
1619.429418
1619.430418
1619.431417
1619.432417
1619.433417
1619.434419
1619.435418
1619.436418
1619.437418
1619.438418
1619.439418
1619.440417
1619.441417
1619.442419
1619.443418
1619.444418
1619.445418
1619.446418
1619.447418
1619.448418
1619.449417
1619.450417
1619.451419
1619.452418
1619.453418
1619.454418
1619.455418
1619.456418
1619.457417
1619.458417
1619.459417
1619.460419
1619.461418
1619.462418
1619.463418
1619.464418
1619.465418
1619.466417
1619.467417
1619.468417
1619.469419
1619.470418
1619.471418
1619.472418
1619.473418
1619.474418
1619.475417
1619.476417
1619.477417
1619.478419
1619.479418
1619.480418
1619.481418
1619.482418
1619.483418
1619.484417
1619.485417
1619.486417
1619.487419
1619.488418
1619.489418
1619.490418
1619.491418
1619.492418
1619.493417
1619.494417
1619.495417
1619.496419
1619.497418
1619.498418
1619.499418
1619.500418
1619.501418
1619.502417
1619.503417
1619.504419
1619.505418
1619.506418
1619.507418
1619.508418
1619.509418
1619.510418
1619.511417
1619.512417
1619.513419
1619.514418
1619.515418
1619.516418
1619.517418
1619.518418
1619.519417
1619.520417
1619.521417
1619.522419
1619.523418
1619.524418
1619.525418
1619.526418
1619.527418
1619.528417
1619.529417
1619.530417
1619.531419
1619.532418
1619.533418
1619.534418
1619.535418
1619.536418
1619.537417
1619.538417
1619.539417
1619.540419
1619.541418
1619.542418
1619.543418
1619.544418
1619.545418
1619.546417
1619.547417
1619.548417
1619.549419
1619.550418
1619.551418
1619.552418
1619.553418
1619.554418
1619.555417
1619.556417
1619.557417
1619.558419
1619.559418
1619.560418
1619.561418
1619.562418
1619.563418
1619.564417
1619.565417
1619.566419
