3756.83966
3756.840659
3756.841659
3756.842659
3756.843659
3756.844659
3756.845658
3756.846658
3756.847658
3756.84866
3756.849659
3756.850659
3756.851659
3756.852659
3756.853659
3756.854658
3756.855658
3756.856658
3756.857659
3756.858659
3756.859659
3756.860659
3756.861659
3756.862659
3756.863658
3756.864658
3756.865658
3756.866659
3756.867659
3756.868659
3756.869659
3756.870659
3756.871658
3756.872658
3756.873658
3756.874658
3756.875659
3756.876659
3756.877659
3756.878659
3756.879659
3756.880658
3756.881658
3756.882658
3756.883658
3756.884659
3756.885659
3756.886659
3756.887659
3756.888659
3756.889658
3756.890658
3756.891658
3756.89266
3756.893659
3756.894659
3756.895659
3756.896659
3756.897659
3756.898658
3756.899658
3756.900658
3756.90166
3756.902659
3756.903659
3756.904659
3756.905659
3756.906659
3756.907658
3756.908658
3756.909658
3756.91066
3756.911659
3756.912659
3756.913659
3756.914659
3756.915659
3756.916658
3756.917658
3756.918658
3756.919659
3756.920659
3756.921659
3756.922659
3756.923659
3756.924659
3756.925658
3756.926658
3756.927658
3756.928659
3756.929659
3756.930659
3756.931659
3756.932659
3756.933658
3756.934658
3756.935658
3756.936658
3756.937659
3756.938659
3756.939659
3756.940659
3756.941659
3756.942658
3756.943658
3756.944658
3756.945658
3756.946659
3756.947659
3756.948659
3756.949659
3756.950659
3756.951658
3756.952658
3756.953658
3756.95466
3756.955659
3756.956659
3756.957659
3756.958659
3756.959659
3756.960658
3756.961658
3756.962658
3756.96366
3756.964659
3756.965659
3756.966659
3756.967659
3756.968659
3756.969658
3756.970658
3756.971658
3756.97266
3756.973659
3756.974659
3756.975659
3756.976659
3756.977659
3756.978658
3756.979658
3756.980658
3756.981659
3756.982659
3756.983659
3756.984659
3756.985659
3756.986659
3756.987658
3756.988658
3756.989658
3756.990659
3756.991659
3756.992659
3756.993659
3756.994659
3756.995658
3756.996658
3756.997658
3756.998658
3756.999659
3757.000659
3757.001659
3757.002659
3757.003659
3757.004658
3757.005658
3757.006658
3757.007658
3757.008659
3757.009659
3757.010659
3757.011659
3757.012659
3757.013658
3757.014658
3757.015658
3757.01666
3757.017659
3757.018659
3757.019659
3757.020659
3757.021659
3757.022658
3757.023658
3757.024658
3757.02566
3757.026659
3757.027659
3757.028659
3757.029659
3757.030659
3757.031658
3757.032658
3757.033658
3757.03466
3757.035659
3757.036659
3757.037659
3757.038659
3757.039659
3757.040658
3757.041658
3757.042658
3757.043659
3757.044659
3757.045659
3757.046659
3757.047659
3757.048659
3757.049658
3757.050658
3757.066658
3757.067658
3757.068658
3757.069658
3757.071659
3757.073659
3757.074659
3757.075658
3757.076658
3757.077658
3757.07866
3757.082659
3757.083659
3757.084658
3757.085658
3757.086658
3757.08766
3757.088659
3757.089659
3757.090659
3757.091659
3757.092659
3757.093658
3757.094658
3757.095658
3757.09666
3757.097659
3757.098659
3757.099659
3757.100659
3757.101659
3757.102658
3757.103658
3757.104658
3757.105659
3757.106659
3757.107659
3757.108659
3757.109659
3757.110659
3757.111658
3757.112658
3757.113658
3757.114659
3757.115659
3757.116659
3757.117659
3757.118659
3757.119658
3757.120658
3757.121658
3757.122658
3757.123659
3757.124659
3757.125659
3757.126659
3757.127659
3757.128658
3757.129658
3757.130658
3757.131658
3757.132659
3757.133659
3757.134659
3757.135659
3757.161659
3757.162659
3757.163659
3757.164658
3757.167659
3757.168659
3757.169659
3757.170659
3757.171659
3757.172659
3757.173658
3757.174658
3757.175658
3757.176659
3757.177659
3757.178659
3757.179659
3757.180659
3757.181658
3757.182658
3757.183658
3757.184658
3757.185659
3757.186659
3757.187659
3757.188659
3757.189659
3757.190658
3757.191658
3757.192658
3757.193658
3757.194659
3757.195659
3757.196659
3757.197659
3757.198659
3757.199658
3757.200658
3757.201658
3757.20266
3757.203659
3757.204659
3757.205659
3757.206659
3757.207659
3757.208658
3757.209658
3757.210658
3757.21166
3757.212659
3757.213659
3757.214659
3757.215659
3757.216659
3757.217658
3757.218658
3757.219658
3757.22066
3757.221659
3757.222659
3757.223659
3757.224659
3757.225659
3757.226658
3757.227658
3757.228658
3757.229659
3757.230659
3757.231659
3757.232659
3757.233659
3757.234659
3757.235658
3757.236658
3757.237658
3757.238659
3757.239659
3757.255658
3757.256659
3757.257659
3757.258659
3757.259659
3757.260659
3757.261658
3757.262658
3757.263658
3757.26466
3757.267659
3757.268659
3757.269659
3757.276659
3757.277659
3757.278659
3757.279658
3757.280658
3757.281658
3757.28266
3757.283659
3757.284659
3757.285659
3757.298658
3757.301659
3757.302659
3757.303659
3757.304659
3757.305658
3757.306658
3757.307658
3757.308658
3757.309659
3757.310659
3757.325658
3757.328659
3757.329659
3757.330659
3757.331659
3757.332658
3757.333658
3757.334658
3757.33566
3757.336659
3757.337659
3757.338659
3757.339659
3757.340659
3757.341658
3757.342658
3757.343658
3757.34466
3757.345659
3757.346659
3757.347659
3757.348659
3757.349659
3757.350658
3757.351658
3757.352658
3757.353659
3757.354659
3757.355659
3757.356659
3757.357659
3757.358659
3757.359658
3757.360658
3757.361658
3757.362659
3757.363659
3757.364659
3757.365659
3757.366659
3757.367658
3757.368658
3757.369658
3757.370658
3757.371659
3757.372659
3757.373659
3757.374659
3757.375659
3757.376658
3757.377658
3757.378658
3757.379658
3757.380659
3757.381659
3757.382659
3757.383659
3757.384659
3757.385658
3757.386658
3757.387658
3757.38866
3757.389659
3757.390659
3757.391659
3757.392659
3757.393659
3757.394658
3757.395658
3757.396658
3757.39766
3757.398659
3757.399659
3757.400659
3757.401659
3757.402659
3757.403658
3757.404658
3757.405658
3757.40666
3757.407659
3757.408659
3757.409659
3757.410659
3757.419659
3757.420659
3757.421658
3757.422658
3757.424659
3757.425659
3757.426659
3757.427659
3757.428659
3757.429658
3757.430658
3757.431658
3757.432658
3757.433659
3757.434659
3757.444659
3757.446659
3757.447658
3757.448658
3757.449658
3757.452659
3757.453659
3757.454659
3757.455659
3757.45966
3757.460659
3757.461659
3757.462659
3757.463659
3757.464659
3757.465658
3757.466658
3757.467658
3757.46866
3757.469659
3757.470659
3757.472659
3757.473659
3757.474658
3757.475658
3757.476658
3757.477659
3757.479659
3757.481659
3757.482659
3757.483658
3757.485658
3757.486659
3757.487659
3757.488659
3757.489659
3757.490659
3757.491658
3757.492658
3757.493658
3757.494658
3757.495659
3757.496659
3757.498659
3757.500658
3757.501658
3757.502658
3757.504659
3757.506659
3757.507659
3757.508659
3757.509658
3757.510658
3757.511658
3757.51266
3757.513659
3757.514659
3757.515659
3757.516659
3757.517659
3757.518658
3757.519658
3757.520658
3757.52166
3757.522659
3757.523659
3757.524659
3757.525659
3757.526659
3757.527658
3757.528658
3757.529658
3757.53066
3757.531659
3757.532659
3757.533659
3757.534659
3757.535659
3757.536658
3757.537658
3757.538658
3757.539659
3757.540659
3757.541659
3757.542659
3757.543659
3757.544659
3757.545658
3757.546658
3757.547658
3757.548659
3757.549659
3757.550659
3757.552659
3757.553658
3757.559659
3757.560659
3757.562658
3757.563658
3757.564658
3757.565658
3757.566659
3757.567659
3757.568659
3757.569659
3757.570659
3757.571658
3757.572658
3757.573658
3757.57466
3757.575659
3757.576659
3757.577659
3757.578659
3757.579659
3757.580658
3757.581658
3757.582658
3757.58366
3757.584659
3757.585659
3757.586659
3757.587659
3757.588659
3757.605659
3757.606659
3757.628659
3757.629659
3757.630659
3757.631659
3757.632659
3757.633658
3757.634658
3757.635658
3757.63666
3757.637659
3757.638659
3757.639659
3757.640659
3757.641659
3757.642658
3757.643658
3757.644658
3757.64566
3757.646659
3757.661658
3757.662658
3757.663659
3757.664659
3757.665659
3757.666659
3757.667659
3757.668659
3757.669658
3757.670658
3757.671658
3757.672659
3757.674659
3757.675659
3757.676659
3757.677658
3757.678658
3757.679658
3757.680658
3757.681659
3757.682659
3757.683659
3757.684659
3757.685659
3757.686658
3757.687658
3757.688658
3757.693659
3757.694659
3757.695658
3757.696658
3757.69866
3757.699659
3757.700659
3757.701659
3757.706658
3757.70766
3757.708659
3757.709659
3757.710659
3757.711659
3757.712659
3757.713658
3757.714658
3757.715658
3757.71666
3757.717659
3757.718659
3757.719659
3757.725659
3757.726659
3757.727659
3757.728659
3757.729659
3757.730659
3757.731658
3757.732658
3757.733658
3757.734659
3757.735659
3757.736659
3757.737659
3757.738659
3757.739658
3757.740658
3757.741658
3757.742658
3757.743659
3757.744659
3757.745659
3757.746659
3757.747659
3757.748658
3757.749658
3757.750658
3757.751658
3757.752659
3757.753659
3757.754659
3757.755659
3757.756659
3757.757658
3757.758658
3757.759658
3757.76066
3757.761659
3757.762659
3757.763659
3757.764659
3757.765659
3757.766658
3757.767658
3757.768658
3757.76966
3757.770659
3757.771659
3757.772659
3757.773659
3757.783659
3757.784658
3757.785658
3757.786658
3757.787659
3757.788659
3757.789659
3757.790659
3757.791659
3757.792659
3757.793658
3757.794658
3757.795658
3757.796659
3757.797659
3757.798659
3757.799659
3757.800659
3757.801658
3757.802658
3757.803658
3757.804658
3757.805659
3757.806659
3757.807659
3757.808659
3757.809659
3757.810658
3757.811658
3757.812658
3757.813658
3757.814659
3757.815659
3757.816659
3757.817659
3757.818659
3757.819658
3757.820658
3757.821658
3757.82266
3757.823659
3757.824659
3757.825659
3757.826659
3757.827659
3757.828658
3757.829658
3757.830658
3757.83166
3757.832659
3757.833659
3757.834659
3757.835659
3757.836659
3757.837658
3757.838658
3757.839658
3757.84066
3757.841659
3757.842659
3757.843659
3757.844659
3757.845659
3757.846658
3757.847658
3757.848658
3757.849659
3757.850659
3757.851659
3757.852659
3757.853659
3757.854659
3757.855658
3757.856658
3757.857658
3757.858659
3757.859659
3757.860659
3757.861659
3757.862659
3757.863658
3757.864658
3757.865658
3757.866658
3757.867659
3757.868659
3757.869659
3757.870659
3757.871659
3757.872658
3757.873658
3757.874658
3757.875658
3757.876659
3757.877659
3757.878659
3757.879659
3757.880659
3757.881658
3757.882658
3757.883658
3757.88466
3757.885659
3757.886659
3757.887659
3757.888659
3757.889659
3757.890658
3757.891658
3757.892658
3757.89366
3757.894659
3757.895659
3757.896659
3757.897659
3757.898659
3757.899658
3757.900658
3757.901658
3757.90266
3757.903659
3757.904659
3757.905659
3757.906659
3757.907659
3757.908658
3757.909658
3757.910658
3757.911659
3757.912659
3757.913659
3757.914659
3757.915659
3757.916659
3757.917658
3757.918658
3757.919658
3757.920659
3757.921659
3757.922659
3757.923659
3757.924659
3757.925658
3757.926658
3757.927658
3757.928658
3757.929659
3757.930659
3757.931659
3757.932659
3757.933659
3757.934658
3757.935658
3757.936658
3757.937658
3757.938659
3757.939659
3757.940659
3757.941659
3757.942659
3757.943658
3757.944658
3757.945658
3757.94666
3757.947659
3757.948659
3757.949659
3757.950659
3757.951659
3757.952658
3757.953658
3757.954658
3757.95566
3757.956659
3757.957659
3757.958659
3757.959659
3757.960659
3757.961658
3757.962658
3757.963658
3757.96466
3757.965659
3757.966659
3757.967659
3757.968659
3757.969659
3757.970658
3757.971658
3757.972658
3757.973659
3757.974659
3757.975659
3757.976659
3757.977659
3757.978659
3757.979658
3757.980658
3757.981658
3757.982659
3757.983659
3757.984659
3757.985659
3757.986659
3757.987658
3757.988658
3757.989658
3757.990658
3757.991659
3757.992659
3757.993659
3757.994659
3757.995659
3757.996658
3757.997658
3757.998658
3757.999658
3758.000659
3758.001659
3758.002659
3758.003659
3758.004659
3758.005658
3758.006658
3758.007658
3758.00866
3758.009659
3758.010659
3758.011659
3758.012659
3758.013659
3758.014658
3758.015658
3758.016658
3758.01766
3758.018659
3758.019659
3758.020659
3758.021659
3758.022659
3758.023658
3758.024658
3758.025658
3758.02666
3758.027659
3758.028659
3758.029659
3758.030659
3758.031659
3758.032658
3758.033658
3758.034658
3758.035659
3758.036659
3758.037659
3758.038659
3758.039659
3758.040659
3758.041658
3758.042658
3758.043658
3758.044659
3758.045659
3758.046659
3758.047659
3758.048659
3758.049658
3758.050658
3758.051658
3758.052658
3758.053659
3758.054659
3758.055659
3758.056659
3758.057659
3758.058658
3758.059658
3758.060658
3758.061658
3758.062659
3758.063659
3758.064659
3758.065659
3758.066659
3758.067658
3758.068658
3758.069658
3758.07066
3758.071659
3758.072659
3758.073659
3758.074659
3758.075659
3758.076658
3758.077658
3758.078658
3758.07966
3758.080659
3758.081659
3758.082659
3758.083659
3758.084659
3758.085658
3758.086658
3758.087658
3758.08866
3758.089659
3758.090659
3758.091659
3758.092659
3758.093659
3758.094658
3758.095658
3758.096658
3758.097659
3758.098659
3758.099659
3758.100659
3758.101659
3758.102659
3758.103658
3758.104658
3758.105658
3758.106659
3758.107659
3758.112658
3758.115659
3758.116659
3758.117659
3758.126659
3758.127659
3758.128659
3758.130658
3758.131658
3758.13266
3758.133659
3758.136659
3758.137659
3758.139658
3758.215659
3758.217659
3758.218658
3758.219658
3758.220658
3758.221659
3758.222659
3758.223659
3758.224659
3758.225659
3758.226659
3758.227658
3758.228658
3758.229658
3758.230659
3758.231659
3758.232659
3758.233659
3758.236658
3758.238658
3758.239659
3758.240659
3758.241659
3758.242659
3758.243659
3758.244658
3758.245658
3758.246658
3758.247658
3758.248659
3758.249659
3758.250659
3758.251659
3758.252659
3758.253658
3758.254658
3758.255658
3758.25666
3758.257659
3758.258659
3758.259659
3758.260659
3758.261659
3758.262658
3758.268659
3758.269659
3758.270659
3758.271658
3758.272658
3758.273658
3758.27466
3758.275659
3758.276659
3758.277659
3758.278659
3758.286659
3758.287659
3758.288659
3758.290658
3758.291658
3758.292659
3758.293659
3758.294659
3758.295659
3758.296659
3758.297658
3758.298658
3758.299658
3758.300658
3758.301659
3758.302659
3758.303659
3758.304659
3758.305659
3758.306658
3758.307658
3758.308658
3758.309658
3758.310659
3758.311659
3758.312659
3758.313659
3758.314659
3758.315658
3758.316658
3758.317658
3758.31866
3758.319659
3758.320659
3758.321659
3758.322659
3758.323659
3758.324658
3758.325658
3758.326658
3758.32766
3758.328659
3758.329659
3758.330659
3758.331659
3758.332659
3758.333658
3758.334658
3758.335658
3758.33666
3758.337659
3758.338659
3758.339659
3758.340659
3758.341659
3758.342658
3758.343658
3758.344658
3758.345659
3758.346659
3758.347659
3758.348659
3758.349659
3758.350659
3758.351658
3758.352658
3758.353658
3758.354659
3758.355659
3758.356659
3758.357659
3758.358659
3758.359658
3758.360658
3758.361658
3758.362658
3758.363659
3758.364659
3758.365659
3758.371658
3758.372659
3758.373659
3758.374659
3758.375659
3758.376659
3758.378658
3758.379658
3758.38066
3758.383659
3758.384659
3758.385659
3758.386658
3758.388658
3758.38966
3758.390659
3758.391659
3758.392659
3758.393659
3758.394659
3758.395658
3758.396658
3758.400659
3758.401659
3758.402659
3758.405658
3758.411659
3758.412659
3758.413658
3758.414658
3758.415658
3758.416659
3758.426659
3758.435659
3758.445659
3758.452659
3758.453659
3758.454659
3758.455659
3758.456659
3758.457658
3758.458658
3758.459658
3758.46066
3758.461659
3758.462659
3758.463659
3758.464659
3758.465659
3758.466658
3758.467658
3758.468658
3758.469659
3758.470659
3758.471659
3758.472659
3758.473659
3758.474659
3758.475658
3758.476658
3758.477658
3758.478659
3758.479659
3758.480659
3758.481659
3758.482659
3758.483658
3758.484658
3758.485658
3758.486658
3758.487659
3758.488659
3758.489659
3758.490659
3758.491659
3758.492658
3758.493658
3758.494658
3758.495658
3758.496659
3758.497659
3758.498659
3758.499659
3758.500659
3758.501658
3758.502658
3758.503658
3758.50466
3758.505659
3758.506659
3758.507659
3758.508659
3758.509659
3758.510658
3758.511658
3758.512658
3758.51366
3758.514659
3758.515659
3758.516659
3758.517659
3758.518659
3758.519658
3758.520658
3758.521658
3758.52266
3758.523659
3758.524659
3758.525659
3758.526659
3758.527659
3758.528658
3758.529658
3758.530658
3758.531659
3758.532659
3758.533659
3758.534659
3758.535659
3758.536659
3758.537658
3758.538658
3758.539658
3758.540659
3758.541659
3758.542659
3758.543659
3758.544659
3758.545658
3758.546658
3758.547658
3758.548658
3758.549659
3758.550659
3758.551659
3758.552659
3758.553659
3758.554658
3758.555658
3758.556658
3758.557658
3758.558659
3758.559659
3758.560659
3758.561659
3758.562659
3758.563658
3758.564658
3758.565658
3758.56666
3758.567659
3758.568659
3758.569659
3758.570659
3758.571659
3758.572658
3758.573658
3758.574658
3758.57566
3758.576659
3758.577659
3758.578659
3758.579659
3758.580659
3758.581658
3758.582658
3758.583658
3758.58466
3758.585659
3758.586659
3758.587659
3758.588659
3758.589659
3758.590658
3758.591658
3758.592658
3758.593659
3758.594659
3758.595659
3758.596659
3758.597659
3758.598659
3758.599658
3758.600658
3758.601658
3758.602659
3758.603659
3758.604659
3758.605659
3758.606659
3758.607658
3758.608658
3758.609658
3758.610658
3758.611659
3758.612659
3758.613659
3758.614659
3758.615659
3758.655659
3758.656659
3758.657659
3758.658659
3758.659659
3758.660659
3758.661658
3758.662658
3758.663658
3758.664659
3758.665659
3758.666659
3758.667659
3758.668659
3758.669658
3758.670658
3758.671658
3758.672658
3758.673659
3758.674659
3758.675659
3758.676659
3758.677659
3758.678658
3758.679658
3758.680658
3758.681658
3758.682659
3758.683659
3758.684659
3758.685659
3758.686659
3758.687658
3758.688658
3758.689658
3758.69066
3758.691659
3758.692659
3758.693659
3758.694659
3758.695659
3758.696658
3758.697658
3758.698658
3758.69966
3758.700659
3758.701659
3758.702659
3758.703659
3758.704659
3758.705658
3758.706658
3758.707658
3758.70866
3758.709659
3758.726659
3758.727659
3758.728659
3758.729659
3758.730659
3758.731658
3758.732658
3758.733658
3758.734658
3758.735659
3758.736659
3758.737659
3758.738659
3758.739659
3758.740658
3758.741658
3758.742658
3758.743658
3758.744659
3758.745659
3758.746659
3758.747659
3758.748659
3758.749658
3758.750658
3758.751658
3758.75266
3758.753659
3758.754659
3758.755659
3758.756659
3758.757659
3758.758658
3758.759658
3758.760658
3758.76166
3758.762659
3758.763659
3758.764659
3758.765659
3758.766659
3758.767658
3758.768658
3758.769658
3758.77066
3758.776658
3758.777658
3758.778658
3758.779659
3758.780659
3758.781659
3758.782659
3758.783659
3758.784659
3758.786658
3758.830658
3758.831658
3758.837659
3758.838658
3758.839658
3758.840658
3758.841659
3758.842659
3758.843659
3758.844659
3758.845659
3758.846659
3758.847658
3758.848658
3758.849658
3758.850659
3758.851659
3758.852659
3758.853659
3758.854659
3758.855658
3758.856658
3758.857658
3758.858658
3758.859659
3758.860659
3758.861659
3758.862659
3758.863659
3758.864658
3758.865658
3758.866658
3758.867658
3758.868659
3758.869659
3758.870659
3758.871659
3758.872659
3758.873658
3758.874658
3758.875658
3758.87666
3758.877659
3758.878659
3758.879659
3758.880659
3758.881659
3758.882658
3758.883658
3758.884658
3758.88566
3758.886659
3758.887659
3758.890659
3758.891658
3758.892658
3758.893658
3758.89466
3758.895659
3758.896659
3758.897659
3758.898659
3758.899659
3758.900658
3758.901658
3758.902658
3758.903659
3758.904659
3758.905659
3758.906659
3758.907659
3758.908659
3758.909658
3758.910658
3758.911658
3758.912659
3758.913659
3758.914659
3758.915659
3758.916659
3758.917658
3758.918658
3758.919658
3758.920658
3758.921659
3758.922659
3758.923659
3758.924659
3758.925659
3758.926658
3758.927658
3758.928658
3758.929658
3758.930659
3758.931659
3758.932659
3758.933659
3758.934659
3758.935658
3758.936658
3758.937658
3758.93866
3758.939659
3758.940659
3758.941659
3758.942659
3758.943659
3758.944658
3758.945658
3758.946658
3758.953658
3758.954658
3758.95666
3758.957659
3758.958659
3758.959659
3758.960659
3758.961659
3758.962658
3758.963658
3758.964658
3758.965659
3758.966659
3758.967659
3758.970659
3758.971658
3758.972658
3758.973658
3758.974659
3758.975659
3758.976659
3758.977659
3758.978659
3758.979658
3758.980658
3758.981658
3758.982658
3758.983659
3758.984659
3758.985659
3758.986659
3758.987659
3758.988658
3758.989658
3758.990658
3758.991658
3758.992659
3758.993659
3758.994659
3758.995659
3758.996659
3758.997658
3758.998658
3758.999658
3759.00066
3759.001659
3759.002659
3759.003659
3759.015658
3759.016658
3759.017658
3759.01866
3759.019659
3759.020659
3759.021659
3759.022659
3759.023659
3759.028659
3759.029659
3759.030659
3759.031659
3759.032659
3759.033658
3759.035658
3759.036659
3759.038659
3759.039659
3759.040659
3759.043658
3759.044658
3759.045659
3759.046659
3759.047659
3759.048659
3759.049659
3759.050658
3759.051658
3759.052658
3759.059658
3759.060658
3759.061658
3759.06266
3759.063659
3759.064659
3759.065659
3759.066659
3759.067659
3759.068658
3759.069658
3759.070658
3759.07166
3759.072659
3759.077658
3759.078658
3759.083659
3759.084659
3759.085659
3759.086658
3759.087658
3759.088658
3759.089659
3759.090659
3759.091659
