3976.262181
3976.263183
3976.264182
3976.265182
3976.266182
3976.267182
3976.268182
3976.269181
3976.270181
3976.271181
3976.272183
3976.273182
3976.274182
3976.275182
3976.276182
3976.277182
3976.278181
3976.279181
3976.280181
3976.281183
3976.282182
3976.283182
3976.284182
3976.285182
3976.286182
3976.287181
3976.288181
3976.289181
3976.290182
3976.291182
3976.292182
3976.293182
3976.294182
3976.295182
3976.296181
3976.297181
3976.298181
3976.299182
3976.300182
3976.301182
3976.302182
3976.303182
3976.304181
3976.305181
3976.306181
3976.307183
3976.308182
3976.309182
3976.310182
3976.311182
3976.312182
3976.313181
3976.314181
3976.315181
3976.316183
3976.317182
3976.318182
3976.319182
3976.320182
3976.321182
3976.322181
3976.323181
3976.324181
3976.325183
3976.326182
3976.327182
3976.328182
3976.329182
3976.330182
3976.331181
3976.332181
3976.333181
3976.334183
3976.335182
3976.336182
3976.337182
3976.338182
3976.339182
3976.340181
3976.341181
3976.342181
3976.343183
3976.344182
3976.345182
3976.346182
3976.347182
3976.348182
3976.349181
3976.350181
3976.351181
3976.352182
3976.353182
3976.354182
3976.355182
3976.356182
3976.357182
3976.358181
3976.359181
3976.360181
3976.361182
3976.362182
3976.363182
3976.364182
3976.365182
3976.366181
3976.367181
3976.368181
3976.369183
3976.370182
3976.371182
3976.372182
3976.373182
3976.374182
3976.375181
3976.376181
3976.377181
3976.378183
3976.379182
3976.380182
3976.381182
3976.382182
3976.383182
3976.384181
3976.385181
3976.386181
3976.387183
3976.388182
3976.389182
3976.390182
3976.391182
3976.392182
3976.393181
3976.394181
3976.395181
3976.396183
3976.397182
3976.398182
3976.399182
3976.400182
3976.401182
3976.402181
3976.403181
3976.404181
3976.405183
3976.406182
3976.407182
3976.408182
3976.409182
3976.410182
3976.411181
3976.412181
3976.413181
3976.414182
3976.415182
3976.416182
3976.417182
3976.418182
3976.419182
3976.420181
3976.421181
3976.422181
3976.423182
3976.424182
3976.425182
3976.426182
3976.427182
3976.428181
3976.429181
3976.430181
3976.431183
3976.432182
3976.433182
3976.434182
3976.435182
3976.436182
3976.437181
3976.438181
3976.439181
3976.440183
3976.441182
3976.442182
3976.443182
3976.444182
3976.445182
3976.446181
3976.447181
3976.448181
3976.449183
3976.450182
3976.451182
3976.452182
3976.453182
3976.454182
3976.455181
3976.456181
3976.457181
3976.458183
3976.459182
3976.460182
3976.461182
3976.462182
3976.463182
3976.464181
3976.465181
3976.466181
3976.467183
3976.468182
3976.469182
3976.470182
3976.471182
3976.472182
3976.473181
3976.474181
3976.475181
3976.476182
3976.477182
3976.478182
3976.479182
3976.480182
3976.481182
3976.482181
3976.483181
3976.484181
3976.485182
3976.486182
3976.487182
3976.488182
3976.489182
3976.490181
3976.491181
3976.492181
3976.493183
3976.494182
3976.495182
3976.496182
3976.497182
3976.498182
3976.499181
3976.500181
3976.501181
3976.502183
3976.503182
3976.504182
3976.505182
3976.506182
3976.507182
3976.508181
3976.509181
3976.510181
3976.511183
3976.512182
3976.513182
3976.514182
3976.515182
3976.516182
3976.517181
3976.518181
3976.519181
3976.520183
3976.521182
3976.522182
3976.523182
3976.524182
3976.525182
3976.526181
3976.527181
3976.528181
3976.529183
3976.530182
3976.531182
3976.532182
3976.533182
3976.534182
3976.535181
3976.536181
3976.537181
3976.538182
3976.539182
3976.540182
3976.541182
3976.542182
3976.543182
3976.544181
3976.545181
3976.546181
3976.547182
3976.548182
3976.549182
3976.550182
3976.551182
3976.552181
3976.553181
3976.554181
3976.555183
3976.556182
3976.557182
3976.558182
3976.559182
3976.560182
3976.561181
3976.562181
3976.563181
3976.564183
3976.565182
3976.566182
3976.567182
3976.568182
3976.569182
3976.570181
3976.571181
3976.572181
3976.573183
3976.574182
3976.575182
3976.576182
3976.577182
3976.578182
3976.579181
3976.580181
3976.581181
3976.582183
3976.583182
3976.584182
3976.585182
3976.586182
3976.587182
3976.588181
3976.589181
3976.590181
3976.591183
3976.592182
3976.593182
3976.594182
3976.595182
3976.596182
3976.597181
3976.598181
3976.599181
3976.600182
3976.601182
3976.602182
3976.603182
3976.604182
3976.605182
3976.606181
3976.607181
3976.608181
3976.609182
3976.610182
3976.611182
3976.612182
3976.613182
3976.614181
3976.615181
3976.616181
3976.617183
3976.618182
3976.619182
3976.620182
3976.621182
3976.622182
3976.623181
3976.624181
3976.625181
3976.626183
3976.627182
3976.628182
3976.629182
3976.630182
3976.631182
3976.632181
3976.633181
3976.634181
3976.635183
3976.636182
3976.637182
3976.638182
3976.639182
3976.640182
3976.641181
3976.642181
3976.643181
3976.644183
3976.645182
3976.646182
3976.647182
3976.648182
3976.649182
3976.650181
3976.651181
3976.652181
3976.653183
3976.654182
3976.655182
3976.656182
3976.657182
3976.658182
3976.659181
3976.660181
3976.661181
3976.662182
3976.663182
3976.664182
3976.665182
3976.666182
3976.667182
3976.668181
3976.669181
3976.670181
3976.671182
3976.672182
3976.673182
3976.674182
3976.675182
3976.676181
3976.677181
3976.678181
3976.679183
3976.680182
3976.681182
3976.682182
3976.683182
3976.684182
3976.685181
3976.686181
3976.687181
3976.688183
3976.689182
3976.690182
3976.691182
3976.692182
3976.693182
3976.694181
3976.695181
3976.696181
3976.697183
3976.698182
3976.699182
3976.700182
3976.701182
3976.702182
3976.703181
3976.704181
3976.705181
3976.706183
3976.707182
3976.708182
3976.709182
3976.710182
3976.711182
3976.712181
3976.713181
3976.714181
3976.715183
3976.716182
3976.717182
3976.718182
3976.719182
3976.720182
3976.721181
3976.722181
3976.723181
3976.724182
3976.725182
3976.726182
3976.727182
3976.728182
3976.729182
3976.730181
3976.731181
3976.732181
3976.733182
3976.734182
3976.735182
3976.736182
3976.737182
3976.738181
3976.739181
3976.740181
3976.741183
3976.742182
3976.743182
3976.744182
3976.745182
3976.746182
3976.747181
3976.748181
3976.749181
3976.750183
3976.751182
3976.752182
3976.753182
3976.754182
3976.755182
3976.756181
3976.757181
3976.758181
3976.759183
3976.760182
3976.761182
3976.762182
3976.763182
3976.764182
3976.765181
3976.766181
3976.767181
3976.768183
3976.769182
3976.770182
3976.771182
3976.772182
3976.773182
3976.774181
3976.775181
3976.776181
3976.777183
3976.778182
3976.779182
3976.780182
3976.781182
3976.782182
3976.783181
3976.784181
3976.785181
3976.786182
3976.787182
3976.788182
3976.789182
3976.790182
3976.791182
3976.792181
3976.793181
3976.794181
3976.795182
3976.796182
3976.797182
3976.798182
3976.799182
3976.800181
3976.801181
3976.802181
3976.803183
3976.804182
3976.805182
3976.806182
3976.807182
3976.808182
3976.809181
3976.810181
3976.811181
3976.812183
3976.813182
3976.814182
3976.815182
3976.816182
3976.817182
3976.818181
3976.819181
3976.820181
3976.821183
3976.822182
3976.823182
3976.824182
3976.825182
3976.826182
3976.827181
3976.828181
3976.829181
3976.830183
3976.831182
3976.832182
3976.833182
3976.834182
3976.835182
3976.836181
3976.837181
3976.838181
3976.839183
3976.840182
3976.841182
3976.842182
3976.843182
3976.844182
3976.845181
3976.846181
3976.847181
3976.848182
3976.849182
3976.850182
3976.851182
3976.852182
3976.853182
3976.854181
3976.855181
3976.856181
3976.857182
3976.858182
3976.859182
3976.860182
3976.861182
3976.862181
3976.863181
3976.864181
3976.865183
3976.866182
3976.867182
3976.868182
3976.869182
3976.870182
3976.871181
3976.872181
3976.873181
3976.874183
3976.875182
3976.876182
3976.877182
3976.878182
3976.879182
3976.880181
3976.881181
3976.882181
3976.883183
3976.884182
3976.885182
3976.886182
3976.887182
3976.888182
3976.889181
3976.890181
3976.891181
3976.892183
3976.893182
3976.894182
3976.895182
3976.896182
3976.897182
3976.898181
3976.899181
3976.900181
3976.901183
3976.902182
3976.903182
3976.904182
3976.905182
3976.906182
3976.907181
3976.908181
3976.909181
3976.910182
3976.911182
3976.912182
3976.913182
3976.914182
3976.915182
3976.916181
3976.917181
3976.918181
3976.919182
3976.920182
3976.921182
3976.922182
3976.923182
3976.924181
3976.925181
3976.926181
3976.927183
3976.928182
3976.929182
3976.930182
3976.931182
3976.932182
3976.933181
3976.934181
3976.935181
3976.936183
3976.937182
3976.938182
3976.939182
3976.940182
3976.941182
3976.942181
3976.943181
3976.944181
3976.945183
3976.946182
3976.947182
3976.948182
3976.949182
3976.950182
3976.951181
3976.952181
3976.953181
3976.954183
3976.955182
3976.956182
3976.957182
3976.958182
3976.959182
3976.960181
3976.961181
3976.962181
3976.963183
3976.964182
3976.965182
3976.966182
3976.967182
3976.968182
3976.969181
3976.970181
3976.971181
3976.972182
3976.973182
3976.974182
3976.975182
3976.976182
3976.977182
3976.978181
3976.979181
3976.980181
3976.981182
3976.982182
3976.983182
3976.984182
3976.985182
3976.986181
3976.987181
3976.988181
3976.989183
3976.990182
3976.991182
3976.992182
3976.993182
3976.994182
3976.995181
3976.996181
3976.997181
3976.998183
3976.999182
3977.000182
3977.001182
3977.002182
3977.003182
3977.004181
3977.005181
3977.006181
3977.007183
3977.008182
3977.009182
3977.010182
3977.011182
3977.012182
3977.013181
3977.014181
3977.015181
3977.016183
3977.017182
3977.018182
3977.019182
3977.020182
3977.021182
3977.022181
3977.023181
3977.024181
3977.025183
3977.026182
3977.027182
3977.028182
3977.029182
3977.030182
3977.031181
3977.032181
3977.033181
3977.034182
3977.035182
3977.036182
3977.037182
3977.038182
3977.039182
3977.040181
3977.041181
3977.042181
3977.043182
3977.044182
3977.045182
3977.046182
3977.047182
3977.048181
3977.049181
3977.050181
3977.051183
3977.052182
3977.053182
3977.054182
3977.055182
3977.056182
3977.057181
3977.058181
3977.059181
3977.060183
3977.061182
3977.062182
3977.063182
3977.064182
3977.065182
3977.066181
3977.067181
3977.068181
3977.069183
3977.070182
3977.071182
3977.072182
3977.073182
3977.074182
3977.075181
3977.076181
3977.077181
3977.078183
3977.079182
3977.080182
3977.081182
3977.082182
3977.083182
3977.084181
3977.085181
3977.086181
3977.087183
3977.088182
3977.089182
3977.090182
3977.091182
3977.092182
3977.093181
3977.094181
3977.095181
3977.096182
3977.097182
3977.098182
3977.099182
3977.100182
3977.101182
3977.102181
3977.103181
3977.104181
3977.105182
3977.106182
3977.107182
3977.108182
3977.109182
3977.110181
3977.111181
3977.112181
3977.113183
3977.114182
3977.115182
3977.116182
3977.117182
3977.118182
3977.119181
3977.120181
3977.121181
3977.122183
3977.123182
3977.124182
3977.125182
3977.126182
3977.127182
3977.128181
3977.129181
3977.130181
3977.131183
3977.132182
3977.133182
3977.134182
3977.135182
3977.136182
3977.137181
3977.138181
3977.139181
3977.140183
3977.141182
3977.142182
3977.143182
3977.144182
3977.145182
3977.146181
3977.147181
3977.148181
3977.149183
3977.150182
3977.151182
3977.152182
3977.153182
3977.154182
3977.155181
3977.156181
3977.157181
3977.158182
3977.159182
3977.160182
3977.161182
3977.162182
3977.163182
3977.164181
3977.165181
3977.166181
3977.167182
3977.168182
3977.169182
3977.170182
3977.171182
3977.172181
3977.173181
3977.174181
3977.175183
3977.176182
3977.177182
3977.178182
3977.179182
3977.180182
3977.181181
3977.182181
3977.183181
3977.184183
3977.185182
3977.186182
3977.187182
3977.188182
3977.189182
3977.190181
3977.191181
3977.192181
3977.193183
3977.194182
3977.195182
3977.196182
3977.197182
3977.198182
3977.199181
3977.200181
3977.201181
3977.202183
3977.203182
3977.204182
3977.205182
3977.206182
3977.207182
3977.208181
3977.209181
3977.210181
3977.211183
3977.212182
3977.213182
3977.214182
3977.215182
3977.216182
3977.217181
3977.218181
3977.219181
3977.220182
3977.221182
3977.222182
3977.223182
3977.224182
3977.225182
3977.226181
3977.227181
3977.228181
3977.229182
3977.230182
3977.231182
3977.232182
3977.233182
3977.234181
3977.235181
3977.236181
3977.237183
3977.238182
3977.239182
3977.240182
3977.241182
3977.242182
3977.243181
3977.244181
3977.245181
3977.246183
3977.247182
3977.248182
3977.249182
3977.250182
3977.251182
3977.252181
3977.253181
3977.254181
3977.255183
3977.256182
3977.257182
3977.258182
3977.259182
3977.260182
3977.261181
3977.262181
3977.263181
3977.264183
3977.265182
3977.266182
3977.267182
3977.268182
3977.269182
3977.270181
3977.271181
3977.272181
3977.273183
3977.274182
3977.275182
3977.276182
3977.297181
3977.298181
3977.299183
3977.300182
3977.301182
3977.303182
3977.304182
3977.306181
3977.314181
3977.315181
3977.316181
3977.317183
3977.318182
3977.319182
3977.320182
3977.321182
3977.322182
3977.323181
3977.324181
3977.325181
3977.326183
3977.327182
3977.328182
3977.329182
3977.330182
3977.331182
3977.332181
3977.333181
3977.334181
3977.335183
3977.336182
3977.337182
3977.338182
3977.341181
3977.342181
3977.345182
3977.347182
3977.348182
3977.349182
3977.350181
3977.351181
3977.353182
3977.354182
3977.355182
3977.356182
3977.357182
3977.359181
3977.361183
3977.363182
3977.365182
3977.366182
3977.367181
3977.368181
3977.369181
3977.371182
3977.379183
3977.380182
3977.381182
3977.382182
3977.383182
3977.384182
3977.385181
3977.386181
3977.387181
3977.388183
3977.389182
3977.390182
3977.391182
3977.392182
3977.396181
3977.397183
3977.398182
3977.399182
3977.400182
3977.401182
3977.402182
3977.403181
3977.404181
3977.405181
3977.406182
3977.407182
3977.408182
3977.409182
3977.410182
3977.411182
3977.412181
3977.413181
3977.414181
3977.415182
3977.416182
3977.417182
3977.418182
3977.419182
3977.420181
3977.421181
3977.422181
3977.423183
3977.424182
3977.425182
3977.426182
3977.427182
3977.428182
3977.429181
3977.430181
3977.431181
3977.432183
3977.433182
3977.434182
3977.435182
3977.436182
3977.437182
3977.438181
3977.439181
3977.440181
3977.441183
3977.442182
3977.443182
3977.444182
3977.445182
3977.446182
3977.447181
3977.448181
3977.449181
3977.450183
3977.451182
3977.452182
3977.453182
3977.454182
3977.455182
3977.456181
3977.457181
3977.458181
3977.459183
3977.460182
3977.461182
3977.464182
3977.465181
3977.466181
3977.468182
3977.469182
3977.470182
3977.471182
3977.472182
3977.473182
3977.474181
3977.480182
3977.483181
3977.484181
3977.485183
3977.486182
3977.487182
3977.489182
3977.490182
3977.491181
3977.492181
3977.504182
3977.506182
3977.507182
3977.508182
3977.509181
3977.510181
3977.511181
3977.512183
3977.513182
3977.514182
3977.515182
3977.516182
3977.517182
3977.518181
3977.519181
3977.520181
3977.521183
3977.522182
3977.523182
3977.524182
3977.538181
3977.539182
3977.540182
3977.541182
3977.542182
3977.543182
3977.544181
3977.546181
3977.547183
3977.548182
3977.549182
3977.551182
3977.552182
3977.557182
3977.558182
3977.559182
3977.560182
3977.561182
3977.563181
3977.564181
3977.565183
3977.566182
3977.567182
3977.568182
3977.569182
3977.570182
3977.571181
3977.572181
3977.574183
3977.575182
3977.576182
3977.577182
3977.578182
3977.579182
3977.580181
3977.581181
3977.582181
3977.583183
3977.584182
3977.585182
3977.586182
3977.587182
3977.602182
3977.603182
3977.604182
3977.605182
3977.606181
3977.607181
3977.608181
3977.609183
3977.610182
3977.611182
3977.612182
3977.613182
3977.614182
3977.617181
3977.619182
3977.620182
3977.621182
3977.622182
3977.625181
3977.626181
3977.627183
3977.628182
3977.629182
3977.630182
3977.631182
3977.632182
3977.633181
3977.634181
3977.635181
3977.636183
3977.637182
3977.638182
3977.639182
3977.640182
3977.641182
3977.642181
3977.643181
3977.644181
3977.645183
3977.646182
3977.647182
3977.648182
3977.649182
3977.650182
3977.651181
3977.652181
3977.653181
3977.654182
3977.655182
3977.656182
3977.657182
3977.658182
3977.659182
3977.660181
3977.661181
3977.662181
3977.663182
3977.664182
3977.665182
3977.666182
3977.667182
3977.668181
3977.669181
3977.670181
3977.671183
3977.672182
3977.673182
3977.674182
3977.675182
3977.676182
3977.677181
3977.678181
3977.679181
3977.680183
3977.681182
3977.682182
3977.683182
3977.684182
3977.685182
3977.686181
3977.687181
3977.688181
3977.689183
3977.690182
3977.691182
3977.692182
3977.693182
3977.694182
3977.695181
3977.696181
3977.697181
3977.698183
3977.699182
3977.700182
3977.701182
3977.702182
3977.703182
3977.704181
3977.705181
3977.706181
3977.707183
3977.708182
3977.709182
3977.710182
3977.711182
3977.712182
3977.713181
3977.714181
3977.715181
3977.716182
3977.717182
3977.718182
3977.719182
3977.720182
3977.721182
3977.722181
3977.723181
3977.724181
3977.725182
3977.726182
3977.727182
3977.728182
3977.729182
3977.730181
3977.731181
3977.732181
3977.733183
3977.734182
3977.735182
3977.736182
3977.737182
3977.738182
3977.740181
3977.745182
3977.746182
3977.747182
3977.748181
3977.749181
3977.750181
3977.751183
3977.752182
3977.753182
3977.754182
3977.755182
3977.756182
3977.757181
3977.758181
3977.759181
3977.760183
3977.761182
3977.762182
3977.763182
3977.764182
3977.765182
3977.766181
3977.767181
3977.768181
3977.769183
3977.770182
3977.771182
3977.772182
3977.773182
3977.774182
3977.775181
3977.776181
3977.777181
3977.778182
