1909.490806
1909.491806
1909.492806
1909.493806
1909.494805
1909.495805
1909.496805
1909.497807
1909.498806
1909.499806
1909.500806
1909.501806
1909.502806
1909.503805
1909.504805
1909.505805
1909.506807
1909.507806
1909.508806
1909.509806
1909.510806
1909.511806
1909.512805
1909.513805
1909.514805
1909.515806
1909.516806
1909.517806
1909.518806
1909.519806
1909.520806
1909.521805
1909.522805
1909.523805
1909.524806
1909.525806
1909.526806
1909.527806
1909.528806
1909.529806
1909.530805
1909.531805
1909.532805
1909.533806
1909.534806
1909.535806
1909.536806
1909.537806
1909.538805
1909.539805
1909.540805
1909.541807
1909.542806
1909.543806
1909.544806
1909.545806
1909.546806
1909.547805
1909.548805
1909.549805
1909.550807
1909.551806
1909.552806
1909.553806
1909.554806
1909.555806
1909.556805
1909.557805
1909.558805
1909.559807
1909.560806
1909.561806
1909.562806
1909.563806
1909.564806
1909.565805
1909.566805
1909.567805
1909.568807
1909.569806
1909.570806
1909.571806
1909.572806
1909.573806
1909.574805
1909.575805
1909.576805
1909.577807
1909.578806
1909.579806
1909.580806
1909.581806
1909.582806
1909.583805
1909.584805
1909.585805
1909.586806
1909.587806
1909.588806
1909.589806
1909.590806
1909.591805
1909.592805
1909.593805
1909.594805
1909.595806
1909.596806
1909.597806
1909.598806
1909.599806
1909.600805
1909.601805
1909.602805
1909.603807
1909.604806
1909.605806
1909.606806
1909.607806
1909.608806
1909.609805
1909.610805
1909.611805
1909.612807
1909.613806
1909.614806
1909.615806
1909.616806
1909.617806
1909.618805
1909.619805
1909.620805
1909.621807
1909.622806
1909.623806
1909.624806
1909.625806
1909.626806
1909.627805
1909.628805
1909.629805
1909.630807
1909.631806
1909.632806
1909.633806
1909.634806
1909.635806
1909.636805
1909.637805
1909.638805
1909.639807
1909.640806
1909.641806
1909.642806
1909.643806
1909.644806
1909.645805
1909.646805
1909.647805
1909.648806
1909.649806
1909.650806
1909.651806
1909.652806
1909.653806
1909.654805
1909.655805
1909.656805
1909.657806
1909.658806
1909.659806
1909.660806
1909.661806
1909.662805
1909.663805
1909.664805
1909.665807
1909.666806
1909.667806
1909.668806
1909.669806
1909.670806
1909.671805
1909.672805
1909.673805
1909.674807
1909.675806
1909.676806
1909.677806
1909.678806
1909.679806
1909.680805
1909.681805
1909.682805
1909.683807
1909.684806
1909.685806
1909.686806
1909.687806
1909.688806
1909.689805
1909.690805
1909.691805
1909.692807
1909.693806
1909.694806
1909.695806
1909.696806
1909.697806
1909.698805
1909.699805
1909.700805
1909.701806
1909.702806
1909.703806
1909.704806
1909.705806
1909.706806
1909.707805
1909.708805
1909.709805
1909.710806
1909.711806
1909.712806
1909.713806
1909.714806
1909.715806
1909.716805
1909.717805
1909.718805
1909.719806
1909.720806
1909.721806
1909.722806
1909.723806
1909.724805
1909.725805
1909.726805
1909.727807
1909.728806
1909.729806
1909.730806
1909.731806
1909.732806
1909.733805
1909.734805
1909.735805
1909.736807
1909.737806
1909.738806
1909.739806
1909.740806
1909.741806
1909.742805
1909.743805
1909.744805
1909.745807
1909.746806
1909.747806
1909.748806
1909.749806
1909.750806
1909.751805
1909.752805
1909.753805
1909.754807
1909.755806
1909.756806
1909.757806
1909.758806
1909.759806
1909.760805
1909.761805
1909.762805
1909.763806
1909.764806
1909.765806
1909.766806
1909.767806
1909.768806
1909.769805
1909.770805
1909.771805
1909.772806
1909.773806
1909.774806
1909.775806
1909.776806
1909.777806
1909.778805
1909.779805
1909.780805
1909.781806
1909.782806
1909.783806
1909.784806
1909.785806
1909.786805
1909.787805
1909.788805
1909.789807
1909.790806
1909.791806
1909.792806
1909.793806
1909.794806
1909.795805
1909.796805
1909.797805
1909.798807
1909.799806
1909.800806
1909.801806
1909.802806
1909.803806
1909.804805
1909.805805
1909.806805
1909.807807
1909.808806
1909.809806
1909.810806
1909.811806
1909.812806
1909.813805
1909.814805
1909.815805
1909.816807
1909.817806
1909.818806
1909.819806
1909.820806
1909.821806
1909.822805
1909.823805
1909.824805
1909.825807
1909.826806
1909.827806
1909.828806
1909.829806
1909.830806
1909.831805
1909.832805
1909.833805
1909.834806
1909.835806
1909.836806
1909.837806
1909.838806
1909.839806
1909.840805
1909.841805
1909.842805
1909.843806
1909.844806
1909.845806
1909.846806
1909.847806
1909.848805
1909.849805
1909.850805
1909.851807
1909.852806
1909.853806
1909.854806
1909.855806
1909.856806
1909.857805
1909.858805
1909.859805
1909.860807
1909.861806
1909.862806
1909.863806
1909.864806
1909.865806
1909.866805
1909.867805
1909.868805
1909.869807
1909.870806
1909.871806
1909.872806
1909.873806
1909.874806
1909.875805
1909.876805
1909.877805
1909.878807
1909.879806
1909.880806
1909.881806
1909.882806
1909.883806
1909.884805
1909.885805
1909.886805
1909.887807
1909.888806
1909.889806
1909.890806
1909.891806
1909.892806
1909.893805
1909.894805
1909.895805
1909.896806
1909.897806
1909.898806
1909.899806
1909.900806
1909.901806
1909.902805
1909.903805
1909.904805
1909.905806
1909.906806
1909.907806
1909.908806
1909.909806
1909.910805
1909.911805
1909.912805
1909.913807
1909.914806
1909.915806
1909.916806
1909.917806
1909.918806
1909.919805
1909.920805
1909.921805
1909.922807
1909.923806
1909.924806
1909.925806
1909.926806
1909.927806
1909.928805
1909.929805
1909.930805
1909.931807
1909.932806
1909.933806
1909.934806
1909.935806
1909.936806
1909.937805
1909.938805
1909.939805
1909.940807
1909.941806
1909.942806
1909.943806
1909.944806
1909.945806
1909.946805
1909.947805
1909.948805
1909.949807
1909.950806
1909.951806
1909.952806
1909.953806
1909.954806
1909.955805
1909.956805
1909.957805
1909.958806
1909.959806
1909.960806
1909.961806
1909.962806
1909.963805
1909.964805
1909.965805
1909.966805
1909.967806
1909.968806
1909.969806
1909.970806
1909.971806
1909.972805
1909.973805
1909.974805
1909.975807
1909.976806
1909.977806
1909.978806
1909.979806
1909.980806
1909.981805
1909.982805
1909.983805
1909.984807
1909.985806
1909.986806
1909.987806
1909.988806
1909.989806
1909.990805
1909.991805
1909.992805
1909.993807
1909.994806
1909.995806
1909.996806
1909.997806
1909.998806
1909.999805
1910.000805
1910.001805
1910.002807
1910.003806
1910.004806
1910.005806
1910.006806
1910.007806
1910.008805
1910.009805
1910.010805
1910.011806
1910.012806
1910.013806
1910.014806
1910.015806
1910.016806
1910.017805
1910.018805
1910.019805
1910.020806
1910.021806
1910.022806
1910.023806
1910.024806
1910.025805
1910.026805
1910.027805
1910.028805
1910.029806
1910.030806
1910.031806
1910.032806
1910.033806
1910.034805
1910.035805
1910.036805
1910.037807
1910.038806
1910.039806
1910.040806
1910.041806
1910.042806
1910.043805
1910.044805
1910.045805
1910.046807
1910.047806
1910.048806
1910.049806
1910.050806
1910.051806
1910.052805
1910.053805
1910.054805
1910.055807
1910.056806
1910.057806
1910.058806
1910.059806
1910.060806
1910.061805
1910.062805
1910.063805
1910.064807
1910.065806
1910.066806
1910.067806
1910.068806
1910.069806
1910.070805
1910.071805
1910.072805
1910.073806
1910.074806
1910.075806
1910.076806
1910.077806
1910.078806
1910.079805
1910.080805
1910.081805
1910.082806
1910.083806
1910.084806
1910.085806
1910.086806
1910.087806
1910.088805
1910.089805
1910.090805
1910.091806
1910.092806
1910.093806
1910.094806
1910.095806
1910.096805
1910.097805
1910.098805
1910.099807
1910.100806
1910.101806
1910.102806
1910.103806
1910.104806
1910.105805
1910.106805
1910.107805
1910.108807
1910.109806
1910.110806
1910.111806
1910.112806
1910.113806
1910.114805
1910.115805
1910.116805
1910.117807
1910.118806
1910.119806
1910.120806
1910.121806
1910.122806
1910.123805
1910.124805
1910.125805
1910.126807
1910.127806
1910.128806
1910.129806
1910.130806
1910.131806
1910.132805
1910.133805
1910.134805
1910.135806
1910.136806
1910.137806
1910.138806
1910.139806
1910.140806
1910.141805
1910.142805
1910.143805
1910.144806
1910.145806
1910.146806
1910.147806
1910.148806
1910.149805
1910.150805
1910.151805
1910.152805
1910.153806
1910.154806
1910.155806
1910.156806
1910.157806
1910.158805
1910.159805
1910.160805
1910.161807
1910.162806
1910.163806
1910.164806
1910.165806
1910.166806
1910.167805
1910.168805
1910.169805
1910.170807
1910.171806
1910.172806
1910.173806
1910.174806
1910.175806
1910.176805
1910.177805
1910.178805
1910.179807
1910.180806
1910.181806
1910.182806
1910.183806
1910.184806
1910.185805
1910.186805
1910.187805
1910.188807
1910.189806
1910.190806
1910.191806
1910.192806
1910.193806
1910.194805
1910.195805
1910.196805
1910.197807
1910.198806
1910.199806
1910.200806
1910.201806
1910.202806
1910.203805
1910.204805
1910.205805
1910.206806
1910.207806
1910.208806
1910.209806
1910.210806
1910.211806
1910.212805
1910.213805
1910.214805
1910.215806
1910.216806
1910.217806
1910.218806
1910.219806
1910.220805
1910.221805
1910.222805
1910.223807
1910.224806
1910.225806
1910.226806
1910.227806
1910.228806
1910.229805
1910.230805
1910.231805
1910.232807
1910.233806
1910.234806
1910.235806
1910.236806
1910.237806
1910.238805
1910.239805
1910.240805
1910.241807
1910.242806
1910.243806
1910.244806
1910.245806
1910.246806
1910.247805
1910.248805
1910.249805
1910.250807
1910.251806
1910.252806
1910.253806
1910.254806
1910.255806
1910.256805
1910.257805
1910.258805
1910.259806
1910.260806
1910.261806
1910.262806
1910.263806
1910.264806
1910.265805
1910.266805
1910.267805
1910.268806
1910.269806
1910.270806
1910.271806
1910.272806
1910.273806
1910.274805
1910.275805
1910.276805
1910.277806
1910.278806
1910.279806
1910.280806
1910.281806
1910.282805
1910.283805
1910.284805
1910.285807
1910.286806
1910.287806
1910.288806
1910.289806
1910.290806
1910.291805
1910.292805
1910.293805
1910.294807
1910.295806
1910.296806
1910.297806
1910.298806
1910.299806
1910.300805
1910.301805
1910.302805
1910.303807
1910.304806
1910.305806
1910.306806
1910.307806
1910.308806
1910.309805
1910.310805
1910.311805
1910.312807
1910.313806
1910.314806
1910.315806
1910.316806
1910.317806
1910.318805
1910.319805
1910.320805
1910.321807
1910.322806
1910.323806
1910.324806
1910.325806
1910.326806
1910.327805
1910.328805
1910.329805
1910.330806
1910.331806
1910.332806
1910.333806
1910.334806
1910.335806
1910.336805
1910.337805
1910.338805
1910.339806
1910.340806
1910.341806
1910.342806
1910.343806
1910.344805
1910.345805
1910.346805
1910.347807
1910.348806
1910.349806
1910.350806
1910.351806
1910.352806
1910.353805
1910.354805
1910.355805
1910.356807
1910.357806
1910.358806
1910.359806
1910.360806
1910.361806
1910.362805
1910.363805
1910.364805
1910.365807
1910.366806
1910.367806
1910.368806
1910.369806
1910.370806
1910.371805
1910.372805
1910.373805
1910.374807
1910.375806
1910.376806
1910.377806
1910.378806
1910.379806
1910.380805
1910.381805
1910.382805
1910.383806
1910.384806
1910.385806
1910.386806
1910.387806
1910.388806
1910.389805
1910.390805
1910.391805
1910.392806
1910.393806
1910.394806
1910.395806
1910.396806
1910.397806
1910.398805
1910.399805
1910.400805
1910.401806
1910.402806
1910.403806
1910.404806
1910.405806
1910.406805
1910.407805
1910.408805
1910.409807
1910.410806
1910.411806
1910.412806
1910.413806
1910.414806
1910.415805
1910.416805
1910.417805
1910.418807
1910.419806
1910.420806
1910.421806
1910.422806
1910.423806
1910.424805
1910.425805
1910.426805
1910.427807
1910.428806
1910.429806
1910.430806
1910.431806
1910.432806
1910.433805
1910.434805
1910.435805
1910.436807
1910.437806
1910.438806
1910.439806
1910.440806
1910.441806
1910.442805
1910.443805
1910.444805
1910.445807
1910.446806
1910.447806
1910.448806
1910.449806
1910.450806
1910.451805
1910.452805
1910.453805
1910.454806
1910.455806
1910.456806
1910.457806
1910.458806
1910.459806
1910.460805
1910.461805
1910.462805
1910.463806
1910.464806
1910.465806
1910.466806
1910.467806
1910.468805
1910.469805
1910.470805
1910.471807
1910.472806
1910.473806
1910.474806
1910.475806
1910.476806
1910.477805
1910.478805
1910.479805
1910.480807
1910.481806
1910.482806
1910.483806
1910.484806
1910.485806
1910.486805
1910.487805
1910.488805
1910.489807
1910.490806
1910.491806
1910.492806
1910.493806
1910.494806
1910.495805
1910.496805
1910.497805
1910.498807
1910.499806
1910.500806
1910.501806
1910.502806
1910.503806
1910.504805
1910.505805
1910.506805
1910.507807
1910.508806
1910.509806
1910.510806
1910.511806
1910.512806
1910.513805
1910.514805
1910.515805
1910.516806
1910.517806
1910.518806
1910.519806
1910.520806
1910.521806
1910.522805
1910.523805
1910.524805
1910.525806
1910.526806
1910.527806
1910.528806
1910.529806
1910.530805
1910.531805
1910.532805
1910.533807
1910.534806
1910.535806
1910.536806
1910.537806
1910.538806
1910.539805
1910.540805
1910.541805
1910.542807
1910.543806
1910.544806
1910.545806
1910.546806
1910.547806
1910.548805
1910.549805
1910.550805
1910.551807
1910.552806
1910.553806
1910.554806
1910.555806
1910.556806
1910.557805
1910.558805
1910.559805
1910.560807
1910.561806
1910.562806
1910.563806
1910.564806
1910.565806
1910.566805
1910.567805
1910.568805
1910.569807
1910.570806
1910.571806
1910.572806
1910.573806
1910.574806
1910.575805
1910.576805
1910.577805
1910.578806
1910.579806
1910.580806
1910.581806
1910.582806
1910.583806
1910.584805
1910.585805
1910.586805
1910.587806
1910.588806
1910.589806
1910.590806
1910.591806
1910.592805
1910.593805
1910.594805
1910.595807
1910.596806
1910.597806
1910.598806
1910.599806
1910.600806
1910.601805
1910.602805
1910.603805
1910.604807
1910.605806
1910.606806
1910.607806
1910.608806
1910.609806
1910.610805
1910.611805
1910.612805
1910.613807
1910.614806
1910.615806
1910.616806
1910.617806
1910.618806
1910.619805
1910.620805
1910.621805
1910.622807
1910.623806
1910.624806
1910.625806
1910.626806
1910.627806
1910.633806
1910.634806
1910.635806
1910.636806
1910.637805
1910.638805
1910.639805
1910.640806
1910.641806
1910.642806
1910.643806
1910.644806
1910.645806
1910.646805
1910.647805
1910.648805
1910.649806
1910.650806
1910.651806
1910.652806
1910.653806
1910.654805
1910.655805
1910.656805
1910.657807
1910.658806
1910.659806
1910.660806
1910.661806
1910.662806
1910.663805
1910.664805
1910.665805
1910.666807
1910.667806
1910.668806
1910.669806
1910.670806
1910.671806
1910.672805
1910.673805
1910.674805
1910.675807
1910.676806
1910.677806
1910.678806
1910.679806
1910.680806
1910.681805
1910.682805
1910.683805
1910.684807
1910.685806
1910.686806
1910.687806
1910.688806
1910.689806
1910.690805
1910.691805
1910.692805
1910.693807
1910.694806
1910.695806
1910.696806
1910.697806
1910.698806
1910.699805
1910.700805
1910.701805
1910.702806
1910.703806
1910.704806
1910.705806
1910.706806
1910.707806
1910.708805
1910.709805
1910.710805
1910.711806
1910.712806
1910.713806
1910.714806
1910.715806
1910.716805
1910.717805
1910.718805
1910.719807
1910.720806
1910.721806
1910.722806
1910.723806
1910.724806
1910.725805
1910.726805
1910.727805
1910.728807
1910.729806
1910.730806
1910.731806
1910.732806
1910.733806
1910.734805
1910.735805
1910.736805
1910.737807
1910.738806
1910.739806
1910.740806
1910.741806
1910.742806
1910.743805
1910.744805
1910.745805
1910.746807
1910.747806
1910.748806
1910.749806
1910.750806
1910.751806
1910.752805
1910.753805
1910.754805
1910.755807
1910.756806
1910.757806
1910.758806
1910.759806
1910.760806
1910.761805
1910.762805
1910.763805
1910.764806
1910.765806
1910.766806
1910.767806
1910.768806
1910.769806
1910.770805
1910.771805
1910.772805
1910.773806
1910.774806
1910.775806
1910.776806
1910.777806
1910.778805
1910.779805
1910.780805
1910.781807
1910.782806
1910.783806
1910.784806
1910.785806
1910.786806
1910.787805
1910.788805
1910.789805
1910.790807
1910.791806
1910.792806
1910.793806
1910.794806
1910.795806
1910.796805
1910.797805
1910.798805
1910.799807
1910.800806
1910.801806
1910.802806
1910.803806
1910.804806
1910.805805
1910.806805
1910.807805
1910.808807
1910.809806
1910.810806
1910.811806
1910.812806
1910.813806
1910.814805
1910.815805
1910.816805
1910.817806
1910.818806
1910.819806
1910.820806
1910.821806
1910.822806
1910.823805
1910.824805
1910.825805
1910.826806
1910.827806
1910.828806
1910.829806
1910.830806
1910.831806
1910.832805
1910.833805
1910.834805
1910.835806
1910.836806
1910.837806
1910.838806
1910.839806
1910.840805
1910.841805
1910.842805
1910.843807
1910.844806
1910.845806
1910.846806
1910.847806
1910.848806
1910.849805
1910.850805
1910.851805
1910.852807
1910.853806
1910.854806
1910.855806
1910.856806
1910.857806
1910.858805
1910.859805
1910.860805
1910.861807
1910.862806
1910.863806
1910.864806
1910.865806
1910.866806
1910.867805
1910.868805
1910.869805
1910.870807
1910.871806
1910.872806
1910.873806
1910.874806
1910.875806
1910.876805
1910.877805
1910.878805
1910.879807
1910.880806
1910.881806
1910.882806
1910.883806
1910.884806
1910.885805
1910.886805
1910.887805
1910.888806
1910.889806
1910.890806
1910.891806
1910.892806
1910.893805
1910.894805
1910.895805
1910.896805
1910.897806
1910.898806
1910.899806
1910.900806
1910.901806
1910.902805
1910.903805
1910.904805
1910.905807
1910.906806
1910.907806
1910.908806
1910.909806
1910.910806
1910.911805
1910.912805
1910.913805
1910.914807
1910.915806
1910.916806
1910.917806
1910.918806
1910.919806
1910.920805
1910.921805
1910.922805
1910.923807
1910.924806
1910.925806
1910.926806
1910.927806
1910.928806
1910.929805
1910.930805
1910.931805
1910.932807
1910.933806
1910.934806
1910.935806
1910.936806
1910.937806
1910.938805
1910.939805
1910.940805
1910.941806
1910.942806
1910.943806
1910.944806
1910.945806
1910.946806
1910.947805
1910.948805
1910.949805
1910.950806
1910.951806
1910.952806
1910.953806
1910.954806
1910.955806
1910.956805
1910.957805
1910.958805
1910.959806
1910.960806
1910.961806
1910.962806
1910.963806
1910.964805
1910.965805
1910.966805
1910.967807
1910.968806
1910.969806
1910.970806
1910.971806
1910.972806
1910.973805
1910.974805
1910.975805
1910.976807
1910.977806
1910.978806
1910.979806
1910.980806
1910.981806
1910.982805
1910.983805
1910.984805
1910.985807
1910.986806
1910.987806
1910.988806
1910.989806
1910.990806
1910.991805
1910.992805
1910.993805
1910.994807
1910.995806
1910.996806
1910.997806
1910.998806
1910.999806
1911.000805
1911.001805
1911.002805
1911.003806
1911.004806
1911.005806
1911.006806
1911.007806
1911.008806
1911.009805
1911.010805
1911.011805
1911.012806
1911.013806
1911.014806
1911.015806
1911.016806
1911.017805
1911.018805
1911.019805
1911.020805
1911.021806
1911.022806
1911.023806
1911.024806
1911.025806
1911.026805
1911.027805
1911.028805
1911.029807
1911.030806
1911.031806
1911.032806
1911.033806
1911.034806
1911.035805
1911.036805
1911.037805
1911.038807
1911.039806
1911.040806
1911.041806
1911.042806
1911.043806
1911.044805
1911.045805
1911.046805
1911.047807
1911.048806
1911.049806
1911.050806
1911.051806
1911.052806
1911.053805
1911.054805
1911.055805
1911.056807
1911.057806
1911.058806
1911.059806
1911.060806
1911.061806
1911.062805
1911.063805
1911.064805
1911.065806
1911.066806
1911.067806
1911.068806
1911.069806
1911.070806
1911.071805
1911.072805
1911.073805
1911.074806
1911.075806
1911.076806
1911.077806
1911.078806
1911.079805
1911.080805
1911.081805
1911.082805
1911.083806
1911.084806
1911.085806
1911.086806
1911.087806
1911.088805
1911.089805
1911.090805
1911.091807
1911.092806
1911.093806
1911.094806
1911.095806
1911.096806
1911.097805
1911.098805
1911.099805
1911.100807
1911.101806
1911.102806
1911.103806
1911.104806
1911.105806
1911.106805
1911.107805
1911.108805
1911.109807
1911.110806
1911.111806
1911.112806
1911.113806
1911.114806
1911.115805
1911.116805
1911.117805
1911.118807
1911.119806
1911.120806
1911.121806
1911.122806
1911.123806
1911.124805
1911.125805
1911.126805
1911.127806
1911.128806
1911.129806
1911.130806
1911.131806
1911.132806
1911.133805
1911.134805
1911.135805
1911.136806
1911.137806
1911.138806
1911.139806
1911.140806
1911.141806
1911.142805
1911.143805
1911.144805
1911.145806
1911.146806
1911.147806
1911.148806
1911.149806
1911.150805
1911.151805
1911.152805
1911.153807
1911.154806
1911.155806
1911.156806
1911.157806
1911.158806
1911.159805
1911.160805
1911.161805
1911.162807
1911.163806
1911.164806
1911.165806
1911.166806
1911.167806
1911.168805
1911.169805
1911.170805
1911.171807
1911.172806
1911.173806
1911.174806
1911.175806
1911.176806
1911.177805
1911.178805
1911.179805
1911.180807
1911.181806
1911.182806
1911.183806
1911.184806
1911.185806
1911.186805
1911.187805
1911.188805
1911.189807
1911.190806
1911.191806
1911.192806
1911.193806
1911.194806
1911.195805
1911.196805
1911.197805
1911.198806
1911.199806
1911.200806
1911.201806
1911.202806
1911.203806
1911.204805
1911.205805
1911.206805
1911.207806
1911.208806
1911.209806
1911.210806
1911.211806
1911.212805
1911.213805
1911.214805
1911.215807
1911.216806
1911.217806
1911.218806
1911.219806
1911.220806
1911.221805
1911.222805
1911.223805
1911.224807
1911.225806
1911.226806
1911.227806
1911.228806
1911.229806
1911.230805
1911.231805
1911.232805
1911.233807
1911.234806
1911.235806
1911.236806
1911.237806
1911.238806
1911.239805
1911.240805
1911.241805
1911.242807
1911.243806
1911.244806
1911.245806
1911.246806
1911.247806
1911.248805
1911.249805
1911.250805
1911.251807
1911.252806
1911.253806
1911.254806
1911.255806
1911.256806
1911.257805
1911.258805
1911.259805
1911.260806
1911.261806
1911.262806
1911.263806
1911.264806
1911.265805
1911.266805
1911.267805
1911.268805
1911.269806
1911.270806
1911.271806
1911.272806
1911.273806
1911.274805
1911.275805
1911.276805
1911.277807
1911.278806
1911.279806
1911.280806
1911.281806
1911.282806
1911.283805
1911.284805
1911.285805
1911.286807
1911.287806
1911.288806
1911.289806
1911.290806
1911.291806
1911.292805
1911.293805
1911.294805
1911.295807
1911.296806
1911.297806
1911.298806
1911.299806
1911.300806
1911.301805
1911.302805
1911.303805
1911.304807
1911.305806
1911.306806
1911.307806
1911.308806
1911.309806
1911.310805
1911.311805
1911.312805
1911.313806
1911.314806
1911.315806
1911.316806
1911.317806
1911.318806
1911.319805
1911.320805
1911.321805
1911.322806
1911.323806
1911.324806
1911.325806
1911.326806
1911.327806
1911.328805
1911.329805
1911.330805
1911.331806
1911.332806
1911.333806
1911.334806
1911.335806
1911.336805
1911.337805
1911.338805
1911.339807
1911.340806
1911.341806
1911.342806
1911.343806
1911.344806
1911.345805
1911.346805
1911.347805
1911.348807
1911.349806
1911.350806
1911.351806
1911.352806
1911.353806
1911.354805
1911.355805
1911.356805
1911.357807
1911.358806
1911.359806
1911.360806
1911.361806
1911.362806
1911.363805
1911.364805
1911.365805
1911.366807
1911.367806
1911.368806
1911.369806
1911.370806
1911.371806
1911.372805
1911.373805
1911.374805
1911.375807
1911.376806
1911.377806
1911.378806
1911.379806
1911.380806
1911.381805
1911.382805
1911.383805
1911.384806
1911.385806
1911.386806
1911.387806
1911.388806
1911.389806
1911.390805
1911.391805
1911.392805
1911.393806
1911.394806
1911.395806
1911.396806
1911.397806
1911.398805
1911.399805
1911.400805
1911.401807
1911.402806
1911.403806
1911.404806
1911.405806
1911.406806
1911.407805
1911.408805
1911.409805
1911.410807
1911.411806
1911.412806
1911.413806
1911.414806
1911.415806
1911.416805
1911.417805
1911.418805
1911.419807
1911.420806
1911.421806
1911.422806
1911.423806
1911.424806
1911.425805
1911.426805
1911.427805
1911.428807
1911.429806
1911.430806
1911.431806
1911.432806
1911.433806
1911.434805
1911.435805
1911.436805
1911.437807
1911.438806
1911.439806
1911.440806
1911.441806
1911.442806
1911.443805
1911.444805
1911.445805
1911.446806
1911.447806
1911.448806
1911.449806
1911.450806
1911.451805
1911.452805
1911.453805
1911.454805
1911.455806
1911.456806
1911.457806
1911.458806
1911.459806
1911.460805
1911.461805
1911.462805
1911.463807
1911.464806
1911.465806
1911.466806
1911.467806
1911.468806
1911.469805
1911.470805
1911.471805
1911.472807
1911.473806
1911.474806
1911.475806
1911.476806
1911.477806
1911.478805
1911.479805
1911.480805
1911.481807
1911.482806
1911.483806
1911.484806
1911.485806
1911.486806
1911.487805
1911.488805
1911.489805
1911.490807
1911.491806
1911.492806
1911.493806
1911.494806
1911.495806
1911.496805
1911.497805
1911.498805
1911.499807
1911.500806
1911.501806
1911.502806
1911.503806
