4013.400209
4013.401211
4013.402211
4013.40321
4013.40421
4013.40521
4013.40621
4013.40721
4013.408209
4013.409211
4013.410211
4013.411211
4013.41221
4013.41321
4013.41421
4013.41521
4013.41621
4013.417209
4013.418211
4013.419211
4013.42021
4013.42121
4013.42221
4013.42321
4013.42421
4013.42521
4013.426209
4013.427211
4013.428211
4013.42921
4013.43021
4013.43121
4013.43221
4013.43321
4013.434209
4013.435209
4013.436211
4013.437211
4013.43821
4013.43921
4013.44021
4013.44121
4013.44221
4013.443209
4013.444209
4013.445211
4013.446211
4013.44721
4013.44821
4013.44921
4013.45021
4013.45121
4013.452209
4013.453209
4013.454211
4013.455211
4013.45621
4013.45721
4013.45821
4013.45921
4013.46021
4013.461209
4013.462209
4013.463211
4013.464211
4013.46521
4013.46621
4013.46721
4013.46821
4013.46921
4013.470209
4013.471211
4013.472211
4013.473211
4013.47421
4013.47521
4013.47621
4013.47721
4013.47821
4013.479209
4013.480211
4013.481211
4013.48221
4013.48321
4013.48421
4013.48521
4013.48621
4013.48721
4013.488209
4013.489211
4013.490211
4013.49121
4013.49221
4013.49321
4013.49421
4013.49521
4013.496209
4013.497209
4013.498211
4013.499211
4013.50021
4013.50121
4013.50221
4013.50321
4013.50421
4013.505209
4013.506209
4013.507211
4013.508211
4013.50921
4013.51021
4013.51121
4013.51221
4013.51321
4013.514209
4013.515209
4013.516211
4013.517211
4013.51821
4013.51921
4013.52021
4013.52121
4013.52221
4013.523209
4013.524209
4013.525211
4013.526211
4013.52721
4013.52821
4013.52921
4013.53021
4013.53121
4013.532209
4013.533211
4013.534211
4013.535211
4013.53621
4013.53721
4013.53821
4013.53921
4013.54021
4013.541209
4013.542211
4013.543211
4013.54421
4013.54521
4013.54621
4013.54721
4013.54821
4013.54921
4013.550209
4013.551211
4013.552211
4013.55321
4013.55421
4013.55521
4013.55621
4013.55721
4013.558209
4013.559209
4013.560211
4013.561211
4013.56221
4013.56321
4013.56421
4013.56521
4013.56621
4013.567209
4013.568209
4013.569211
4013.570211
4013.57121
4013.57221
4013.57321
4013.57421
4013.57521
4013.576209
4013.577209
4013.578211
4013.579211
4013.58021
4013.58121
4013.58221
4013.58321
4013.58421
4013.585209
4013.586209
4013.587211
4013.588211
4013.58921
4013.59021
4013.59121
4013.59221
4013.59321
4013.594209
4013.595211
4013.596211
4013.597211
4013.59821
4013.59921
4013.60021
4013.60121
4013.60221
4013.603209
4013.604211
4013.605211
4013.60621
4013.60721
4013.60821
4013.60921
4013.61021
4013.611209
4013.612209
4013.613211
4013.614211
4013.61521
4013.61621
4013.61721
4013.61821
4013.61921
4013.620209
4013.621209
4013.622211
4013.623211
4013.62421
4013.62521
4013.62621
4013.62721
4013.62821
4013.629209
4013.630209
4013.631211
4013.632211
4013.63321
4013.63421
4013.63521
4013.63621
4013.63721
4013.638209
4013.639209
4013.640211
4013.641211
4013.64221
4013.64321
4013.64421
4013.64521
4013.64621
4013.647209
4013.648209
4013.649211
4013.650211
4013.65121
4013.65221
4013.65321
4013.65421
4013.65521
4013.656209
4013.657211
4013.658211
4013.659211
4013.66021
4013.66121
4013.66221
4013.66321
4013.66421
4013.665209
4013.666211
4013.667211
4013.66821
4013.66921
4013.67021
4013.67121
4013.67221
4013.67321
4013.674209
4013.675211
4013.676211
4013.67721
4013.67821
4013.67921
4013.68021
4013.68121
4013.682209
4013.683209
4013.684211
4013.685211
4013.68621
4013.68721
4013.68821
4013.68921
4013.69021
4013.691209
4013.692209
4013.693211
4013.694211
4013.69521
4013.69621
4013.69721
4013.69821
4013.69921
4013.700209
4013.701209
4013.702211
4013.703211
4013.70421
4013.70521
4013.70621
4013.70721
4013.70821
4013.709209
4013.710209
4013.711211
4013.712211
4013.71321
4013.71421
4013.71521
4013.71621
4013.71721
4013.718209
4013.719211
4013.720211
4013.721211
4013.72221
4013.72321
4013.72421
4013.72521
4013.72621
4013.727209
4013.728211
4013.729211
4013.73021
4013.73121
4013.73221
4013.73321
4013.73421
4013.73521
4013.736209
4013.737211
4013.738211
4013.73921
4013.74021
4013.74121
4013.74221
4013.74321
4013.744209
4013.745209
4013.746211
4013.747211
4013.74821
4013.74921
4013.75021
4013.75121
4013.75221
4013.753209
4013.754209
4013.755211
4013.756211
4013.75721
4013.75821
4013.75921
4013.76021
4013.76121
4013.762209
4013.763209
4013.764211
4013.765211
4013.76621
4013.76721
4013.76821
4013.76921
4013.77021
4013.771209
4013.772209
4013.773211
4013.774211
4013.77521
4013.77621
4013.77721
4013.77821
4013.77921
4013.780209
4013.781211
4013.782211
4013.783211
4013.78421
4013.78521
4013.78621
4013.78721
4013.78821
4013.789209
4013.790211
4013.791211
4013.79221
4013.79321
4013.79421
4013.79521
4013.79621
4013.79721
4013.798209
4013.799211
4013.800211
4013.80121
4013.80221
4013.80321
4013.80421
4013.80521
4013.806209
4013.807209
4013.808211
4013.809211
4013.81021
4013.81121
4013.81221
4013.81321
4013.81421
4013.815209
4013.816209
4013.817211
4013.818211
4013.81921
4013.82021
4013.82121
4013.82221
4013.82321
4013.824209
4013.825209
4013.826211
4013.827211
4013.82821
4013.82921
4013.83021
4013.83121
4013.83221
4013.833209
4013.834209
4013.835211
4013.836211
4013.83721
4013.83821
4013.83921
4013.84021
4013.84121
4013.842209
4013.843211
4013.844211
4013.845211
4013.84621
4013.84721
4013.84821
4013.84921
4013.85021
4013.851209
4013.852211
4013.853211
4013.85421
4013.85521
4013.85621
4013.85721
4013.85821
4013.85921
4013.860209
4013.861211
4013.862211
4013.86321
4013.86421
4013.86521
4013.86621
4013.86721
4013.868209
4013.869209
4013.870211
4013.871211
4013.87221
4013.87321
4013.87421
4013.87521
4013.87621
4013.877209
4013.878209
4013.879211
4013.880211
4013.88121
4013.88221
4013.88321
4013.88421
4013.88521
4013.886209
4013.887209
4013.888211
4013.889211
4013.89021
4013.89121
4013.89221
4013.89321
4013.89421
4013.895209
4013.896209
4013.897211
4013.898211
4013.89921
4013.90021
4013.90121
4013.90221
4013.90321
4013.904209
4013.905211
4013.906211
4013.907211
4013.90821
4013.90921
4013.91021
4013.91121
4013.91221
4013.913209
4013.914211
4013.915211
4013.91621
4013.91721
4013.91821
4013.91921
4013.92021
4013.92121
4013.922209
4013.923211
4013.924211
4013.92521
4013.92621
4013.92721
4013.92821
4013.92921
4013.930209
4013.931209
4013.932211
4013.933211
4013.93421
4013.93521
4013.93621
4013.93721
4013.93821
4013.939209
4013.940209
4013.941211
4013.942211
4013.94321
4013.94421
4013.94521
4013.94621
4013.94721
4013.948209
4013.949209
4013.950211
4013.951211
4013.95221
4013.95321
4013.95421
4013.95521
4013.95621
4013.957209
4013.958209
4013.959211
4013.960211
4013.96121
4013.96221
4013.96321
4013.96421
4013.96521
4013.966209
4013.967211
4013.968211
4013.969211
4013.97021
4013.97121
4013.97221
4013.97321
4013.97421
4013.975209
4013.976211
4013.977211
4013.97821
4013.97921
4013.98021
4013.98121
4013.98221
4013.98321
4013.984209
4013.985211
4013.986211
4013.98721
4013.98821
4013.98921
4013.99021
4013.99121
4013.992209
4013.993209
4013.994211
4013.995211
4013.99621
4013.99721
4013.99821
4013.99921
4014.00021
4014.001209
4014.002209
4014.003211
4014.004211
4014.00521
4014.00621
4014.00721
4014.00821
4014.00921
4014.010209
4014.011209
4014.012211
4014.013211
4014.01421
4014.01521
4014.01621
4014.01721
4014.01821
4014.019209
4014.020209
4014.021211
4014.022211
4014.02321
4014.02421
4014.02521
4014.02621
4014.02721
4014.028209
4014.029211
4014.030211
4014.031211
4014.03221
4014.03321
4014.03421
4014.03521
4014.03621
4014.037209
4014.038211
4014.039211
4014.04021
4014.04121
4014.04221
4014.04321
4014.04421
4014.04521
4014.046209
4014.047211
4014.048211
4014.04921
4014.05021
4014.05121
4014.05221
4014.05321
4014.054209
4014.055209
4014.056211
4014.057211
4014.05821
4014.05921
4014.06021
4014.06121
4014.06221
4014.063209
4014.064209
4014.065211
4014.066211
4014.06721
4014.06821
4014.06921
4014.07021
4014.07121
4014.072209
4014.073209
4014.074211
4014.075211
4014.07621
4014.07721
4014.07821
4014.07921
4014.08021
4014.081209
4014.082209
4014.083211
4014.084211
4014.08521
4014.08621
4014.08721
4014.08821
4014.08921
4014.090209
4014.091211
4014.092211
4014.093211
4014.09421
4014.09521
4014.09621
4014.09721
4014.09821
4014.099209
4014.100211
4014.101211
4014.10221
4014.10321
4014.10421
4014.10521
4014.10621
4014.10721
4014.108209
4014.109211
4014.110211
4014.11121
4014.11221
4014.11321
4014.11421
4014.11521
4014.116209
4014.117209
4014.118211
4014.119211
4014.12021
4014.12121
4014.12221
4014.12321
4014.12421
4014.125209
4014.126209
4014.127211
4014.128211
4014.12921
4014.13021
4014.13121
4014.13221
4014.13321
4014.134209
4014.135209
4014.136211
4014.137211
4014.13821
4014.13921
4014.14021
4014.14121
4014.14221
4014.143209
4014.144209
4014.145211
4014.146211
4014.14721
4014.14821
4014.14921
4014.15021
4014.15121
4014.152209
4014.153211
4014.154211
4014.155211
4014.15621
4014.15721
4014.15821
4014.15921
4014.16021
4014.161209
4014.162211
4014.163211
4014.16421
4014.16521
4014.16621
4014.16721
4014.16821
4014.16921
4014.170209
4014.171211
4014.172211
4014.17321
4014.17421
4014.17521
4014.17621
4014.17721
4014.178209
4014.179209
4014.180211
4014.181211
4014.18221
4014.18321
4014.18421
4014.18521
4014.18621
4014.187209
4014.188209
4014.189211
4014.190211
4014.19121
4014.19221
4014.19321
4014.19421
4014.19521
4014.196209
4014.197209
4014.198211
4014.199211
4014.20021
4014.20121
4014.20221
4014.20321
4014.20421
4014.205209
4014.206209
4014.207211
4014.208211
4014.20921
4014.21021
4014.21121
4014.21221
4014.21321
4014.214209
4014.215211
4014.216211
4014.217211
4014.21821
4014.21921
4014.22021
4014.22121
4014.22221
4014.223209
4014.224211
4014.225211
4014.22621
4014.22721
4014.22821
4014.22921
4014.23021
4014.23121
4014.232209
4014.233211
4014.234211
4014.23521
4014.23621
4014.23721
4014.23821
4014.23921
4014.240209
4014.241209
4014.242211
4014.243211
4014.24421
4014.24521
4014.24621
4014.24721
4014.24821
4014.249209
4014.250209
4014.251211
4014.252211
4014.25321
4014.25421
4014.25521
4014.25621
4014.25721
4014.258209
4014.259209
4014.260211
4014.261211
4014.26221
4014.26321
4014.26421
4014.26521
4014.26621
4014.267209
4014.268209
4014.269211
4014.270211
4014.27121
4014.27221
4014.27321
4014.27421
4014.27521
4014.276209
4014.277211
4014.278211
4014.279211
4014.28021
4014.28121
4014.28221
4014.28321
4014.28421
4014.285209
4014.286211
4014.287211
4014.28821
4014.28921
4014.29021
4014.29121
4014.29221
4014.29321
4014.294209
4014.295211
4014.296211
4014.29721
4014.29821
4014.29921
4014.30021
4014.30121
4014.302209
4014.303209
4014.304211
4014.305211
4014.30621
4014.30721
4014.30821
4014.30921
4014.31021
4014.311209
4014.312209
4014.313211
4014.314211
4014.31521
4014.31621
4014.31721
4014.31821
4014.31921
4014.320209
4014.321209
4014.322211
4014.323211
4014.32421
4014.32521
4014.32621
4014.32721
4014.32821
4014.329209
4014.330209
4014.331211
4014.332211
4014.33321
4014.33421
4014.33521
4014.33621
4014.33721
4014.338209
4014.339211
4014.340211
4014.341211
4014.34221
4014.34321
4014.34421
4014.34521
4014.34621
4014.347209
4014.348211
4014.349211
4014.35021
4014.35121
4014.35221
4014.35321
4014.35421
4014.35521
4014.356209
4014.357211
4014.358211
4014.35921
4014.36021
4014.36121
4014.36221
4014.36321
4014.364209
4014.365209
4014.366211
4014.367211
4014.36821
4014.36921
4014.37021
4014.37121
4014.37221
4014.373209
4014.374209
4014.375211
4014.376211
4014.37721
4014.37821
4014.37921
4014.38021
4014.38121
4014.382209
4014.383209
4014.384211
4014.385211
4014.38621
4014.38721
4014.38821
4014.38921
4014.39021
4014.391209
4014.392209
4014.393211
4014.394211
4014.39521
4014.39621
4014.39721
4014.39821
4014.39921
4014.400209
4014.401211
4014.402211
4014.403211
4014.40421
4014.40521
4014.40621
4014.40721
4014.40821
4014.409209
4014.410211
4014.411211
4014.41221
4014.41321
4014.41421
4014.41521
4014.41621
4014.41721
4014.418209
4014.419211
4014.420211
4014.42121
4014.42221
4014.42321
4014.42421
4014.42521
4014.426209
4014.427209
4014.428211
4014.429211
4014.43021
4014.43121
4014.43221
4014.43321
4014.43421
4014.435209
4014.436209
4014.437211
4014.438211
4014.43921
4014.44021
4014.44121
4014.44221
4014.44321
4014.444209
4014.445209
4014.446211
4014.447211
4014.44821
4014.44921
4014.45021
4014.45121
4014.45221
4014.453209
4014.454209
4014.455211
4014.456211
4014.45721
4014.45821
4014.45921
4014.46021
4014.46121
4014.462209
4014.463211
4014.464211
4014.465211
4014.46621
4014.46721
4014.46821
4014.46921
4014.47021
4014.471209
4014.472211
4014.473211
4014.47421
4014.47521
4014.47621
4014.47721
4014.47821
4014.47921
4014.480209
4014.481211
4014.482211
4014.48321
4014.48421
4014.48521
4014.48621
4014.48721
4014.488209
4014.489209
4014.490211
4014.491211
4014.49221
4014.49321
4014.49421
4014.49521
4014.49621
4014.497209
4014.498209
4014.499211
4014.500211
4014.50121
4014.50221
4014.50321
4014.50421
4014.50521
4014.506209
4014.507209
4014.508211
4014.509211
4014.51021
4014.51121
4014.51221
4014.51321
4014.51421
4014.515209
4014.516209
4014.517211
4014.518211
4014.51921
4014.52021
4014.52121
4014.52221
4014.52321
4014.524209
4014.525211
4014.526211
4014.527211
4014.52821
4014.52921
4014.53021
4014.53121
4014.53221
4014.533209
4014.534211
4014.535211
4014.53621
4014.53721
4014.53821
4014.53921
4014.54021
4014.54121
4014.542209
4014.543211
4014.544211
4014.54521
4014.54621
4014.54721
4014.54821
4014.54921
4014.550209
4014.551209
4014.552211
4014.553211
4014.55421
4014.55521
4014.55621
4014.55721
4014.55821
4014.559209
4014.560209
4014.561211
4014.562211
4014.56321
4014.56421
4014.56521
4014.56621
4014.56721
4014.568209
4014.569209
4014.570211
4014.571211
4014.57221
4014.57321
4014.57421
4014.57521
4014.57621
4014.577209
4014.578209
4014.579211
4014.580211
4014.58121
4014.58221
4014.58321
4014.58421
4014.58521
4014.586209
4014.587211
4014.588211
4014.589211
4014.59021
4014.59121
4014.59221
4014.59321
4014.59421
4014.595209
4014.596211
4014.597211
4014.59821
4014.59921
4014.60021
4014.60121
4014.60221
4014.60321
4014.604209
4014.605211
4014.606211
4014.60721
4014.60821
4014.60921
4014.61021
4014.61121
4014.612209
4014.613209
4014.614211
4014.615211
4014.61621
4014.61721
4014.61821
4014.61921
4014.62021
4014.621209
4014.622209
4014.623211
4014.624211
4014.62521
4014.62621
4014.62721
4014.62821
4014.62921
4014.630209
4014.631209
4014.632211
4014.633211
4014.63421
4014.63521
4014.63621
4014.63721
4014.63821
4014.639209
4014.640209
4014.641211
4014.642211
4014.64321
4014.64421
4014.64521
4014.64621
4014.64721
4014.648209
4014.649211
4014.650211
4014.651211
4014.65221
4014.65321
4014.65421
4014.65521
4014.65621
4014.657209
4014.658211
4014.659211
4014.66021
4014.66121
4014.66221
4014.66321
4014.66421
4014.66521
4014.666209
4014.667211
4014.668211
4014.66921
4014.67021
4014.67121
4014.67221
4014.67321
4014.674209
4014.675209
4014.676211
4014.677211
4014.67821
4014.67921
4014.68021
4014.68121
4014.68221
4014.683209
4014.684209
4014.685211
4014.686211
4014.68721
4014.68821
4014.68921
4014.69021
4014.69121
4014.692209
4014.693209
4014.694211
4014.695211
4014.69621
4014.69721
4014.69821
4014.69921
4014.70021
4014.701209
4014.702209
4014.703211
4014.704211
4014.70521
4014.70621
4014.70721
4014.70821
4014.70921
4014.710209
4014.711211
4014.712211
4014.713211
4014.71421
4014.71521
4014.71621
4014.71721
4014.71821
4014.719209
4014.720211
4014.721211
4014.72221
4014.72321
4014.72421
4014.72521
4014.72621
4014.72721
4014.728209
4014.729211
4014.730211
4014.73121
4014.73221
4014.73321
4014.73421
4014.73521
4014.736209
4014.737209
4014.738211
4014.739211
4014.74021
4014.74121
4014.74221
4014.74321
4014.74421
4014.745209
4014.746209
4014.747211
4014.748211
4014.74921
4014.75021
4014.75121
4014.75221
4014.75321
4014.754209
4014.755209
4014.756211
4014.757211
4014.75821
4014.75921
4014.76021
4014.76121
4014.76221
4014.763209
4014.764209
4014.765211
4014.766211
4014.76721
4014.76821
4014.76921
4014.77021
4014.77121
4014.772209
4014.773211
4014.774211
4014.775211
4014.77621
4014.77721
4014.77821
4014.77921
4014.78021
4014.781209
4014.782211
4014.783211
4014.78421
4014.78521
4014.78621
4014.78721
4014.78821
4014.78921
4014.790209
4014.791211
4014.792211
4014.79321
4014.79421
4014.79521
4014.79621
4014.79721
4014.798209
4014.799209
4014.800211
4014.801211
4014.80221
4014.80321
4014.80421
4014.80521
4014.80621
4014.807209
4014.808209
4014.809211
4014.810211
4014.81121
4014.81221
4014.81321
4014.81421
4014.81521
4014.816209
4014.817209
4014.818211
4014.819211
4014.82021
4014.82121
4014.82221
4014.82321
4014.82421
4014.825209
4014.826209
4014.827211
4014.828211
4014.82921
4014.83021
4014.83121
4014.83221
4014.83321
4014.834209
4014.835211
4014.836211
4014.83721
4014.83821
4014.83921
4014.84021
4014.84121
4014.84221
4014.843209
4014.844211
4014.845211
4014.84621
4014.84721
4014.84821
4014.84921
4014.85021
4014.85121
4014.852209
4014.853211
4014.854211
4014.85521
4014.85621
4014.85721
4014.85821
4014.85921
4014.860209
4014.861209
4014.862211
4014.863211
4014.86421
4014.86521
4014.86621
4014.86721
4014.86821
4014.869209
4014.870209
4014.871211
4014.872211
4014.87321
4014.87421
4014.87521
4014.87621
4014.87721
4014.878209
4014.879209
4014.880211
4014.881211
4014.88221
4014.88321
4014.88421
4014.88521
4014.88621
4014.887209
4014.888209
4014.889211
4014.890211
4014.89121
4014.89221
4014.89321
4014.89421
4014.89521
4014.896209
4014.897211
4014.898211
4014.899211
4014.90021
4014.90121
4014.90221
4014.90321
4014.90421
4014.905209
4014.906211
4014.907211
4014.90821
4014.90921
4014.91021
4014.91121
4014.91221
4014.91321
4014.914209
4014.915211
4014.916211
4014.91721
4014.91821
4014.91921
4014.92021
4014.92121
4014.922209
4014.923209
4014.924211
4014.925211
4014.92621
4014.92721
4014.92821
4014.92921
4014.93021
4014.931209
4014.932209
4014.933211
4014.934211
4014.93521
4014.93621
4014.93721
4014.93821
4014.93921
4014.940209
4014.941209
4014.942211
4014.943211
4014.94421
4014.94521
4014.94621
4014.94721
4014.94821
4014.949209
4014.950209
4014.951211
4014.952211
4014.95321
4014.95421
4014.95521
4014.95621
4014.95721
4014.958209
4014.959211
4014.960211
4014.961211
4014.96221
4014.96321
4014.96421
4014.96521
4014.96621
4014.967209
4014.968211
4014.969211
4014.97021
4014.97121
4014.97221
4014.97321
4014.97421
4014.97521
4014.976209
4014.977211
4014.978211
4014.97921
4014.98021
4014.98121
4014.98221
4014.98321
4014.984209
4014.985209
4014.986211
4014.987211
4014.98821
4014.98921
4014.99021
4014.99121
4014.99221
4014.993209
4014.994209
4014.995211
4014.996211
4014.99721
4014.99821
4014.99921
4015.00021
4015.00121
4015.002209
4015.003209
4015.004211
4015.005211
4015.00621
4015.00721
4015.00821
4015.00921
4015.01021
4015.011209
4015.012209
4015.013211
4015.014211
4015.01521
4015.01621
4015.01721
4015.01821
4015.01921
4015.020209
4015.021211
4015.022211
4015.023211
4015.02421
4015.02521
4015.02621
4015.02721
4015.02821
4015.029209
4015.030211
4015.031211
4015.03221
4015.03321
4015.03421
4015.03521
4015.03621
4015.03721
4015.038209
4015.039211
4015.040211
4015.04121
4015.04221
4015.04321
4015.04421
4015.04521
4015.046209
4015.047209
4015.048211
4015.049211
4015.05021
4015.05121
4015.05221
4015.05321
4015.05421
4015.055209
4015.056209
4015.057211
4015.058211
4015.05921
4015.06021
4015.06121
4015.06221
4015.06321
4015.064209
4015.065209
4015.066211
4015.067211
4015.06821
4015.06921
4015.07021
4015.07121
4015.07221
4015.073209
4015.074209
4015.075211
4015.076211
4015.07721
4015.07821
4015.07921
4015.08021
4015.08121
4015.082209
4015.083211
4015.084211
4015.085211
4015.08621
4015.08721
4015.08821
4015.08921
4015.09021
4015.091209
4015.092211
4015.093211
4015.09421
4015.09521
4015.09621
4015.09721
4015.09821
4015.09921
4015.100209
4015.101211
4015.102211
4015.10321
4015.10421
4015.10521
4015.10621
4015.10721
4015.108209
4015.109209
4015.110211
4015.111211
4015.11221
4015.11321
4015.11421
4015.11521
4015.11621
4015.117209
4015.118209
4015.119211
4015.120211
4015.12121
4015.12221
4015.12321
4015.12421
4015.12521
4015.126209
4015.127209
4015.128211
4015.129211
4015.13021
4015.13121
4015.13221
4015.13321
4015.13421
4015.135209
4015.136209
4015.137211
4015.138211
4015.13921
4015.14021
4015.14121
4015.14221
4015.14321
4015.144209
4015.145211
4015.146211
4015.147211
4015.14821
4015.14921
4015.15021
4015.15121
4015.15221
4015.153209
4015.154211
4015.155211
4015.15621
4015.15721
4015.15821
4015.15921
4015.16021
4015.16121
4015.162209
4015.163211
4015.164211
4015.16521
4015.16621
4015.16721
4015.16821
4015.16921
4015.170209
4015.171209
4015.172211
4015.173211
4015.17421
4015.17521
4015.17621
4015.17721
4015.17821
4015.179209
4015.180209
4015.181211
4015.182211
4015.18321
4015.18421
4015.18521
4015.18621
4015.18721
4015.188209
4015.189209
4015.190211
4015.191211
4015.19221
4015.19321
4015.19421
4015.19521
4015.19621
4015.197209
4015.198209
4015.199211
4015.200211
4015.20121
4015.20221
4015.20321
4015.20421
4015.20521
4015.206209
4015.207211
4015.208211
4015.209211
4015.21021
4015.21121
4015.21221
4015.21321
4015.21421
4015.215209
4015.216211
4015.217211
4015.21821
4015.21921
4015.22021
4015.22121
4015.22221
4015.22321
4015.224209
4015.225211
4015.226211
4015.22721
4015.22821
4015.22921
4015.23021
4015.23121
4015.232209
4015.233209
4015.234211
4015.235211
4015.23621
4015.23721
4015.23821
4015.23921
4015.24021
4015.241209
4015.242209
4015.243211
4015.244211
4015.24521
4015.24621
4015.24721
4015.24821
4015.24921
4015.250209
4015.251209
4015.252211
4015.253211
4015.25421
4015.25521
4015.25621
4015.25721
4015.25821
4015.259209
4015.260209
4015.261211
4015.262211
4015.26321
4015.26421
4015.26521
4015.26621
4015.26721
4015.268209
4015.269211
4015.270211
4015.271211
4015.27221
4015.27321
4015.27421
4015.27521
4015.27621
4015.277209
4015.278211
4015.279211
4015.28021
4015.28121
4015.28221
4015.28321
4015.28421
4015.28521
4015.286209
4015.287211
4015.288211
4015.28921
4015.29021
4015.29121
4015.29221
4015.29321
4015.294209
4015.295209
4015.296211
4015.297211
4015.29821
4015.29921
4015.30021
4015.30121
4015.30221
4015.303209
4015.304209
4015.305211
4015.306211
4015.30721
4015.30821
4015.30921
4015.31021
4015.31121
4015.312209
4015.313209
4015.314211
4015.315211
4015.31621
4015.31721
4015.31821
4015.31921
4015.32021
4015.321209
4015.322209
4015.323211
4015.324211
4015.32521
4015.32621
4015.32721
4015.32821
4015.32921
4015.330209
4015.331211
4015.332211
4015.333211
4015.33421
4015.33521
4015.33621
4015.33721
4015.33821
4015.339209
4015.340211
4015.341211
4015.34221
4015.34321
4015.34421
4015.34521
4015.34621
4015.34721
4015.348209
4015.349211
4015.350211
4015.35121
4015.35221
4015.35321
4015.35421
4015.35521
4015.356209
4015.357209
4015.358211
4015.359211
4015.36021
4015.36121
4015.36221
4015.36321
4015.36421
4015.365209
4015.366209
4015.367211
4015.368211
4015.36921
4015.37021
4015.37121
4015.37221
4015.37321
4015.374209
4015.375209
4015.376211
4015.377211
4015.37821
4015.37921
4015.38021
4015.38121
4015.38221
4015.383209
4015.384209
4015.385211
4015.386211
4015.38721
4015.38821
4015.38921
4015.39021
4015.39121
4015.392209
4015.393211
4015.394211
4015.395211
4015.39621
4015.39721
4015.39821
4015.39921
4015.40021
4015.401209
4015.402211
4015.403211
4015.40421
4015.40521
4015.40621
4015.40721
4015.40821
4015.40921
4015.410209
4015.411211
4015.412211
4015.41321
4015.41421
4015.41521
4015.41621
4015.41721
4015.418209
4015.419209
4015.420211
