1649.080896
1649.081896
1649.082896
1649.083895
1649.084895
1649.085895
1649.086895
1649.087896
1649.088896
1649.089896
1649.090896
1649.091896
1649.092895
1649.093895
1649.094895
1649.095895
1649.096896
1649.097896
1649.098896
1649.099896
1649.100896
1649.101895
1649.102895
1649.103895
1649.104897
1649.105896
1649.106896
1649.107896
1649.108896
1649.109896
1649.110895
1649.111895
1649.112895
1649.113897
1649.114896
1649.115896
1649.116896
1649.117896
1649.118896
1649.119895
1649.120895
1649.121895
1649.122897
1649.123896
1649.124896
1649.125896
1649.126896
1649.127896
1649.128895
1649.129895
1649.130895
1649.131896
1649.132896
1649.133896
1649.134896
1649.135896
1649.136896
1649.137895
1649.138895
1649.139895
1649.140896
1649.141896
1649.142896
1649.143896
1649.144896
1649.145895
1649.146895
1649.147895
1649.148895
1649.149896
1649.150896
1649.151896
1649.152896
1649.153896
1649.154895
1649.155895
1649.156895
1649.157895
1649.158896
1649.159896
1649.160896
1649.161896
1649.162896
1649.163895
1649.164895
1649.165895
1649.166897
1649.167896
1649.168896
1649.169896
1649.170896
1649.171896
1649.172895
1649.173895
1649.174895
1649.175897
1649.176896
1649.177896
1649.178896
1649.179896
1649.180896
1649.181895
1649.182895
1649.183895
1649.184897
1649.185896
1649.186896
1649.187896
1649.188896
1649.189896
1649.190895
1649.191895
1649.192895
1649.193896
1649.194896
1649.195896
1649.196896
1649.197896
1649.198896
1649.199895
1649.200895
1649.201895
1649.202896
1649.203896
1649.204896
1649.205896
1649.206896
1649.207895
1649.208895
1649.209895
1649.210895
1649.211896
1649.212896
1649.213896
1649.214896
1649.215896
1649.216895
1649.217895
1649.218895
1649.219895
1649.220896
1649.221896
1649.222896
1649.223896
1649.224896
1649.225895
1649.226895
1649.227895
1649.228897
1649.229896
1649.230896
1649.231896
1649.232896
1649.233896
1649.234895
1649.235895
1649.236895
1649.237897
1649.238896
1649.239896
1649.240896
1649.241896
1649.242896
1649.243895
1649.244895
1649.245895
1649.246897
1649.247896
1649.248896
1649.249896
1649.250896
1649.251896
1649.252895
1649.253895
1649.254895
1649.255896
1649.256896
1649.257896
1649.258896
1649.259896
1649.260896
1649.261895
1649.262895
1649.263895
1649.264896
1649.265896
1649.266896
1649.267896
1649.268896
1649.269895
1649.270895
1649.271895
1649.272895
1649.273896
1649.274896
1649.275896
1649.276896
1649.277896
1649.278895
1649.279895
1649.280895
1649.281895
1649.282896
1649.283896
1649.284896
1649.285896
1649.286896
1649.287895
1649.288895
1649.289895
1649.290897
1649.291896
1649.292896
1649.293896
1649.294896
1649.295896
1649.296895
1649.297895
1649.298895
1649.299897
1649.300896
1649.301896
1649.302896
1649.303896
1649.304896
1649.305895
1649.306895
1649.307895
1649.308897
1649.309896
1649.310896
1649.311896
1649.312896
1649.313896
1649.314895
1649.315895
1649.316895
1649.317896
1649.318896
1649.319896
1649.320896
1649.321896
1649.322896
1649.323895
1649.324895
1649.325895
1649.326896
1649.327896
1649.328896
1649.329896
1649.330896
1649.331895
1649.332895
1649.333895
1649.334895
1649.335896
1649.336896
1649.337896
1649.338896
1649.339896
1649.340895
1649.341895
1649.342895
1649.343895
1649.344896
1649.345896
1649.346896
1649.347896
1649.348896
1649.349895
1649.350895
1649.351895
1649.352897
1649.353896
1649.354896
1649.355896
1649.356896
1649.357896
1649.358895
1649.359895
1649.360895
1649.361897
1649.362896
1649.363896
1649.364896
1649.365896
1649.366896
1649.367895
1649.368895
1649.369895
1649.370897
1649.371896
1649.372896
1649.373896
1649.374896
1649.375896
1649.376895
1649.377895
1649.378895
1649.379896
1649.380896
1649.381896
1649.382896
1649.383896
1649.384896
1649.385895
1649.386895
1649.387895
1649.388896
1649.389896
1649.390896
1649.391896
1649.392896
1649.393895
1649.394895
1649.395895
1649.396895
1649.397896
1649.398896
1649.399896
1649.400896
1649.401896
1649.402895
1649.403895
1649.404895
1649.405895
1649.406896
1649.407896
1649.408896
1649.409896
1649.410896
1649.411895
1649.412895
1649.413895
1649.414897
1649.415896
1649.416896
1649.417896
1649.418896
1649.419896
1649.420895
1649.421895
1649.422895
1649.423897
1649.424896
1649.425896
1649.426896
1649.427896
1649.428896
1649.429895
1649.430895
1649.431895
1649.432897
1649.433896
1649.434896
1649.435896
1649.436896
1649.437896
1649.438895
1649.439895
1649.440895
1649.441896
1649.442896
1649.443896
1649.444896
1649.445896
1649.446896
1649.447895
1649.448895
1649.449895
1649.450896
1649.451896
1649.452896
1649.453896
1649.454896
1649.455895
1649.456895
1649.457895
1649.458895
1649.459896
1649.460896
1649.461896
1649.462896
1649.463896
1649.464895
1649.465895
1649.466895
1649.467895
1649.468896
1649.469896
1649.470896
1649.471896
1649.472896
1649.473895
1649.474895
1649.475895
1649.476897
1649.477896
1649.478896
1649.479896
1649.480896
1649.481896
1649.482895
1649.483895
1649.484895
1649.485897
1649.486896
1649.487896
1649.488896
1649.489896
1649.490896
1649.491895
1649.492895
1649.493895
1649.494897
1649.495896
1649.496896
1649.497896
1649.498896
1649.499896
1649.500895
1649.501895
1649.502895
1649.503896
1649.504896
1649.505896
1649.506896
1649.507896
1649.508896
1649.509895
1649.510895
1649.511895
1649.512896
1649.513896
1649.514896
1649.515896
1649.516896
1649.517895
1649.518895
1649.519895
1649.520895
1649.521896
1649.522896
1649.523896
1649.524896
1649.525896
1649.526895
1649.527895
1649.528895
1649.529895
1649.530896
1649.531896
1649.532896
1649.533896
1649.534896
1649.535895
1649.536895
1649.537895
1649.538897
1649.539896
1649.540896
1649.541896
1649.542896
1649.543896
1649.544895
1649.545895
1649.546895
1649.547897
1649.548896
1649.549896
1649.550896
1649.551896
1649.552896
1649.553895
1649.554895
1649.555895
1649.556897
1649.557896
1649.558896
1649.559896
1649.560896
1649.561896
1649.562895
1649.563895
1649.564895
1649.565896
1649.566896
1649.567896
1649.568896
1649.569896
1649.570896
1649.571895
1649.572895
1649.573895
1649.574896
1649.575896
1649.576896
1649.577896
1649.578896
1649.579895
1649.580895
1649.581895
1649.582895
1649.583896
1649.584896
1649.585896
1649.586896
1649.587896
1649.588895
1649.589895
1649.590895
1649.591895
1649.592896
1649.593896
1649.594896
1649.595896
1649.596896
1649.597895
1649.598895
1649.599895
1649.600897
1649.601896
1649.602896
1649.603896
1649.604896
1649.605896
1649.606895
1649.607895
1649.608895
1649.609897
1649.610896
1649.611896
1649.612896
1649.613896
1649.614896
1649.615895
1649.616895
1649.617895
1649.618897
1649.619896
1649.620896
1649.621896
1649.622896
1649.623896
1649.624895
1649.625895
1649.626895
1649.627896
1649.628896
1649.629896
1649.630896
1649.631896
1649.632896
1649.633895
1649.634895
1649.635895
1649.636896
1649.637896
1649.638896
1649.639896
1649.640896
1649.641895
1649.642895
1649.643895
1649.644895
1649.645896
1649.646896
1649.647896
1649.648896
1649.649896
1649.650895
1649.651895
1649.652895
1649.653895
1649.654896
1649.655896
1649.656896
1649.657896
1649.658896
1649.659895
1649.660895
1649.661895
1649.662897
1649.663896
1649.664896
1649.665896
1649.666896
1649.667896
1649.668895
1649.669895
1649.670895
1649.671897
1649.672896
1649.673896
1649.674896
1649.675896
1649.676896
1649.677895
1649.678895
1649.679895
1649.680897
1649.681896
1649.682896
1649.683896
1649.684896
1649.685896
1649.686895
1649.687895
1649.688895
1649.689896
1649.690896
1649.691896
1649.692896
1649.693896
1649.694896
1649.695895
1649.696895
1649.697895
1649.698896
1649.699896
1649.700896
1649.701896
1649.702896
1649.703895
1649.704895
1649.705895
1649.706895
1649.707896
1649.708896
1649.709896
1649.710896
1649.711896
1649.712895
1649.713895
1649.714895
1649.715897
1649.716896
1649.717896
1649.718896
1649.719896
1649.720896
1649.721895
1649.722895
1649.723895
1649.724897
1649.725896
1649.726896
1649.727896
1649.728896
1649.729896
1649.730895
1649.731895
1649.732895
1649.733897
1649.734896
1649.735896
1649.736896
1649.737896
1649.738896
1649.739895
1649.740895
1649.741895
1649.742897
1649.743896
1649.744896
1649.745896
1649.746896
1649.747896
1649.748895
1649.749895
1649.750895
1649.751896
1649.752896
1649.753896
1649.754896
1649.755896
1649.756896
1649.757895
1649.758895
1649.759895
1649.760896
1649.761896
1649.762896
1649.763896
1649.764896
1649.765895
1649.766895
1649.767895
1649.768895
1649.769896
1649.770896
1649.771896
1649.772896
1649.773896
1649.774895
1649.775895
1649.776895
1649.777895
1649.778896
1649.779896
1649.780896
1649.781896
1649.782896
1649.783895
1649.784895
1649.785895
1649.786897
1649.787896
1649.788896
1649.789896
1649.790896
1649.791896
1649.792895
1649.793895
1649.794895
1649.795897
1649.796896
1649.797896
1649.798896
1649.799896
1649.800896
1649.801895
1649.802895
1649.803895
1649.804897
1649.805896
1649.806896
1649.807896
1649.808896
1649.809896
1649.810895
1649.811895
1649.812895
1649.813896
1649.814896
1649.815896
1649.816896
1649.817896
1649.818896
1649.819895
1649.820895
1649.821895
1649.822896
1649.823896
1649.824896
1649.825896
1649.826896
1649.827895
1649.828895
1649.829895
1649.830895
1649.831896
1649.832896
1649.833896
1649.834896
1649.835896
1649.836895
1649.837895
1649.838895
1649.839895
1649.840896
1649.841896
1649.842896
1649.843896
1649.844896
1649.845895
1649.846895
1649.847895
1649.848897
1649.849896
1649.850896
1649.851896
1649.852896
1649.853896
1649.854895
1649.855895
1649.856895
1649.857897
1649.858896
1649.859896
1649.860896
1649.861896
1649.862896
1649.863895
1649.864895
1649.865895
1649.866897
1649.867896
1649.868896
1649.869896
1649.870896
1649.871896
1649.872895
1649.873895
1649.874895
1649.875896
1649.876896
1649.877896
1649.878896
1649.879896
1649.880896
1649.881895
1649.882895
1649.883895
1649.884896
1649.885896
1649.886896
1649.887896
1649.888896
1649.889895
1649.890895
1649.891895
1649.892895
1649.893896
1649.894896
1649.895896
1649.896896
1649.897896
1649.898895
1649.899895
1649.900895
1649.901897
1649.902896
1649.903896
1649.904896
1649.905896
1649.906896
1649.907895
1649.908895
1649.909895
1649.910897
1649.911896
1649.912896
1649.913896
1649.914896
1649.915896
1649.916895
1649.917895
1649.918895
1649.919897
1649.920896
1649.921896
1649.922896
1649.923896
1649.924896
1649.925895
1649.926895
1649.927895
1649.928897
1649.929896
1649.930896
1649.931896
1649.932896
1649.933896
1649.934895
1649.935895
1649.936895
1649.937896
1649.938896
1649.939896
1649.940896
1649.941896
1649.942896
1649.943895
1649.944895
1649.945895
1649.946896
1649.947896
1649.948896
1649.949896
1649.950896
1649.951895
1649.952895
1649.953895
1649.954895
1649.955896
1649.956896
1649.957896
1649.958896
1649.959896
1649.960895
1649.961895
1649.962895
1649.963895
1649.964896
1649.965896
1649.966896
1649.967896
1649.968896
1649.969895
1649.970895
1649.971895
1649.972897
1649.973896
1649.974896
1649.975896
1649.976896
1649.977896
1649.978895
1649.979895
1649.980895
1649.981897
1649.982896
1649.983896
1649.984896
1649.985896
1649.986896
1649.987895
1649.988895
1649.989895
1649.990897
1649.991896
1649.992896
1649.993896
1649.994896
1649.995896
1649.996895
1649.997895
1649.998895
1649.999896
1650.000896
1650.001896
1650.002896
1650.003896
1650.004896
1650.005895
1650.006895
1650.007895
1650.008896
1650.009896
1650.010896
1650.011896
1650.012896
1650.013895
1650.014895
1650.015895
1650.016895
1650.017896
1650.018896
1650.019896
1650.020896
1650.021896
1650.022895
1650.023895
1650.024895
1650.025895
1650.026896
1650.027896
1650.028896
1650.029896
1650.030896
1650.031895
1650.032895
1650.033895
1650.034897
1650.035896
1650.036896
1650.037896
1650.038896
1650.039896
1650.040895
1650.041895
1650.042895
1650.043897
1650.044896
1650.045896
1650.046896
1650.047896
1650.048896
1650.049895
1650.050895
1650.051895
1650.052897
1650.053896
1650.054896
1650.055896
1650.056896
1650.057896
1650.058895
1650.059895
1650.060895
1650.061896
1650.062896
1650.063896
1650.064896
1650.065896
1650.066896
1650.067895
1650.068895
1650.069895
1650.070896
1650.071896
1650.072896
1650.073896
1650.074896
1650.075895
1650.076895
1650.077895
1650.078895
1650.079896
1650.080896
1650.081896
1650.082896
1650.083896
1650.084895
1650.085895
1650.086895
1650.087895
1650.088896
1650.089896
1650.090896
1650.091896
1650.092896
1650.093895
1650.094895
1650.095895
1650.096897
1650.097896
1650.098896
1650.099896
1650.100896
1650.101896
1650.102895
1650.103895
1650.104895
1650.105897
1650.106896
1650.107896
1650.108896
1650.109896
1650.110896
1650.111895
1650.112895
1650.113895
1650.114897
1650.115896
1650.116896
1650.117896
1650.118896
1650.119896
1650.120895
1650.121895
1650.122895
1650.123896
1650.124896
1650.125896
1650.126896
1650.127896
1650.128896
1650.129895
1650.130895
1650.131895
1650.132896
1650.133896
1650.134896
1650.135896
1650.136896
1650.137895
1650.138895
1650.139895
1650.140895
1650.141896
1650.142896
1650.143896
1650.144896
1650.145896
1650.146895
1650.147895
1650.148895
1650.149895
1650.150896
1650.151896
1650.152896
1650.153896
1650.154896
1650.155895
1650.156895
1650.157895
1650.158897
1650.159896
1650.160896
1650.161896
1650.162896
1650.163896
1650.164895
1650.165895
1650.166895
1650.167897
1650.168896
1650.169896
1650.170896
1650.171896
1650.172896
1650.173895
1650.174895
1650.175895
1650.176897
1650.177896
1650.178896
1650.179896
1650.180896
1650.181896
1650.182895
1650.183895
1650.184895
1650.185896
1650.186896
1650.187896
1650.188896
1650.189896
1650.190896
1650.191895
1650.200895
1650.201895
1650.202895
1650.203896
1650.204896
1650.205896
1650.206896
1650.207896
1650.208895
1650.209895
1650.210895
1650.211895
1650.212896
1650.213896
1650.214896
1650.215896
1650.216896
1650.217895
1650.218895
1650.219895
1650.220897
1650.221896
1650.222896
1650.223896
1650.224896
1650.225896
1650.226895
1650.227895
1650.228895
1650.229897
1650.230896
1650.231896
1650.232896
1650.233896
1650.234896
1650.235895
1650.236895
1650.237895
1650.238897
1650.239896
1650.240896
1650.241896
1650.242896
1650.243896
1650.244895
1650.245895
1650.246895
1650.247896
1650.248896
1650.249896
1650.250896
1650.251896
1650.252896
1650.253895
1650.254895
1650.255895
1650.256896
1650.257896
1650.258896
1650.259896
1650.260896
1650.261895
1650.262895
1650.263895
1650.264895
1650.265896
1650.266896
1650.267896
1650.268896
1650.269896
1650.270895
1650.271895
1650.272895
1650.273895
1650.274896
1650.275896
1650.276896
1650.277896
1650.278896
1650.279895
1650.280895
1650.281895
1650.282897
1650.283896
1650.284896
1650.285896
1650.286896
1650.287896
1650.288895
1650.289895
1650.290895
1650.291897
1650.292896
1650.293896
1650.294896
1650.295896
1650.296896
1650.297895
1650.298895
1650.299895
1650.300897
1650.301896
1650.302896
1650.303896
1650.304896
1650.305896
1650.306895
1650.307895
1650.308895
1650.309896
1650.310896
1650.311896
1650.312896
1650.313896
1650.314896
1650.315895
1650.316895
1650.317895
1650.318896
1650.319896
1650.320896
1650.321896
1650.322896
1650.323895
1650.324895
1650.325895
1650.326895
1650.327896
1650.328896
1650.329896
1650.330896
1650.331896
1650.332895
1650.333895
1650.334895
1650.335895
1650.336896
1650.337896
1650.338896
1650.339896
1650.340896
1650.341895
1650.342895
1650.343895
1650.344897
1650.345896
1650.346896
1650.347896
1650.348896
1650.349896
1650.350895
1650.351895
1650.352895
1650.353897
1650.354896
1650.355896
1650.356896
1650.357896
1650.358896
1650.359895
1650.360895
1650.361895
1650.362897
1650.363896
1650.364896
1650.365896
1650.366896
1650.367896
1650.368895
1650.369895
1650.370895
1650.371896
1650.372896
1650.373896
1650.374896
1650.375896
1650.376896
1650.377895
1650.378895
1650.379895
1650.380896
1650.381896
1650.382896
1650.383896
1650.384896
1650.385895
1650.386895
1650.387895
1650.388895
1650.389896
1650.390896
1650.391896
1650.392896
1650.393896
1650.394895
1650.395895
1650.396895
1650.397895
1650.398896
1650.399896
1650.400896
1650.401896
1650.402896
1650.403895
1650.404895
1650.405895
1650.406897
1650.407896
1650.408896
1650.409896
1650.410896
1650.411896
1650.412895
1650.413895
1650.414895
1650.415897
1650.416896
1650.417896
1650.418896
1650.419896
1650.420896
1650.421895
1650.422895
1650.423895
1650.424897
1650.425896
1650.426896
1650.427896
1650.428896
1650.429896
1650.430895
1650.431895
1650.432895
1650.433896
1650.434896
1650.435896
1650.436896
1650.437896
1650.438896
1650.439895
1650.440895
1650.441895
1650.442896
1650.443896
1650.444896
1650.445896
1650.446896
1650.447895
1650.448895
1650.449895
1650.450895
1650.451896
1650.452896
1650.453896
1650.454896
1650.455896
1650.456895
1650.457895
1650.458895
1650.459895
1650.460896
1650.461896
1650.462896
1650.463896
1650.464896
1650.465895
1650.466895
1650.467895
1650.468897
1650.469896
1650.470896
1650.471896
1650.472896
1650.473896
1650.474895
1650.475895
1650.476895
1650.477897
1650.478896
1650.479896
1650.480896
1650.481896
1650.482896
1650.483895
1650.484895
1650.485895
1650.486897
1650.487896
1650.488896
1650.489896
1650.490896
1650.491896
1650.492895
1650.493895
1650.494895
1650.495896
1650.496896
1650.497896
1650.498896
1650.499896
1650.500896
1650.501895
1650.502895
1650.503895
1650.504896
1650.505896
1650.506896
1650.507896
1650.508896
1650.509895
1650.510895
1650.511895
1650.512895
1650.513896
1650.514896
1650.515896
1650.516896
1650.517896
1650.518895
1650.519895
1650.520895
1650.521895
1650.522896
1650.523896
1650.524896
1650.525896
1650.526896
1650.527895
1650.528895
1650.529895
1650.530897
1650.531896
1650.532896
1650.533896
1650.534896
1650.535896
1650.536895
1650.537895
1650.538895
1650.539897
1650.540896
1650.541896
1650.542896
1650.543896
1650.544896
1650.545895
1650.546895
1650.547895
1650.548897
1650.549896
1650.550896
1650.551896
1650.552896
1650.553896
1650.554895
1650.555895
1650.556895
1650.557896
1650.558896
1650.559896
1650.560896
1650.561896
1650.562896
1650.563895
1650.564895
1650.565895
1650.566896
1650.567896
1650.568896
1650.569896
1650.570896
1650.571895
1650.572895
1650.573895
1650.574895
1650.575896
1650.576896
1650.577896
1650.578896
1650.579896
1650.580895
1650.581895
1650.582895
1650.583895
1650.584896
1650.585896
1650.586896
1650.587896
1650.588896
1650.589895
1650.590895
1650.591895
1650.592897
1650.593896
1650.594896
1650.595896
1650.596896
1650.597896
1650.598895
1650.599895
1650.600895
1650.601897
1650.602896
1650.603896
1650.604896
1650.605896
1650.606896
1650.607895
1650.608895
1650.609895
1650.610897
1650.611896
1650.612896
1650.613896
1650.614896
1650.615896
1650.616895
1650.617895
1650.618895
1650.619896
1650.620896
1650.621896
1650.622896
1650.623896
1650.624896
1650.625895
1650.626895
1650.627895
1650.628896
1650.629896
1650.630896
1650.631896
1650.632896
1650.633895
1650.634895
1650.635895
1650.636895
1650.637896
1650.638896
1650.639896
1650.640896
1650.641896
1650.642895
1650.643895
1650.644895
1650.645895
1650.646896
1650.647896
1650.648896
1650.649896
1650.650896
1650.651895
1650.652895
1650.653895
1650.654897
1650.655896
1650.656896
1650.657896
1650.658896
1650.659896
1650.660895
1650.661895
1650.662895
1650.663897
1650.664896
1650.665896
1650.666896
1650.667896
1650.668896
1650.669895
1650.670895
1650.671895
1650.672897
1650.673896
1650.674896
1650.675896
1650.676896
1650.677896
1650.678895
1650.679895
1650.680895
1650.681896
1650.682896
1650.683896
1650.684896
1650.685896
1650.686896
1650.687895
1650.688895
1650.689895
1650.690896
1650.691896
1650.692896
1650.693896
1650.694896
1650.695895
1650.696895
1650.697895
1650.698895
1650.699896
1650.700896
1650.701896
1650.702896
1650.703896
1650.704895
1650.705895
1650.706895
1650.707895
1650.708896
1650.709896
1650.710896
1650.711896
1650.712896
1650.713895
1650.714895
1650.715895
1650.716897
1650.717896
1650.718896
1650.719896
1650.720896
1650.721896
1650.722895
1650.723895
1650.724895
1650.725897
1650.726896
1650.727896
1650.728896
1650.729896
1650.730896
1650.731895
1650.732895
1650.733895
1650.734897
1650.735896
1650.736896
1650.737896
1650.738896
1650.739896
1650.740895
1650.741895
1650.742895
1650.743896
1650.744896
1650.745896
1650.746896
1650.747896
1650.748896
1650.749895
1650.750895
1650.751895
1650.752896
1650.753896
1650.754896
1650.755896
1650.756896
1650.757895
1650.758895
1650.759895
1650.760895
1650.761896
1650.762896
1650.763896
1650.764896
1650.765896
1650.766895
1650.767895
1650.768895
1650.769895
1650.770896
1650.771896
1650.772896
1650.773896
1650.774896
1650.775895
1650.776895
1650.777895
1650.778897
1650.779896
1650.780896
1650.781896
1650.782896
1650.783896
1650.784895
1650.785895
1650.786895
1650.787897
1650.788896
1650.789896
1650.790896
1650.791896
1650.792896
1650.793895
1650.794895
1650.795895
1650.796897
1650.797896
1650.798896
1650.799896
1650.800896
1650.801896
1650.802895
1650.803895
1650.804895
1650.805896
1650.806896
1650.807896
1650.808896
1650.809896
1650.810896
1650.811895
1650.812895
1650.813895
1650.814896
1650.815896
1650.816896
1650.817896
1650.818896
1650.819895
1650.820895
1650.821895
1650.822895
1650.823896
1650.824896
1650.825896
1650.826896
1650.827896
1650.828895
1650.829895
1650.830895
1650.831895
1650.832896
1650.833896
1650.834896
1650.835896
1650.836896
1650.837895
1650.838895
1650.839895
1650.840897
1650.841896
1650.842896
1650.843896
1650.844896
1650.845896
1650.846895
1650.847895
1650.848895
1650.849897
1650.850896
1650.851896
1650.852896
1650.853896
1650.854896
1650.855895
1650.856895
1650.857895
1650.858897
1650.859896
1650.860896
1650.861896
1650.862896
1650.863896
1650.864895
1650.865895
1650.866895
1650.867896
1650.868896
1650.869896
1650.870896
1650.871896
1650.872896
1650.873895
1650.874895
1650.875895
1650.876896
1650.877896
1650.878896
1650.879896
1650.880896
1650.881895
1650.882895
1650.883895
1650.884895
1650.885896
1650.886896
1650.887896
1650.888896
1650.889896
1650.890895
1650.891895
1650.892895
1650.893895
1650.894896
1650.895896
1650.896896
1650.897896
1650.898896
1650.899895
1650.900895
1650.901895
1650.902897
1650.903896
1650.904896
1650.905896
1650.906896
1650.907896
1650.908895
1650.909895
1650.910895
1650.911897
1650.912896
1650.913896
1650.914896
1650.915896
1650.916896
1650.917895
1650.918895
1650.919895
1650.920897
1650.921896
1650.922896
1650.923896
1650.924896
1650.925896
1650.926895
1650.927895
1650.928895
1650.929896
1650.930896
1650.931896
1650.932896
1650.933896
1650.934896
1650.935895
1650.936895
1650.937895
1650.938896
1650.939896
1650.940896
1650.941896
1650.942896
1650.943895
1650.944895
1650.945895
1650.946895
1650.947896
1650.948896
1650.949896
1650.950896
1650.951896
1650.952895
1650.953895
1650.954895
1650.955895
1650.956896
1650.957896
1650.958896
1650.959896
1650.960896
1650.961895
1650.962895
1650.963895
1650.964897
1650.965896
1650.966896
1650.967896
1650.968896
1650.969896
1650.970895
1650.971895
1650.972895
1650.973897
1650.974896
1650.975896
1650.976896
1650.977896
1650.978896
1650.979895
1650.980895
1650.981895
1650.982897
1650.983896
1650.984896
1650.985896
1650.986896
1650.987896
1650.988895
1650.989895
1650.990895
1650.991896
1650.992896
1650.993896
1650.994896
1650.995896
1650.996896
1650.997895
1650.998895
1650.999895
1651.000896
1651.001896
1651.002896
1651.003896
1651.004896
1651.005895
1651.006895
1651.007895
1651.008895
1651.009896
1651.010896
1651.011896
1651.012896
1651.013896
1651.014895
1651.015895
1651.016895
1651.017895
1651.018896
1651.019896
1651.020896
1651.021896
1651.022896
1651.023895
1651.024895
1651.025895
1651.026897
1651.027896
1651.028896
1651.029896
1651.030896
1651.031896
1651.032895
1651.033895
1651.034895
1651.035897
1651.036896
1651.037896
1651.038896
1651.039896
1651.040896
1651.041895
1651.042895
1651.043895
1651.044897
1651.045896
1651.046896
1651.047896
1651.048896
1651.049896
1651.050895
1651.051895
1651.052895
1651.053896
1651.054896
1651.055896
1651.056896
1651.057896
1651.058896
1651.059895
1651.060895
1651.061895
1651.062896
1651.063896
1651.064896
1651.065896
1651.066896
1651.067895
1651.068895
1651.069895
1651.070895
1651.071896
1651.072896
1651.073896
1651.074896
1651.075896
1651.076895
1651.077895
1651.078895
1651.079897
1651.080896
