3956.81521
3956.81621
3956.81721
3956.81821
3956.81921
3956.820209
3956.821211
3956.822211
3956.82321
3956.82421
3956.82521
3956.82621
3956.82721
3956.828209
3956.829209
3956.830211
3956.831211
3956.83221
3956.83321
3956.83421
3956.83521
3956.83621
3956.837209
3956.838209
3956.839211
3956.840211
3956.84121
3956.84221
3956.84321
3956.84421
3956.84521
3956.846209
3956.847209
3956.848211
3956.849211
3956.85021
3956.85121
3956.85221
3956.85321
3956.85421
3956.855209
3956.856209
3956.857211
3956.858211
3956.85921
3956.86021
3956.86121
3956.86221
3956.86321
3956.864209
3956.865211
3956.866211
3956.867211
3956.86821
3956.86921
3956.87021
3956.87121
3956.87221
3956.873209
3956.874211
3956.875211
3956.87621
3956.87721
3956.87821
3956.87921
3956.88021
3956.88121
3956.882209
3956.883211
3956.884211
3956.88521
3956.88621
3956.88721
3956.88821
3956.88921
3956.890209
3956.891209
3956.892211
3956.893211
3956.89421
3956.89521
3956.89621
3956.89721
3956.89821
3956.899209
3956.900209
3956.901211
3956.902211
3956.90321
3956.90421
3956.90521
3956.90621
3956.90721
3956.908209
3956.909209
3956.910211
3956.911211
3956.91221
3956.91321
3956.91421
3956.91521
3956.91621
3956.917209
3956.918209
3956.919211
3956.920211
3956.92121
3956.92221
3956.92321
3956.92421
3956.92521
3956.926209
3956.927211
3956.928211
3956.929211
3956.93021
3956.93121
3956.93221
3956.93321
3956.93421
3956.935209
3956.936211
3956.937211
3956.93821
3956.93921
3956.94021
3956.94121
3956.94221
3956.94321
3956.944209
3956.945211
3956.946211
3956.94721
3956.94821
3956.94921
3956.95021
3956.95121
3956.952209
3956.953209
3956.954211
3956.955211
3956.95621
3956.95721
3956.95821
3956.95921
3956.96021
3956.961209
3956.962209
3956.963211
3956.964211
3956.96521
3956.96621
3956.96721
3956.96821
3956.96921
3956.970209
3956.971209
3956.972211
3956.973211
3956.97421
3956.97521
3956.97621
3956.97721
3956.97821
3956.979209
3956.980209
3956.981211
3956.982211
3956.98321
3956.98421
3956.98521
3956.98621
3956.98721
3956.988209
3956.989211
3956.990211
3956.991211
3956.99221
3956.99321
3956.99421
3956.99521
3956.99621
3956.997209
3956.998211
3956.999211
3957.00021
3957.00121
3957.00221
3957.00321
3957.00421
3957.00521
3957.006209
3957.007211
3957.008211
3957.00921
3957.01021
3957.01121
3957.01221
3957.01321
3957.014209
3957.015209
3957.016211
3957.017211
3957.01821
3957.01921
3957.02021
3957.02121
3957.02221
3957.023209
3957.024209
3957.025211
3957.026211
3957.02721
3957.02821
3957.02921
3957.03021
3957.03121
3957.032209
3957.033209
3957.034211
3957.035211
3957.03621
3957.03721
3957.03821
3957.03921
3957.04021
3957.041209
3957.042209
3957.043211
3957.044211
3957.04521
3957.04621
3957.04721
3957.04821
3957.04921
3957.050209
3957.051211
3957.052211
3957.053211
3957.05421
3957.05521
3957.05621
3957.05721
3957.05821
3957.059209
3957.060211
3957.061211
3957.06221
3957.06321
3957.06421
3957.06521
3957.06621
3957.06721
3957.068209
3957.069211
3957.070211
3957.07121
3957.07221
3957.07321
3957.07421
3957.07521
3957.076209
3957.077209
3957.078211
3957.079211
3957.08021
3957.08121
3957.08221
3957.08321
3957.08421
3957.085209
3957.086209
3957.087211
3957.088211
3957.08921
3957.09021
3957.09121
3957.09221
3957.09321
3957.094209
3957.095209
3957.096211
3957.097211
3957.09821
3957.09921
3957.10021
3957.10121
3957.10221
3957.103209
3957.104209
3957.105211
3957.106211
3957.10721
3957.10821
3957.10921
3957.11021
3957.11121
3957.112209
3957.113211
3957.114211
3957.115211
3957.11621
3957.11721
3957.11821
3957.11921
3957.12021
3957.121209
3957.122211
3957.123211
3957.12421
3957.12521
3957.12621
3957.12721
3957.12821
3957.12921
3957.130209
3957.131211
3957.132211
3957.13321
3957.13421
3957.13521
3957.13621
3957.13721
3957.138209
3957.139209
3957.140211
3957.141211
3957.14221
3957.14321
3957.14421
3957.14521
3957.14621
3957.147209
3957.148209
3957.149211
3957.150211
3957.15121
3957.15221
3957.15321
3957.15421
3957.15521
3957.156209
3957.157209
3957.158211
3957.159211
3957.16021
3957.16121
3957.16221
3957.16321
3957.16421
3957.165209
3957.166209
3957.167211
3957.168211
3957.16921
3957.17021
3957.17121
3957.17221
3957.17321
3957.174209
3957.175211
3957.176211
3957.177211
3957.17821
3957.17921
3957.18021
3957.18121
3957.18221
3957.183209
3957.184211
3957.185211
3957.18621
3957.18721
3957.18821
3957.18921
3957.19021
3957.19121
3957.192209
3957.193211
3957.194211
3957.19521
3957.19621
3957.19721
3957.19821
3957.19921
3957.200209
3957.201209
3957.202211
3957.203211
3957.20421
3957.20521
3957.20621
3957.20721
3957.20821
3957.209209
3957.210209
3957.211211
3957.212211
3957.21321
3957.21421
3957.21521
3957.21621
3957.21721
3957.218209
3957.219209
3957.220211
3957.221211
3957.22221
3957.22321
3957.22421
3957.22521
3957.22621
3957.227209
3957.228209
3957.229211
3957.230211
3957.23121
3957.23221
3957.23321
3957.23421
3957.23521
3957.236209
3957.237211
3957.238211
3957.239211
3957.24021
3957.24121
3957.24221
3957.24321
3957.24421
3957.245209
3957.246211
3957.247211
3957.24821
3957.24921
3957.25021
3957.25121
3957.25221
3957.25321
3957.254209
3957.255211
3957.256211
3957.25721
3957.25821
3957.25921
3957.26021
3957.26121
3957.262209
3957.263209
3957.264211
3957.265211
3957.26621
3957.26721
3957.26821
3957.26921
3957.27021
3957.271209
3957.272209
3957.273211
3957.274211
3957.27521
3957.27621
3957.27721
3957.27821
3957.27921
3957.280209
3957.281209
3957.282211
3957.283211
3957.28421
3957.28521
3957.28621
3957.28721
3957.28821
3957.289209
3957.290209
3957.291211
3957.292211
3957.29321
3957.29421
3957.29521
3957.29621
3957.29721
3957.298209
3957.299211
3957.300211
3957.301211
3957.30221
3957.30321
3957.30421
3957.30521
3957.30621
3957.307209
3957.308211
3957.309211
3957.31021
3957.31121
3957.31221
3957.31321
3957.31421
3957.31521
3957.316209
3957.317211
3957.318211
3957.31921
3957.32021
3957.32121
3957.32221
3957.32321
3957.324209
3957.325209
3957.326211
3957.327211
3957.32821
3957.32921
3957.33021
3957.33121
3957.33221
3957.333209
3957.334209
3957.335211
3957.336211
3957.33721
3957.33821
3957.33921
3957.34021
3957.34121
3957.342209
3957.343209
3957.344211
3957.345211
3957.34621
3957.34721
3957.34821
3957.34921
3957.35021
3957.351209
3957.352209
3957.353211
3957.354211
3957.35521
3957.35621
3957.35721
3957.35821
3957.35921
3957.360209
3957.361211
3957.362211
3957.363211
3957.36421
3957.36521
3957.36621
3957.36721
3957.36821
3957.369209
3957.370211
3957.371211
3957.37221
3957.37321
3957.37421
3957.37521
3957.37621
3957.37721
3957.378209
3957.379211
3957.380211
3957.38121
3957.38221
3957.38321
3957.38421
3957.38521
3957.386209
3957.387209
3957.388211
3957.389211
3957.39021
3957.39121
3957.39221
3957.39321
3957.39421
3957.395209
3957.396209
3957.397211
3957.398211
3957.39921
3957.40021
3957.40121
3957.40221
3957.40321
3957.404209
3957.405209
3957.406211
3957.407211
3957.40821
3957.40921
3957.41021
3957.41121
3957.41221
3957.413209
3957.414209
3957.415211
3957.416211
3957.41721
3957.41821
3957.41921
3957.42021
3957.42121
3957.422209
3957.423211
3957.424211
3957.425211
3957.42621
3957.42721
3957.42821
3957.42921
3957.43021
3957.431209
3957.432211
3957.433211
3957.43421
3957.43521
3957.43621
3957.43721
3957.43821
3957.43921
3957.440209
3957.441211
3957.442211
3957.44321
3957.44421
3957.44521
3957.44621
3957.44721
3957.448209
3957.449209
3957.450211
3957.451211
3957.45221
3957.45321
3957.45421
3957.45521
3957.45621
3957.457209
3957.458209
3957.459211
3957.460211
3957.46121
3957.46221
3957.46321
3957.46421
3957.46521
3957.466209
3957.467209
3957.468211
3957.469211
3957.47021
3957.47121
3957.47221
3957.47321
3957.47421
3957.475209
3957.476209
3957.477211
3957.478211
3957.47921
3957.48021
3957.48121
3957.48221
3957.48321
3957.484209
3957.485211
3957.486211
3957.487211
3957.48821
3957.48921
3957.49021
3957.49121
3957.49221
3957.493209
3957.494211
3957.495211
3957.49621
3957.49721
3957.49821
3957.49921
3957.50021
3957.501209
3957.502209
3957.503211
3957.504211
3957.50521
3957.50621
3957.50721
3957.50821
3957.50921
3957.510209
3957.511209
3957.512211
3957.513211
3957.51421
3957.51521
3957.51621
3957.51721
3957.51821
3957.519209
3957.520209
3957.521211
3957.522211
3957.52321
3957.52421
3957.52521
3957.52621
3957.52721
3957.528209
3957.529209
3957.530211
3957.531211
3957.53221
3957.53321
3957.53421
3957.53521
3957.53621
3957.537209
3957.538209
3957.539211
3957.540211
3957.54121
3957.54221
3957.54321
3957.54421
3957.54521
3957.546209
3957.547211
3957.548211
3957.549211
3957.55021
3957.55121
3957.55221
3957.55321
3957.55421
3957.555209
3957.556211
3957.557211
3957.55821
3957.55921
3957.56021
3957.56121
3957.56221
3957.56321
3957.564209
3957.565211
3957.566211
3957.56721
3957.56821
3957.56921
3957.57021
3957.57121
3957.572209
3957.573209
3957.574211
3957.575211
3957.57621
3957.57721
3957.57821
3957.57921
3957.58021
3957.581209
3957.582209
3957.583211
3957.584211
3957.58521
3957.58621
3957.58721
3957.58821
3957.58921
3957.590209
3957.591209
3957.592211
3957.593211
3957.59421
3957.59521
3957.59621
3957.59721
3957.59821
3957.599209
3957.600209
3957.601211
3957.602211
3957.60321
3957.60421
3957.60521
3957.60621
3957.60721
3957.608209
3957.609211
3957.610211
3957.611211
3957.61221
3957.61321
3957.61421
3957.61521
3957.61621
3957.617209
3957.618211
3957.619211
3957.62021
3957.62121
3957.62221
3957.62321
3957.62421
3957.62521
3957.626209
3957.627211
3957.628211
3957.62921
3957.63021
3957.63121
3957.63221
3957.63321
3957.634209
3957.635209
3957.636211
3957.637211
3957.63821
3957.63921
3957.64021
3957.64121
3957.64221
3957.643209
3957.644209
3957.645211
3957.646211
3957.64721
3957.64821
3957.64921
3957.65021
3957.65121
3957.652209
3957.653209
3957.654211
3957.655211
3957.65621
3957.65721
3957.65821
3957.65921
3957.66021
3957.661209
3957.662209
3957.663211
3957.664211
3957.66521
3957.66621
3957.66721
3957.66821
3957.66921
3957.670209
3957.671211
3957.672211
3957.673211
3957.67421
3957.67521
3957.67621
3957.67721
3957.67821
3957.679209
3957.680211
3957.681211
3957.68221
3957.68321
3957.68421
3957.68521
3957.68621
3957.68721
3957.688209
3957.689211
3957.690211
3957.69121
3957.69221
3957.69321
3957.69421
3957.69521
3957.696209
3957.697209
3957.698211
3957.699211
3957.70021
3957.70121
3957.70221
3957.70321
3957.70421
3957.705209
3957.706209
3957.707211
3957.708211
3957.70921
3957.71021
3957.71121
3957.71221
3957.71321
3957.714209
3957.715209
3957.716211
3957.717211
3957.71821
3957.71921
3957.72021
3957.72121
3957.72221
3957.723209
3957.724209
3957.725211
3957.726211
3957.72721
3957.72821
3957.72921
3957.73021
3957.73121
3957.732209
3957.733211
3957.734211
3957.73521
3957.73621
3957.73721
3957.73821
3957.73921
3957.74021
3957.741209
3957.742211
3957.743211
3957.74421
3957.74521
3957.74621
3957.74721
3957.74821
3957.74921
3957.750209
3957.751211
3957.752211
3957.75321
3957.75421
3957.75521
3957.75621
3957.75721
3957.758209
3957.759209
3957.760211
3957.761211
3957.76221
3957.76321
3957.76421
3957.76521
3957.76621
3957.767209
3957.768209
3957.769211
3957.770211
3957.77121
3957.77221
3957.77321
3957.77421
3957.77521
3957.776209
3957.777209
3957.778211
3957.779211
3957.78021
3957.78121
3957.78221
3957.78321
3957.78421
3957.785209
3957.786209
3957.787211
3957.788211
3957.78921
3957.79021
3957.79121
3957.79221
3957.79321
3957.794209
3957.795211
3957.796211
3957.797211
3957.79821
3957.79921
3957.80021
3957.80121
3957.80221
3957.803209
3957.804211
3957.805211
3957.80621
3957.80721
3957.80821
3957.80921
3957.81021
3957.81121
3957.812209
3957.813211
3957.814211
3957.81521
3957.81621
3957.81721
3957.81821
3957.81921
3957.820209
3957.821209
3957.822211
3957.823211
3957.82421
3957.82521
3957.82621
3957.82721
3957.82821
3957.829209
3957.830209
3957.831211
3957.832211
3957.83321
3957.83421
3957.83521
3957.83621
3957.83721
3957.838209
3957.839209
3957.840211
3957.841211
3957.84221
3957.84321
3957.84421
3957.84521
3957.84621
3957.847209
3957.848209
3957.849211
3957.850211
3957.85121
3957.85221
3957.85321
3957.85421
3957.85521
3957.856209
3957.857211
3957.858211
3957.85921
3957.86021
3957.86121
3957.86221
3957.86321
3957.86421
3957.865209
3957.866211
3957.867211
3957.86821
3957.86921
3957.87021
3957.87121
3957.87221
3957.87321
3957.874209
3957.875211
3957.876211
3957.87721
3957.87821
3957.87921
3957.88021
3957.88121
3957.882209
3957.883209
3957.884211
3957.885211
3957.88621
3957.88721
3957.88821
3957.88921
3957.89021
3957.891209
3957.892209
3957.893211
3957.894211
3957.89521
3957.89621
3957.89721
3957.89821
3957.89921
3957.900209
3957.901209
3957.902211
3957.903211
3957.90421
3957.90521
3957.90621
3957.90721
3957.90821
3957.909209
3957.910209
3957.911211
3957.912211
3957.91321
3957.91421
3957.91521
3957.91621
3957.91721
3957.918209
3957.919211
3957.920211
3957.921211
3957.92221
3957.92321
3957.92421
3957.92521
3957.92621
3957.927209
3957.928211
3957.929211
3957.93021
3957.93121
3957.93221
3957.93321
3957.93421
3957.93521
3957.936209
3957.937211
3957.938211
3957.93921
3957.94021
3957.94121
3957.94221
3957.94321
3957.944209
3957.945209
3957.946211
3957.947211
3957.94821
3957.94921
3957.95021
3957.95121
3957.95221
3957.953209
3957.954209
3957.955211
3957.956211
3957.95721
3957.95821
3957.95921
3957.96021
3957.96121
3957.962209
3957.963209
3957.964211
3957.965211
3957.96621
3957.96721
3957.96821
3957.96921
3957.97021
3957.971209
3957.972209
3957.973211
3957.974211
3957.97521
3957.97621
3957.97721
3957.97821
3957.97921
3957.980209
3957.981211
3957.982211
3957.983211
3957.98421
3957.98521
3957.98621
3957.98721
3957.98821
3957.989209
3957.990211
3957.991211
3957.99221
3957.99321
3957.99421
3957.99521
3957.99621
3957.997209
3957.998209
3957.999211
3958.000211
3958.00121
3958.00221
3958.00321
3958.00421
3958.00521
3958.006209
3958.007209
3958.008211
3958.009211
3958.01021
3958.01121
3958.01221
3958.01321
3958.01421
3958.015209
3958.016209
3958.017211
3958.018211
3958.01921
3958.02021
3958.02121
3958.02221
3958.02321
3958.024209
3958.025209
3958.026211
3958.027211
3958.02821
3958.02921
3958.03021
3958.03121
3958.03221
3958.033209
3958.034209
3958.035211
3958.036211
3958.03721
3958.03821
3958.03921
3958.04021
3958.04121
3958.042209
3958.043211
3958.044211
3958.045211
3958.04621
3958.04721
3958.04821
3958.04921
3958.05021
3958.051209
3958.052211
3958.053211
3958.05421
3958.05521
3958.05621
3958.05721
3958.05821
3958.05921
3958.060209
3958.061211
3958.062211
3958.06321
3958.06421
3958.06521
3958.06621
3958.06721
3958.068209
3958.069209
3958.070211
3958.071211
3958.07221
3958.07321
3958.07421
3958.07521
3958.07621
3958.077209
3958.078209
3958.079211
3958.080211
3958.08121
3958.08221
3958.08321
3958.08421
3958.08521
3958.086209
3958.087209
3958.088211
3958.089211
3958.09021
3958.09121
3958.09221
3958.09321
3958.09421
3958.095209
3958.096209
3958.097211
3958.098211
3958.09921
3958.10021
3958.10121
3958.10221
3958.10321
3958.104209
3958.105211
3958.106211
3958.107211
3958.10821
3958.10921
3958.11021
3958.11121
3958.11221
3958.113209
3958.114211
3958.115211
3958.11621
3958.11721
3958.11821
3958.11921
3958.12021
3958.12121
3958.122209
3958.123211
3958.124211
3958.12521
3958.12621
3958.12721
3958.12821
3958.12921
3958.130209
3958.131209
3958.132211
3958.133211
3958.13421
3958.13521
3958.13621
3958.13721
3958.13821
3958.139209
3958.140209
3958.141211
3958.142211
3958.14321
3958.14421
3958.14521
3958.14621
3958.14721
3958.148209
3958.149209
3958.150211
3958.151211
3958.15221
3958.15321
3958.15421
3958.15521
3958.15621
3958.157209
3958.158209
3958.159211
3958.160211
3958.16121
3958.16221
3958.16321
3958.16421
3958.16521
3958.166209
3958.167211
3958.168211
3958.169211
3958.17021
3958.17121
3958.17221
3958.17321
3958.17421
3958.175209
3958.176211
3958.177211
3958.17821
3958.17921
3958.18021
3958.18121
3958.18221
3958.18321
3958.184209
3958.185211
3958.186211
3958.18721
3958.18821
3958.18921
3958.19021
3958.19121
3958.192209
3958.193209
3958.194211
3958.195211
3958.19621
3958.19721
3958.19821
3958.19921
3958.20021
3958.201209
3958.202209
3958.203211
3958.204211
3958.20521
3958.20621
3958.20721
3958.20821
3958.20921
3958.210209
3958.211209
3958.212211
3958.213211
3958.21421
3958.21521
3958.21621
3958.21721
3958.21821
3958.219209
3958.220209
3958.221211
3958.222211
3958.22321
3958.22421
3958.22521
3958.22621
3958.22721
3958.228209
3958.229211
3958.230211
3958.231211
3958.23221
3958.23321
3958.23421
3958.23521
3958.23621
3958.237209
3958.238211
3958.239211
3958.24021
3958.24121
3958.24221
3958.24321
3958.24421
3958.24521
3958.246209
3958.247211
3958.248211
3958.24921
3958.25021
3958.25121
3958.25221
3958.25321
3958.254209
3958.255209
3958.256211
3958.257211
3958.25821
3958.25921
3958.26021
3958.26121
3958.26221
3958.263209
3958.264209
3958.265211
3958.266211
3958.26721
3958.26821
3958.26921
3958.27021
3958.27121
3958.272209
3958.273209
3958.274211
3958.275211
3958.27621
3958.27721
3958.27821
3958.27921
3958.28021
3958.281209
3958.282209
3958.283211
3958.284211
3958.28521
3958.28621
3958.28721
3958.28821
3958.28921
3958.290209
3958.291211
3958.292211
3958.293211
3958.29421
3958.29521
3958.29621
3958.29721
3958.29821
3958.299209
3958.300211
3958.301211
3958.30221
3958.30321
3958.30421
3958.30521
3958.30621
3958.30721
3958.308209
3958.309211
3958.310211
3958.31121
3958.31221
3958.31321
3958.31421
3958.31521
3958.316209
3958.317209
3958.318211
3958.319211
3958.32021
3958.32121
3958.32221
3958.32321
3958.32421
3958.325209
3958.326209
3958.327211
3958.328211
3958.32921
3958.33021
3958.33121
3958.33221
3958.33321
3958.334209
3958.335209
3958.336211
3958.337211
3958.33821
3958.33921
3958.34021
3958.34121
3958.34221
3958.343209
3958.344209
3958.345211
3958.346211
3958.34721
3958.34821
3958.34921
3958.35021
3958.35121
3958.352209
3958.353211
3958.354211
3958.355211
3958.35621
3958.35721
3958.35821
3958.35921
3958.36021
3958.361209
3958.362211
3958.363211
3958.36421
3958.36521
3958.36621
3958.36721
3958.36821
3958.36921
3958.370209
3958.371211
3958.372211
3958.37321
3958.37421
3958.37521
3958.37621
3958.37721
3958.378209
3958.379209
3958.380211
3958.381211
3958.38221
3958.38321
3958.38421
3958.38521
3958.38621
3958.387209
3958.388209
3958.389211
3958.390211
3958.39121
3958.39221
3958.39321
3958.39421
3958.39521
3958.396209
3958.397209
3958.398211
3958.399211
3958.40021
3958.40121
3958.40221
3958.40321
3958.40421
3958.405209
3958.406209
3958.407211
3958.408211
3958.40921
3958.41021
3958.41121
3958.41221
3958.41321
3958.414209
3958.415211
3958.416211
3958.417211
3958.41821
3958.41921
3958.42021
3958.42121
3958.42221
3958.423209
3958.424211
3958.425211
3958.42621
3958.42721
3958.42821
3958.42921
3958.43021
3958.43121
3958.432209
3958.433211
3958.434211
3958.43521
3958.43621
3958.43721
3958.43821
3958.43921
3958.440209
3958.441209
3958.442211
3958.443211
3958.44421
3958.44521
3958.44621
3958.44721
3958.44821
3958.449209
3958.450209
3958.451211
3958.452211
3958.45321
3958.45421
3958.45521
3958.45621
3958.45721
3958.458209
3958.459209
3958.460211
3958.461211
3958.46221
3958.46321
3958.46421
3958.46521
3958.46621
3958.467209
3958.468209
3958.469211
3958.470211
3958.47121
3958.47221
3958.47321
3958.47421
3958.47521
3958.476209
3958.477211
3958.478211
3958.479211
3958.48021
3958.48121
3958.48221
3958.48321
3958.48421
3958.485209
3958.486211
3958.487211
3958.48821
3958.48921
3958.49021
3958.49121
3958.49221
3958.49321
3958.494209
3958.495211
3958.496211
3958.49721
3958.49821
3958.49921
3958.50021
3958.50121
3958.502209
3958.503209
3958.504211
3958.505211
3958.50621
3958.50721
3958.50821
3958.50921
3958.51021
3958.511209
3958.512209
3958.513211
3958.514211
3958.51521
3958.51621
3958.51721
3958.51821
3958.51921
3958.520209
3958.521209
3958.522211
3958.523211
3958.52421
3958.52521
3958.52621
3958.52721
3958.52821
3958.529209
3958.530209
3958.531211
3958.532211
3958.53321
3958.53421
3958.53521
3958.53621
3958.53721
3958.538209
3958.539211
3958.540211
3958.541211
3958.54221
3958.54321
3958.54421
3958.54521
3958.54621
3958.547209
3958.548211
3958.549211
3958.55021
3958.55121
3958.55221
3958.55321
3958.55421
3958.55521
3958.556209
3958.557211
3958.558211
3958.55921
3958.56021
3958.56121
3958.56221
3958.56321
3958.564209
3958.565209
3958.566211
3958.567211
3958.56821
3958.56921
3958.57021
3958.57121
3958.57221
3958.573209
3958.574209
3958.575211
3958.576211
3958.57721
3958.57821
3958.57921
3958.58021
3958.58121
3958.582209
3958.583209
3958.584211
3958.585211
3958.58621
3958.58721
3958.58821
3958.58921
3958.59021
3958.591209
3958.592209
3958.593211
3958.594211
3958.59521
3958.59621
3958.59721
3958.59821
3958.59921
3958.600209
3958.601211
3958.602211
3958.60321
3958.60421
3958.60521
3958.60621
3958.60721
3958.60821
3958.609209
3958.610211
3958.611211
3958.61221
3958.61321
3958.61421
3958.61521
3958.61621
3958.61721
3958.618209
3958.619211
3958.620211
3958.62121
3958.62221
3958.62321
3958.62421
3958.62521
3958.626209
3958.627209
3958.628211
3958.629211
3958.63021
3958.63121
3958.63221
3958.63321
3958.63421
3958.635209
3958.636209
3958.637211
3958.638211
3958.63921
3958.64021
3958.64121
3958.64221
3958.64321
3958.644209
3958.645209
3958.646211
3958.647211
3958.64821
3958.64921
3958.65021
3958.65121
3958.65221
3958.653209
3958.654209
3958.655211
3958.656211
3958.65721
3958.65821
3958.65921
3958.66021
3958.66121
3958.662209
3958.663211
3958.664211
3958.665211
3958.66621
3958.66721
3958.66821
3958.66921
3958.67021
3958.671209
3958.672211
3958.673211
3958.67421
3958.67521
3958.67621
3958.67721
3958.67821
3958.67921
3958.680209
3958.681211
3958.682211
3958.68321
3958.68421
3958.68521
3958.68621
3958.68721
3958.688209
3958.689209
3958.690211
3958.691211
3958.69221
3958.69321
3958.69421
3958.69521
3958.69621
3958.697209
3958.698209
3958.699211
3958.700211
3958.70121
3958.70221
3958.70321
3958.70421
3958.70521
3958.706209
3958.707209
3958.708211
3958.709211
3958.71021
3958.71121
3958.71221
3958.71321
3958.71421
3958.715209
3958.716209
3958.717211
3958.718211
3958.71921
3958.72021
3958.72121
3958.72221
3958.72321
3958.724209
3958.725211
3958.726211
3958.727211
3958.72821
3958.72921
3958.73021
3958.73121
3958.73221
3958.733209
3958.734211
3958.735211
3958.73621
3958.73721
3958.73821
3958.73921
3958.74021
3958.74121
3958.742209
3958.743211
3958.744211
3958.74521
3958.74621
3958.74721
3958.74821
3958.74921
3958.750209
3958.751209
3958.752211
3958.753211
3958.75421
3958.75521
3958.75621
3958.75721
3958.75821
3958.759209
3958.760209
3958.761211
3958.762211
3958.76321
3958.76421
3958.76521
3958.76621
3958.76721
3958.768209
3958.769209
3958.770211
3958.771211
3958.77221
3958.77321
3958.77421
3958.77521
3958.77621
3958.777209
3958.778209
3958.779211
3958.780211
3958.78121
3958.78221
3958.78321
3958.78421
3958.78521
3958.786209
3958.787211
3958.788211
3958.789211
3958.79021
3958.79121
3958.79221
3958.79321
3958.79421
3958.795209
3958.796211
3958.797211
3958.79821
3958.79921
3958.80021
3958.80121
3958.80221
3958.80321
3958.804209
3958.805211
3958.806211
3958.80721
3958.80821
3958.80921
3958.81021
3958.81121
3958.812209
3958.813209
3958.814211
3958.815211
3958.81621
3958.81721
3958.81821
3958.81921
3958.82021
3958.821209
3958.822209
3958.823211
3958.824211
3958.82521
3958.82621
3958.82721
3958.82821
3958.82921
3958.830209
3958.831209
3958.832211
3958.833211
3958.83421
3958.83521
3958.83621
3958.83721
3958.83821
3958.839209
3958.840209
3958.841211
3958.842211
3958.84321
3958.84421
3958.84521
3958.84621
3958.84721
3958.848209
3958.849211
3958.850211
3958.851211
3958.85221
3958.85321
3958.85421
3958.85521
3958.85621
3958.857209
3958.858211
3958.859211
3958.86021
3958.86121
3958.86221
3958.86321
3958.86421
3958.86521
3958.866209
3958.867211
3958.868211
3958.86921
3958.87021
3958.87121
3958.87221
3958.87321
3958.874209
3958.875209
3958.876211
3958.877211
3958.87821
3958.87921
3958.88021
3958.88121
3958.88221
3958.883209
3958.884209
3958.885211
3958.886211
3958.88721
3958.88821
3958.88921
3958.89021
3958.89121
3958.892209
3958.893209
3958.894211
3958.895211
3958.89621
3958.89721
3958.89821
3958.89921
3958.90021
3958.901209
3958.902209
3958.903211
3958.904211
3958.90521
3958.90621
3958.90721
3958.90821
3958.90921
3958.910209
3958.911211
3958.912211
3958.913211
3958.91421
3958.91521
3958.91621
3958.91721
3958.91821
3958.919209
3958.920211
3958.921211
3958.92221
3958.92321
3958.92421
3958.92521
3958.92621
3958.92721
3958.928209
3958.929211
3958.930211
3958.93121
3958.93221
3958.93321
3958.93421
3958.93521
3958.936209
3958.937209
3958.938211
3958.939211
3958.94021
3958.94121
3958.94221
3958.94321
3958.94421
3958.945209
3958.946209
3958.947211
3958.948211
3958.94921
3958.95021
3958.95121
3958.95221
3958.95321
3958.954209
3958.955209
3958.956211
3958.957211
3958.95821
3958.95921
3958.96021
3958.96121
3958.96221
3958.963209
3958.964209
3958.965211
3958.966211
3958.96721
3958.96821
3958.96921
3958.97021
3958.97121
3958.972209
3958.973211
3958.974211
3958.975211
3958.97621
3958.97721
3958.97821
3958.97921
3958.98021
3958.981209
3958.982211
3958.983211
3958.98421
3958.98521
3958.98621
3958.98721
3958.98821
3958.98921
3958.990209
3958.991211
3958.992211
3958.99321
3958.99421
3958.99521
3958.99621
3958.99721
3958.998209
3958.999209
3959.000211
3959.001211
3959.00221
3959.00321
3959.00421
3959.00521
3959.00621
3959.007209
3959.008209
3959.009211
3959.010211
3959.01121
3959.01221
3959.01321
3959.01421
3959.01521
3959.016209
3959.017209
3959.018211
3959.019211
3959.02021
3959.02121
3959.02221
3959.02321
3959.02421
3959.025209
3959.026209
3959.027211
3959.028211
3959.02921
3959.03021
3959.03121
3959.03221
3959.03321
3959.034209
3959.035211
3959.036211
3959.037211
3959.03821
3959.03921
3959.04021
3959.04121
3959.04221
3959.043209
3959.044211
3959.045211
3959.04621
3959.04721
3959.04821
3959.04921
3959.05021
3959.05121
3959.052209
3959.053211
3959.054211
3959.05521
3959.05621
3959.05721
3959.05821
3959.05921
3959.060209
3959.061209
3959.062211
3959.063211
3959.06421
3959.06521
3959.06621
3959.06721
3959.06821
3959.069209
3959.070209
3959.071211
3959.072211
3959.07321
3959.07421
3959.07521
3959.07621
3959.07721
3959.078209
3959.079209
3959.080211
3959.081211
3959.08221
3959.08321
3959.08421
3959.08521
3959.08621
3959.087209
3959.088209
3959.089211
3959.090211
3959.09121
3959.09221
3959.09321
3959.09421
3959.09521
3959.096209
3959.097211
3959.098211
3959.099211
3959.10021
3959.10121
3959.10221
3959.10321
3959.10421
3959.105209
3959.106211
3959.107211
3959.10821
3959.10921
3959.11021
3959.11121
3959.11221
3959.11321
3959.114209
3959.115211
3959.116211
3959.11721
3959.11821
3959.11921
3959.12021
3959.12121
3959.122209
3959.123209
3959.124211
3959.125211
3959.12621
3959.12721
3959.12821
3959.12921
3959.13021
3959.131209
3959.132209
3959.133211
3959.134211
3959.13521
3959.13621
3959.13721
3959.13821
3959.13921
3959.140209
3959.141209
3959.142211
3959.143211
3959.14421
3959.14521
3959.14621
3959.14721
3959.14821
3959.149209
3959.150209
3959.151211
3959.152211
3959.15321
3959.15421
3959.15521
3959.15621
3959.15721
3959.158209
3959.159211
3959.160211
3959.161211
3959.16221
3959.16321
3959.16421
3959.16521
3959.16621
3959.167209
3959.168211
3959.169211
3959.17021
3959.17121
3959.17221
3959.17321
3959.17421
3959.17521
3959.176209
3959.177211
3959.178211
3959.17921
3959.18021
3959.18121
3959.18221
3959.18321
3959.184209
3959.185209
3959.186211
3959.187211
3959.18821
3959.18921
3959.19021
3959.19121
3959.19221
3959.193209
3959.194209
3959.195211
3959.196211
3959.19721
3959.19821
3959.19921
3959.20021
3959.20121
3959.202209
3959.203209
3959.204211
3959.205211
3959.20621
3959.20721
3959.20821
3959.20921
3959.21021
3959.211209
3959.212209
3959.213211
3959.214211
3959.21521
3959.21621
3959.21721
3959.21821
3959.21921
3959.220209
3959.221211
3959.222211
3959.223211
3959.22421
3959.22521
3959.22621
3959.22721
3959.22821
3959.229209
3959.230211
3959.231211
3959.23221
3959.23321
3959.23421
3959.23521
3959.23621
3959.23721
3959.238209
3959.239211
3959.240211
3959.24121
3959.24221
3959.24321
3959.24421
3959.24521
3959.246209
3959.247209
3959.248211
3959.249211
3959.25021
3959.25121
3959.25221
3959.25321
3959.25421
3959.255209
3959.256209
3959.257211
3959.258211
3959.25921
3959.26021
3959.26121
3959.26221
3959.26321
3959.264209
3959.265209
3959.266211
3959.267211
3959.26821
3959.26921
3959.27021
3959.27121
3959.27221
3959.273209
3959.274209
3959.275211
3959.276211
3959.27721
3959.27821
3959.27921
3959.28021
3959.28121
3959.282209
3959.283211
3959.284211
3959.285211
3959.28621
3959.28721
3959.28821
3959.28921
3959.29021
3959.291209
3959.292211
3959.293211
3959.29421
3959.29521
3959.29621
3959.29721
3959.29821
3959.29921
3959.300209
3959.301211
3959.302211
3959.30321
3959.30421
3959.30521
3959.30621
3959.30721
3959.308209
3959.309209
3959.310211
3959.311211
3959.31221
3959.31321
3959.31421
3959.31521
3959.31621
3959.317209
3959.318209
3959.319211
3959.320211
3959.32121
3959.32221
3959.32321
3959.32421
3959.32521
3959.326209
3959.327209
3959.328211
3959.329211
3959.33021
3959.33121
3959.33221
3959.33321
3959.33421
3959.335209
3959.336209
3959.337211
3959.338211
3959.33921
3959.34021
3959.34121
3959.34221
3959.34321
3959.344209
3959.345211
3959.346211
3959.347211
3959.34821
3959.34921
3959.35021
3959.35121
3959.35221
3959.353209
3959.354211
3959.355211
3959.35621
3959.35721
3959.35821
3959.35921
3959.36021
3959.36121
3959.362209
3959.363211
3959.364211
3959.36521
3959.36621
3959.36721
3959.36821
3959.36921
3959.370209
3959.371209
3959.372211
3959.373211
3959.37421
3959.37521
3959.37621
3959.37721
3959.37821
3959.379209
3959.380209
3959.381211
3959.382211
3959.38321
3959.38421
3959.38521
3959.38621
3959.38721
3959.388209
3959.389209
3959.390211
3959.391211
3959.39221
3959.39321
3959.39421
3959.39521
3959.39621
3959.397209
3959.398209
3959.399211
3959.400211
3959.40121
3959.40221
3959.40321
3959.40421
3959.40521
3959.406209
3959.407211
3959.408211
3959.409211
3959.41021
3959.41121
3959.41221
3959.41321
3959.41421
3959.415209
3959.416211
3959.417211
3959.41821
3959.41921
3959.42021
3959.42121
3959.42221
3959.42321
3959.424209
3959.425211
3959.426211
3959.42721
3959.42821
3959.42921
3959.43021
3959.43121
3959.432209
3959.433209
3959.434211
3959.435211
3959.43621
3959.43721
3959.43821
3959.43921
3959.44021
3959.441209
3959.442209
3959.443211
3959.444211
3959.44521
3959.44621
3959.44721
3959.44821
3959.44921
3959.450209
3959.451209
3959.452211
3959.453211
3959.45421
3959.45521
3959.45621
3959.45721
3959.45821
3959.459209
3959.460209
3959.461211
3959.462211
3959.46321
3959.46421
3959.46521
3959.46621
3959.46721
3959.468209
3959.469211
3959.470211
3959.471211
3959.47221
3959.47321
3959.47421
3959.47521
3959.47621
3959.477209
3959.478211
3959.479211
3959.48021
3959.48121
3959.48221
3959.48321
3959.48421
3959.48521
3959.486209
3959.487211
3959.488211
3959.48921
3959.49021
3959.49121
3959.49221
3959.49321
3959.494209
3959.495209
3959.496211
3959.497211
3959.49821
3959.49921
3959.50021
3959.50121
3959.50221
3959.503209
3959.504209
3959.505211
3959.506211
3959.50721
3959.50821
3959.50921
3959.51021
3959.51121
3959.512209
3959.513209
3959.514211
3959.515211
3959.51621
3959.51721
3959.51821
3959.51921
3959.52021
3959.521209
3959.522209
3959.523211
3959.524211
3959.52521
3959.52621
3959.52721
3959.52821
3959.52921
3959.530209
3959.531211
3959.532211
3959.533211
3959.53421
3959.53521
3959.53621
3959.53721
3959.53821
3959.539209
3959.540211
3959.541211
3959.54221
3959.54321
3959.54421
3959.54521
3959.54621
3959.54721
3959.548209
3959.549211
3959.550211
3959.55121
3959.55221
3959.55321
3959.55421
3959.55521
3959.556209
3959.557209
3959.558211
3959.559211
3959.56021
3959.56121
3959.56221
3959.56321
3959.56421
3959.565209
3959.566209
3959.567211
3959.568211
3959.56921
3959.57021
3959.57121
3959.57221
3959.57321
3959.574209
3959.575209
3959.576211
3959.577211
3959.57821
3959.57921
3959.58021
3959.58121
3959.58221
3959.583209
3959.584209
3959.585211
3959.586211
3959.58721
3959.58821
3959.58921
3959.59021
3959.59121
3959.592209
3959.593211
3959.594211
3959.595211
3959.59621
3959.59721
3959.59821
3959.59921
3959.60021
3959.601209
3959.602211
3959.603211
3959.60421
3959.60521
3959.60621
3959.60721
3959.60821
3959.60921
3959.610209
3959.611211
3959.612211
3959.61321
3959.61421
3959.61521
3959.61621
3959.61721
3959.618209
3959.619209
3959.620211
3959.621211
3959.62221
3959.62321
3959.62421
3959.62521
3959.62621
3959.627209
3959.628209
3959.629211
3959.630211
3959.63121
3959.63221
3959.63321
3959.63421
3959.63521
3959.636209
3959.637209
3959.638211
3959.639211
3959.64021
3959.64121
3959.64221
3959.64321
3959.64421
3959.645209
3959.646209
3959.647211
3959.648211
3959.64921
3959.65021
3959.65121
3959.65221
3959.65321
3959.654209
3959.655211
3959.656211
3959.657211
3959.65821
3959.65921
3959.66021
3959.66121
3959.66221
3959.663209
3959.664211
3959.665211
3959.66621
3959.66721
3959.66821
3959.66921
3959.67021
3959.67121
3959.672209
3959.673211
3959.674211
3959.67521
3959.67621
3959.67721
3959.67821
3959.67921
3959.680209
3959.681209
3959.682211
3959.683211
3959.68421
3959.68521
3959.68621
3959.68721
3959.68821
3959.689209
3959.690209
3959.691211
3959.692211
3959.69321
3959.69421
3959.69521
3959.69621
3959.69721
3959.698209
3959.699209
3959.700211
3959.701211
3959.70221
3959.70321
3959.70421
3959.70521
3959.70621
3959.707209
3959.708209
3959.709211
3959.710211
3959.71121
3959.71221
3959.71321
3959.71421
3959.71521
3959.716209
3959.717211
3959.718211
3959.719211
3959.72021
3959.72121
3959.72221
3959.72321
3959.72421
3959.725209
3959.726211
3959.727211
3959.72821
3959.72921
3959.73021
3959.73121
3959.73221
3959.73321
3959.734209
3959.735211
3959.736211
3959.73721
3959.73821
3959.73921
3959.74021
3959.74121
3959.742209
3959.743209
3959.744211
3959.745211
3959.74621
3959.74721
3959.74821
3959.74921
3959.75021
3959.751209
3959.752209
3959.753211
3959.754211
3959.75521
3959.75621
3959.75721
3959.75821
3959.75921
3959.760209
3959.761209
3959.762211
3959.763211
3959.76421
3959.76521
3959.76621
3959.76721
3959.76821
3959.769209
3959.770209
3959.771211
3959.772211
3959.77321
3959.77421
3959.77521
3959.77621
3959.77721
3959.778209
3959.779211
3959.780211
3959.781211
3959.78221
3959.78321
3959.78421
3959.78521
3959.78621
3959.787209
3959.788211
3959.789211
3959.79021
3959.79121
3959.79221
3959.79321
3959.79421
3959.79521
3959.796209
3959.797211
3959.798211
3959.79921
3959.80021
3959.80121
3959.80221
3959.80321
3959.804209
3959.805209
3959.806211
3959.807211
3959.80821
3959.80921
3959.81021
3959.81121
3959.81221
3959.813209
3959.814209
3959.815211
3959.816211
3959.81721
3959.81821
3959.81921
3959.82021
3959.82121
3959.822209
3959.823209
3959.824211
3959.825211
3959.82621
3959.82721
3959.82821
3959.82921
3959.83021
3959.831209
3959.832209
3959.833211
3959.834211
3959.83521
3959.83621
3959.83721
3959.83821
3959.83921
3959.840209
3959.841211
3959.842211
3959.843211
3959.84421
3959.84521
3959.84621
3959.84721
3959.84821
3959.849209
3959.850211
3959.851211
3959.85221
3959.85321
3959.85421
3959.85521
3959.85621
3959.85721
3959.858209
3959.859211
3959.860211
3959.86121
3959.86221
3959.86321
3959.86421
3959.86521
3959.866209
3959.867209
3959.868211
3959.869211
3959.87021
3959.87121
3959.87221
3959.87321
3959.87421
3959.875209
3959.876209
3959.877211
3959.878211
3959.87921
3959.88021
3959.88121
3959.88221
3959.88321
3959.884209
3959.885209
3959.886211
3959.887211
3959.88821
3959.88921
3959.89021
3959.89121
3959.89221
3959.893209
3959.894209
3959.895211
3959.896211
3959.89721
3959.89821
3959.89921
3959.90021
3959.90121
3959.902209
3959.903211
3959.904211
3959.905211
3959.90621
3959.90721
3959.90821
3959.90921
3959.91021
3959.911209
3959.912211
3959.913211
3959.91421
3959.91521
3959.91621
3959.91721
3959.91821
3959.91921
3959.920209
3959.921211
3959.922211
3959.92321
3959.92421
3959.92521
3959.92621
3959.92721
3959.928209
3959.929209
3959.930211
3959.931211
3959.93221
3959.93321
3959.93421
3959.93521
3959.93621
3959.937209
3959.938209
3959.939211
3959.940211
3959.94121
3959.94221
3959.94321
3959.94421
3959.94521
3959.946209
3959.947209
3959.948211
3959.949211
3959.95021
3959.95121
3959.95221
3959.95321
3959.95421
3959.955209
3959.956209
3959.957211
3959.958211
3959.95921
3959.96021
3959.96121
3959.96221
3959.96321
3959.964209
3959.965211
3959.966211
3959.967211
3959.96821
3959.96921
3959.97021
3959.97121
3959.97221
3959.973209
3959.974211
3959.975211
3959.97621
3959.97721
3959.97821
3959.97921
3959.98021
3959.98121
3959.982209
3959.983211
3959.984211
3959.98521
3959.98621
3959.98721
3959.98821
3959.98921
3959.990209
3959.991209
3959.992211
3959.993211
3959.99421
3959.99521
3959.99621
3959.99721
3959.99821
3959.999209
3960.000209
3960.001211
3960.002211
3960.00321
3960.00421
3960.00521
3960.00621
3960.00721
3960.008209
3960.009209
3960.010211
3960.011211
3960.01221
3960.01321
3960.01421
3960.01521
3960.01621
3960.017209
3960.018209
3960.019211
3960.020211
3960.02121
3960.02221
3960.02321
3960.02421
3960.02521
3960.026209
3960.027211
3960.028211
3960.029211
3960.03021
3960.03121
3960.03221
3960.03321
3960.03421
3960.035209
3960.036211
3960.037211
3960.03821
3960.03921
3960.04021
3960.04121
3960.04221
3960.04321
3960.044209
3960.045211
3960.046211
3960.04721
3960.04821
3960.04921
3960.05021
3960.05121
3960.052209
3960.053209
3960.054211
3960.055211
3960.05621
3960.05721
3960.05821
3960.05921
3960.06021
3960.061209
3960.062209
3960.063211
3960.064211
3960.06521
3960.06621
3960.06721
3960.06821
3960.06921
3960.070209
3960.071209
3960.072211
3960.073211
3960.07421
3960.07521
3960.07621
3960.07721
3960.07821
3960.079209
3960.080209
3960.081211
3960.082211
3960.08321
3960.08421
3960.08521
3960.08621
3960.08721
3960.088209
3960.089211
3960.090211
3960.091211
3960.09221
3960.09321
3960.09421
3960.09521
3960.09621
3960.097209
3960.098211
3960.099211
3960.10021
3960.10121
3960.10221
3960.10321
3960.10421
3960.10521
3960.106209
3960.107211
3960.108211
3960.10921
3960.11021
3960.11121
3960.11221
3960.11321
3960.114209
3960.115209
3960.116211
3960.117211
3960.11821
3960.11921
3960.12021
3960.12121
3960.12221
3960.123209
3960.124209
3960.125211
3960.126211
3960.12721
3960.12821
3960.12921
3960.13021
3960.13121
3960.132209
3960.133209
3960.134211
3960.135211
3960.13621
3960.13721
3960.13821
3960.13921
3960.14021
3960.141209
3960.142209
3960.143211
3960.144211
3960.14521
3960.14621
3960.14721
3960.14821
3960.14921
3960.150209
3960.151211
3960.152211
3960.153211
3960.15421
3960.15521
3960.15621
3960.15721
3960.15821
3960.159209
3960.160211
3960.161211
3960.16221
3960.16321
3960.16421
3960.16521
3960.16621
3960.16721
3960.168209
3960.169211
3960.170211
3960.17121
3960.17221
3960.17321
3960.17421
3960.17521
3960.176209
3960.177209
3960.178211
3960.179211
3960.18021
3960.18121
3960.18221
3960.18321
3960.18421
3960.185209
3960.186209
3960.187211
3960.188211
3960.18921
3960.19021
3960.19121
3960.19221
3960.19321
3960.194209
3960.195209
3960.196211
3960.197211
3960.19821
3960.19921
3960.20021
3960.20121
3960.20221
3960.203209
3960.204209
3960.205211
3960.206211
3960.20721
3960.20821
3960.20921
3960.21021
3960.21121
3960.212209
3960.213211
3960.214211
3960.215211
3960.21621
3960.21721
3960.21821
3960.21921
3960.22021
3960.221209
3960.222211
3960.223211
3960.22421
3960.22521
3960.22621
3960.22721
3960.22821
3960.22921
3960.230209
3960.231211
3960.232211
3960.23321
3960.23421
3960.23521
3960.23621
3960.23721
3960.238209
3960.239209
3960.240211
3960.241211
3960.24221
3960.24321
3960.24421
3960.24521
3960.24621
3960.247209
3960.248209
3960.249211
3960.250211
3960.25121
3960.25221
3960.25321
3960.25421
3960.25521
3960.256209
3960.257209
3960.258211
3960.259211
3960.26021
3960.26121
3960.26221
3960.26321
3960.26421
3960.265209
3960.266209
3960.267211
3960.268211
3960.26921
3960.27021
3960.27121
3960.27221
3960.27321
3960.274209
3960.275211
3960.276211
3960.27721
3960.27821
3960.27921
3960.28021
3960.28121
3960.28221
3960.283209
3960.284211
3960.285211
3960.28621
3960.28721
3960.28821
3960.28921
3960.29021
3960.29121
3960.292209
3960.293211
3960.294211
3960.29521
3960.29621
3960.29721
3960.29821
3960.29921
3960.300209
3960.301209
3960.302211
3960.303211
3960.30421
3960.30521
3960.30621
3960.30721
3960.30821
3960.309209
3960.310209
3960.311211
3960.312211
3960.31321
3960.31421
3960.31521
3960.31621
3960.31721
3960.318209
3960.319209
3960.320211
3960.321211
3960.32221
3960.32321
3960.32421
3960.32521
3960.32621
3960.327209
3960.328209
3960.329211
3960.330211
3960.33121
3960.33221
3960.33321
3960.33421
3960.33521
3960.336209
3960.337211
3960.338211
3960.339211
3960.34021
3960.34121
3960.34221
3960.34321
3960.34421
3960.345209
3960.346211
3960.347211
3960.34821
3960.34921
3960.35021
3960.35121
3960.35221
3960.35321
3960.354209
3960.355211
3960.356211
3960.35721
3960.35821
3960.35921
3960.36021
3960.36121
3960.362209
3960.363209
3960.364211
3960.365211
3960.36621
3960.36721
3960.36821
3960.36921
3960.37021
3960.371209
3960.372209
3960.373211
3960.374211
3960.37521
3960.37621
3960.37721
3960.37821
3960.37921
3960.380209
3960.381209
3960.382211
3960.383211
3960.38421
3960.38521
3960.38621
3960.38721
3960.38821
3960.389209
3960.390209
3960.391211
3960.392211
3960.39321
3960.39421
3960.39521
3960.39621
3960.39721
3960.398209
3960.399211
3960.400211
3960.401211
3960.40221
3960.40321
3960.40421
3960.40521
3960.40621
3960.407209
3960.408211
3960.409211
3960.41021
3960.41121
3960.41221
3960.41321
3960.41421
3960.41521
3960.416209
3960.417211
3960.418211
3960.41921
3960.42021
3960.42121
3960.42221
3960.42321
3960.424209
3960.425209
3960.426211
3960.427211
3960.42821
3960.42921
3960.43021
3960.43121
3960.43221
3960.433209
3960.434209
3960.435211
3960.436211
3960.43721
3960.43821
3960.43921
3960.44021
3960.44121
3960.442209
3960.443209
3960.444211
3960.445211
3960.44621
3960.44721
3960.44821
3960.44921
3960.45021
3960.451209
3960.452209
3960.453211
3960.454211
3960.45521
3960.45621
3960.45721
3960.45821
3960.45921
3960.460209
3960.461211
3960.462211
3960.463211
3960.46421
3960.46521
3960.46621
3960.46721
3960.46821
3960.469209
3960.470211
3960.471211
3960.47221
3960.47321
3960.47421
3960.47521
3960.47621
3960.47721
3960.478209
3960.479211
3960.480211
3960.48121
3960.48221
3960.48321
3960.48421
3960.48521
3960.486209
3960.487209
3960.488211
3960.489211
3960.49021
3960.49121
3960.49221
3960.49321
3960.49421
3960.495209
3960.496209
3960.497211
3960.498211
3960.49921
3960.50021
3960.50121
3960.50221
3960.50321
3960.504209
3960.505209
3960.506211
3960.507211
3960.50821
3960.50921
3960.51021
3960.51121
3960.51221
3960.513209
3960.514209
3960.515211
3960.516211
3960.51721
3960.51821
3960.51921
3960.52021
3960.52121
3960.522209
3960.523211
3960.524211
3960.525211
3960.52621
3960.52721
3960.52821
3960.52921
3960.53021
3960.531209
3960.532211
3960.533211
3960.53421
3960.53521
3960.53621
3960.53721
3960.53821
3960.53921
3960.540209
3960.541211
3960.542211
3960.54321
3960.54421
3960.54521
3960.54621
3960.54721
3960.548209
3960.549209
3960.550211
3960.551211
3960.55221
3960.55321
3960.55421
3960.55521
3960.55621
3960.557209
3960.558209
3960.559211
3960.560211
3960.56121
3960.56221
3960.56321
3960.56421
3960.56521
3960.566209
3960.567209
3960.568211
3960.569211
3960.57021
3960.57121
3960.57221
3960.57321
3960.57421
3960.575209
3960.576209
3960.577211
3960.578211
3960.57921
3960.58021
3960.58121
3960.58221
3960.58321
3960.584209
3960.585211
3960.586211
3960.587211
3960.58821
3960.58921
3960.59021
3960.59121
3960.59221
3960.593209
3960.594211
3960.595211
3960.59621
3960.59721
3960.59821
3960.59921
3960.60021
3960.60121
3960.602209
3960.603211
3960.604211
3960.60521
3960.60621
3960.60721
3960.60821
3960.60921
3960.610209
3960.611209
3960.612211
3960.613211
3960.61421
3960.61521
3960.61621
3960.61721
3960.61821
3960.619209
3960.620209
3960.621211
3960.622211
3960.62321
3960.62421
3960.62521
3960.62621
3960.62721
3960.628209
3960.629209
3960.630211
3960.631211
3960.63221
3960.63321
3960.63421
3960.63521
3960.63621
3960.637209
3960.638209
3960.639211
3960.640211
3960.64121
3960.64221
3960.64321
3960.64421
3960.64521
3960.646209
3960.647211
3960.648211
3960.649211
3960.65021
3960.65121
3960.65221
3960.65321
3960.65421
3960.655209
3960.656211
3960.657211
3960.65821
3960.65921
3960.66021
3960.66121
3960.66221
3960.66321
3960.664209
3960.665211
3960.666211
3960.66721
3960.66821
3960.66921
3960.67021
3960.67121
3960.672209
3960.673209
3960.674211
3960.675211
3960.67621
3960.67721
3960.67821
3960.67921
3960.68021
3960.681209
3960.682209
3960.683211
3960.684211
3960.68521
3960.68621
3960.68721
3960.68821
3960.68921
3960.690209
3960.691209
3960.692211
3960.693211
3960.69421
3960.69521
3960.69621
3960.69721
3960.69821
3960.699209
3960.700209
3960.701211
3960.702211
3960.70321
3960.70421
3960.70521
3960.70621
3960.70721
3960.708209
3960.709211
3960.710211
3960.711211
3960.71221
3960.71321
3960.71421
3960.71521
3960.71621
3960.717209
3960.718211
3960.719211
3960.72021
3960.72121
3960.72221
3960.72321
3960.72421
3960.72521
3960.726209
3960.727211
3960.728211
3960.72921
3960.73021
3960.73121
3960.73221
3960.73321
3960.734209
3960.735209
3960.736211
3960.737211
3960.73821
3960.73921
3960.74021
3960.74121
3960.74221
3960.743209
3960.744209
3960.745211
3960.746211
3960.74721
3960.74821
3960.74921
3960.75021
3960.75121
3960.752209
3960.753209
3960.754211
3960.755211
3960.75621
3960.75721
3960.75821
3960.75921
3960.76021
3960.761209
3960.762209
3960.763211
3960.764211
3960.76521
3960.76621
3960.76721
3960.76821
3960.76921
3960.770209
3960.771211
3960.772211
3960.773211
3960.77421
3960.77521
3960.77621
3960.77721
3960.77821
3960.779209
3960.780211
3960.781211
3960.78221
3960.78321
3960.78421
3960.78521
3960.78621
3960.78721
3960.788209
3960.789211
3960.790211
3960.79121
3960.79221
3960.79321
3960.79421
3960.79521
3960.796209
3960.797209
3960.798211
3960.799211
3960.80021
3960.80121
3960.80221
3960.80321
3960.80421
3960.805209
3960.806209
3960.807211
3960.808211
3960.80921
3960.81021
3960.81121
3960.81221
3960.81321
3960.814209
3960.815209
3960.816211
3960.817211
3960.81821
3960.81921
3960.82021
3960.82121
3960.82221
3960.823209
3960.824209
3960.825211
3960.826211
3960.82721
3960.82821
3960.82921
3960.83021
3960.83121
3960.832209
3960.833211
3960.834211
3960.835211
3960.83621
3960.83721
3960.83821
3960.83921
3960.84021
3960.841209
3960.842211
3960.843211
3960.84421
3960.84521
3960.84621
3960.84721
3960.84821
3960.84921
3960.850209
3960.851211
3960.852211
3960.85321
3960.85421
3960.85521
3960.85621
3960.85721
3960.858209
3960.859209
3960.860211
3960.861211
3960.86221
3960.86321
3960.86421
3960.86521
3960.86621
3960.867209
3960.868209
3960.869211
3960.870211
3960.87121
3960.87221
3960.87321
3960.87421
3960.87521
3960.876209
3960.877209
3960.878211
3960.879211
3960.88021
3960.88121
3960.88221
3960.88321
3960.88421
3960.885209
3960.886209
3960.887211
3960.888211
3960.88921
3960.89021
3960.89121
3960.89221
3960.89321
3960.894209
3960.895211
3960.896211
3960.897211
3960.89821
3960.89921
3960.90021
3960.90121
3960.90221
3960.903209
3960.904211
3960.905211
3960.90621
3960.90721
3960.90821
3960.90921
3960.91021
3960.91121
3960.912209
3960.913211
3960.914211
3960.91521
3960.91621
3960.91721
3960.91821
3960.91921
3960.920209
3960.921209
3960.922211
3960.923211
3960.92421
3960.92521
3960.92621
3960.92721
3960.92821
3960.929209
3960.930209
3960.931211
3960.932211
3960.93321
3960.93421
3960.93521
3960.93621
3960.93721
3960.938209
3960.939209
3960.940211
3960.941211
3960.94221
3960.94321
3960.94421
3960.94521
3960.94621
3960.947209
3960.948209
3960.949211
3960.950211
3960.95121
3960.95221
3960.95321
3960.95421
3960.95521
3960.956209
3960.957211
3960.958211
3960.959211
3960.96021
3960.96121
3960.96221
3960.96321
3960.96421
3960.965209
3960.966211
3960.967211
3960.96821
3960.96921
3960.97021
3960.97121
3960.97221
3960.97321
3960.974209
3960.975211
3960.976211
3960.97721
3960.97821
3960.97921
3960.98021
3960.98121
3960.982209
3960.983209
3960.984211
3960.985211
3960.98621
3960.98721
3960.98821
3960.98921
3960.99021
3960.991209
3960.992209
3960.993211
3960.994211
3960.99521
3960.99621
3960.99721
3960.99821
3960.99921
3961.000209
3961.001209
3961.002211
3961.003211
3961.00421
3961.00521
3961.00621
3961.00721
3961.00821
3961.009209
3961.010209
3961.011211
3961.012211
3961.01321
3961.01421
3961.01521
3961.01621
3961.01721
3961.018209
3961.019211
3961.020211
3961.021211
3961.02221
3961.02321
3961.02421
3961.02521
3961.02621
3961.027209
3961.028211
3961.029211
3961.03021
3961.03121
3961.03221
3961.03321
3961.03421
3961.03521
3961.036209
3961.037211
3961.038211
3961.03921
3961.04021
3961.04121
3961.04221
3961.04321
3961.044209
3961.045209
3961.046211
3961.047211
3961.04821
3961.04921
3961.05021
3961.05121
3961.05221
3961.053209
3961.054209
3961.055211
3961.056211
3961.05721
3961.05821
3961.05921
3961.06021
3961.06121
3961.062209
3961.063209
3961.064211
3961.065211
3961.06621
3961.06721
3961.06821
3961.06921
3961.07021
3961.071209
3961.072209
3961.073211
3961.074211
3961.07521
3961.07621
3961.07721
3961.07821
3961.07921
3961.080209
3961.081211
3961.082211
3961.08321
3961.08421
3961.08521
3961.08621
3961.08721
3961.08821
3961.089209
3961.090211
3961.091211
3961.09221
3961.09321
3961.09421
3961.09521
3961.09621
3961.09721
3961.098209
3961.099211
3961.100211
3961.10121
3961.10221
3961.10321
3961.10421
3961.10521
3961.106209
3961.107209
3961.108211
3961.109211
3961.11021
3961.11121
3961.11221
3961.11321
3961.11421
3961.115209
3961.116209
3961.117211
3961.118211
3961.11921
3961.12021
3961.12121
3961.12221
3961.12321
3961.124209
3961.125209
3961.126211
3961.127211
3961.12821
3961.12921
3961.13021
3961.13121
3961.13221
3961.133209
3961.134209
3961.135211
3961.136211
3961.13721
3961.13821
3961.13921
3961.14021
3961.14121
3961.142209
3961.143211
3961.144211
3961.145211
3961.14621
3961.14721
3961.14821
3961.14921
3961.15021
3961.151209
3961.152211
3961.153211
3961.15421
3961.15521
3961.15621
3961.15721
3961.15821
3961.15921
3961.160209
3961.161211
3961.162211
3961.16321
3961.16421
3961.16521
3961.16621
3961.16721
3961.168209
3961.169209
3961.170211
3961.171211
3961.17221
3961.17321
3961.17421
3961.17521
3961.17621
3961.177209
3961.178209
3961.179211
3961.180211
3961.18121
3961.18221
3961.18321
3961.18421
3961.18521
3961.186209
3961.187209
3961.188211
3961.189211
3961.19021
3961.19121
3961.19221
3961.19321
3961.19421
3961.195209
3961.196209
3961.197211
3961.198211
3961.19921
3961.20021
3961.20121
3961.20221
3961.20321
3961.204209
3961.205211
3961.206211
3961.207211
3961.20821
3961.20921
3961.21021
3961.21121
3961.21221
3961.213209
3961.214211
3961.215211
3961.21621
3961.21721
3961.21821
3961.21921
3961.22021
3961.22121
3961.222209
3961.223211
3961.224211
3961.22521
3961.22621
3961.22721
3961.22821
3961.22921
3961.230209
3961.231209
3961.232211
3961.233211
3961.23421
3961.23521
3961.23621
3961.23721
3961.23821
3961.239209
3961.240209
3961.241211
3961.242211
3961.24321
3961.24421
3961.24521
3961.24621
3961.24721
3961.248209
3961.249209
3961.250211
3961.251211
3961.25221
3961.25321
3961.25421
3961.25521
3961.25621
3961.257209
3961.258209
3961.259211
3961.260211
3961.26121
3961.26221
3961.26321
3961.26421
3961.26521
3961.266209
3961.267211
3961.268211
3961.269211
3961.27021
3961.27121
3961.27221
3961.27321
3961.27421
3961.275209
3961.276211
3961.277211
3961.27821
3961.27921
3961.28021
3961.28121
3961.28221
3961.28321
3961.284209
3961.285211
3961.286211
3961.28721
3961.28821
3961.28921
3961.29021
3961.29121
3961.292209
3961.293209
3961.294211
3961.295211
3961.29621
3961.29721
3961.29821
3961.29921
3961.30021
3961.301209
3961.302209
3961.303211
3961.304211
3961.30521
3961.30621
3961.30721
3961.30821
3961.30921
3961.310209
3961.311209
3961.312211
3961.313211
3961.31421
3961.31521
3961.31621
3961.31721
3961.31821
3961.319209
3961.320209
3961.321211
3961.322211
3961.32321
3961.32421
3961.32521
3961.32621
3961.32721
3961.328209
3961.329211
3961.330211
3961.331211
3961.33221
3961.33321
3961.33421
3961.33521
3961.33621
3961.337209
3961.338211
3961.339211
3961.34021
3961.34121
3961.34221
3961.34321
3961.34421
3961.345209
3961.346209
3961.347211
3961.348211
3961.34921
3961.35021
3961.35121
3961.35221
3961.35321
3961.354209
3961.355209
3961.356211
3961.357211
3961.35821
3961.35921
3961.36021
3961.36121
3961.36221
3961.363209
3961.364209
3961.365211
3961.366211
3961.36721
3961.36821
3961.36921
3961.37021
3961.37121
3961.372209
3961.373209
3961.374211
3961.375211
3961.37621
3961.37721
3961.37821
3961.37921
3961.38021
3961.381209
3961.382209
3961.383211
3961.384211
3961.38521
3961.38621
3961.38721
3961.38821
3961.38921
3961.390209
3961.391211
3961.392211
3961.393211
3961.39421
3961.39521
3961.39621
3961.39721
3961.39821
3961.399209
3961.400211
3961.401211
3961.40221
3961.40321
3961.40421
3961.40521
3961.40621
3961.40721
3961.408209
3961.409211
3961.410211
3961.41121
3961.41221
3961.41321
3961.41421
3961.41521
3961.416209
3961.417209
3961.418211
3961.419211
3961.42021
3961.42121
3961.42221
3961.42321
3961.42421
3961.425209
3961.426209
3961.427211
3961.428211
3961.42921
3961.43021
3961.43121
3961.43221
3961.43321
3961.434209
3961.435209
3961.436211
3961.437211
3961.43821
3961.43921
3961.44021
3961.44121
3961.44221
3961.443209
3961.444209
3961.445211
3961.446211
3961.44721
3961.44821
3961.44921
3961.45021
3961.45121
3961.452209
3961.453211
3961.454211
3961.455211
3961.45621
3961.45721
3961.45821
3961.45921
3961.46021
3961.461209
3961.462211
3961.463211
3961.46421
3961.46521
3961.46621
3961.46721
3961.46821
3961.46921
3961.470209
3961.471211
3961.472211
3961.47321
3961.47421
3961.47521
3961.47621
3961.47721
3961.478209
3961.479209
3961.480211
3961.481211
3961.48221
3961.48321
3961.48421
3961.48521
3961.48621
3961.487209
3961.488209
3961.489211
3961.490211
3961.49121
3961.49221
3961.49321
3961.49421
3961.49521
3961.496209
3961.497209
3961.498211
3961.499211
3961.50021
3961.50121
3961.50221
3961.50321
3961.50421
3961.505209
3961.506209
3961.507211
3961.508211
3961.50921
3961.51021
3961.51121
3961.51221
3961.51321
3961.514209
3961.515211
3961.516211
3961.517211
3961.51821
3961.51921
3961.52021
3961.52121
3961.52221
3961.523209
3961.524211
3961.525211
3961.52621
3961.52721
3961.52821
3961.52921
3961.53021
3961.53121
3961.532209
3961.533211
3961.534211
3961.53521
3961.53621
3961.53721
3961.53821
3961.53921
3961.540209
3961.541209
3961.542211
3961.543211
3961.54421
3961.54521
3961.54621
3961.54721
3961.54821
3961.549209
3961.550209
3961.551211
3961.552211
3961.55321
3961.55421
3961.55521
3961.55621
3961.55721
3961.558209
3961.559209
3961.560211
3961.561211
3961.56221
3961.56321
3961.56421
3961.56521
3961.56621
3961.567209
3961.568209
3961.569211
3961.570211
3961.57121
3961.57221
3961.57321
3961.57421
3961.57521
3961.576209
3961.577211
3961.578211
3961.579211
3961.58021
3961.58121
3961.58221
3961.58321
3961.58421
3961.585209
3961.586211
3961.587211
3961.58821
3961.58921
3961.59021
3961.59121
3961.59221
3961.59321
3961.594209
3961.595211
3961.596211
3961.59721
3961.59821
3961.59921
3961.60021
3961.60121
3961.602209
3961.603209
3961.604211
3961.605211
3961.60621
3961.60721
3961.60821
3961.60921
3961.61021
3961.611209
3961.612209
3961.613211
3961.614211
3961.61521
3961.61621
3961.61721
3961.61821
3961.61921
3961.620209
3961.621209
3961.622211
3961.623211
3961.62421
3961.62521
3961.62621
3961.62721
3961.62821
3961.629209
3961.630209
3961.631211
3961.632211
3961.63321
3961.63421
3961.63521
3961.63621
3961.63721
3961.638209
3961.639211
3961.640211
3961.641211
3961.64221
3961.64321
3961.64421
3961.64521
3961.64621
3961.647209
3961.648211
3961.649211
3961.65021
3961.65121
3961.65221
3961.65321
3961.65421
3961.65521
3961.656209
3961.657211
3961.658211
3961.65921
3961.66021
3961.66121
3961.66221
3961.66321
3961.664209
3961.665209
3961.666211
3961.667211
3961.66821
3961.66921
3961.67021
3961.67121
3961.67221
3961.673209
3961.674209
3961.675211
3961.676211
3961.67721
3961.67821
3961.67921
3961.68021
3961.68121
3961.682209
3961.683209
3961.684211
3961.685211
3961.68621
3961.68721
3961.68821
3961.68921
3961.69021
3961.691209
3961.692209
3961.693211
3961.694211
3961.69521
3961.69621
3961.69721
3961.69821
3961.69921
3961.700209
3961.701211
3961.702211
3961.703211
3961.70421
3961.70521
3961.70621
3961.70721
3961.70821
3961.709209
3961.710211
3961.711211
3961.71221
3961.71321
3961.71421
3961.71521
3961.71621
3961.71721
3961.718209
3961.719211
3961.720211
3961.72121
3961.72221
3961.72321
3961.72421
3961.72521
3961.726209
3961.727209
3961.728211
3961.729211
3961.73021
3961.73121
3961.73221
3961.73321
3961.73421
3961.735209
3961.736209
3961.737211
3961.738211
3961.73921
3961.74021
3961.74121
3961.74221
3961.74321
3961.744209
3961.745209
3961.746211
3961.747211
3961.74821
3961.74921
3961.75021
3961.75121
3961.75221
3961.753209
3961.754209
3961.755211
3961.756211
3961.75721
3961.75821
3961.75921
3961.76021
3961.76121
3961.762209
3961.763211
3961.764211
3961.765211
3961.76621
3961.76721
3961.76821
3961.76921
3961.77021
3961.771209
3961.772211
3961.773211
3961.77421
3961.77521
3961.77621
3961.77721
3961.77821
3961.77921
3961.780209
3961.781211
3961.782211
3961.78321
3961.78421
3961.78521
3961.78621
3961.78721
3961.788209
3961.789209
3961.790211
3961.791211
3961.79221
3961.79321
3961.79421
3961.79521
3961.79621
3961.797209
3961.798209
3961.799211
3961.800211
3961.80121
3961.80221
3961.80321
3961.80421
3961.80521
3961.806209
3961.807209
3961.808211
3961.809211
3961.81021
3961.81121
3961.81221
3961.81321
3961.81421
3961.815209
3961.816209
3961.817211
3961.818211
3961.81921
3961.82021
3961.82121
3961.82221
3961.82321
3961.824209
3961.825211
3961.826211
3961.827211
3961.82821
3961.82921
3961.83021
3961.83121
3961.83221
3961.833209
3961.834211
3961.835211
3961.83621
3961.83721
3961.83821
3961.83921
3961.84021
3961.84121
3961.842209
3961.843211
3961.844211
3961.84521
3961.84621
3961.84721
3961.84821
3961.84921
3961.850209
3961.851209
3961.852211
3961.853211
3961.85421
3961.85521
3961.85621
3961.85721
3961.85821
3961.859209
3961.860209
3961.861211
3961.862211
3961.86321
3961.86421
3961.86521
3961.86621
3961.86721
3961.868209
3961.869209
3961.870211
3961.871211
3961.87221
3961.87321
3961.87421
3961.87521
3961.87621
3961.877209
3961.878209
3961.879211
3961.880211
3961.88121
3961.88221
3961.88321
3961.88421
3961.88521
3961.886209
3961.887211
3961.888211
3961.889211
3961.89021
3961.89121
3961.89221
3961.89321
3961.89421
3961.895209
3961.896211
3961.897211
3961.89821
3961.89921
3961.90021
3961.90121
3961.90221
3961.90321
3961.904209
3961.905211
3961.906211
3961.90721
3961.90821
3961.90921
3961.91021
3961.91121
3961.912209
3961.913209
3961.914211
3961.915211
3961.91621
3961.91721
3961.91821
3961.91921
3961.92021
3961.921209
3961.922209
3961.923211
3961.924211
3961.92521
3961.92621
3961.92721
3961.92821
3961.92921
3961.930209
3961.931209
3961.932211
3961.933211
3961.93421
3961.93521
3961.93621
3961.93721
3961.93821
3961.939209
3961.940209
3961.941211
3961.942211
3961.94321
3961.94421
3961.94521
3961.94621
3961.94721
3961.948209
3961.949211
3961.950211
3961.951211
3961.95221
3961.95321
3961.95421
3961.95521
3961.95621
3961.957209
3961.958211
3961.959211
3961.96021
3961.96121
3961.96221
3961.96321
3961.96421
3961.96521
3961.966209
3961.967211
3961.968211
3961.96921
3961.97021
3961.97121
3961.97221
3961.97321
3961.974209
3961.975209
3961.976211
3961.977211
3961.97821
3961.97921
3961.98021
3961.98121
3961.98221
3961.983209
3961.984209
3961.985211
3961.986211
3961.98721
3961.98821
3961.98921
3961.99021
3961.99121
3961.992209
3961.993209
3961.994211
3961.995211
3961.99621
3961.99721
3961.99821
3961.99921
3962.00021
3962.001209
3962.002209
3962.003211
3962.004211
3962.00521
3962.00621
3962.00721
3962.00821
3962.00921
3962.010209
3962.011211
3962.012211
3962.013211
3962.01421
3962.01521
3962.01621
3962.01721
3962.01821
3962.019209
3962.020211
3962.021211
3962.02221
3962.02321
3962.02421
3962.02521
3962.02621
3962.02721
3962.028209
3962.029211
3962.030211
3962.03121
3962.03221
3962.03321
3962.03421
3962.03521
3962.036209
3962.037209
3962.038211
3962.039211
3962.04021
3962.04121
3962.04221
3962.04321
3962.04421
3962.045209
3962.046209
3962.047211
3962.048211
3962.04921
3962.05021
3962.05121
3962.05221
3962.05321
3962.054209
3962.055209
3962.056211
3962.057211
3962.05821
3962.05921
3962.06021
3962.06121
3962.06221
3962.063209
3962.064209
3962.065211
3962.066211
3962.06721
3962.06821
3962.06921
3962.07021
3962.07121
3962.072209
3962.073211
3962.074211
3962.075211
3962.07621
3962.07721
3962.07821
3962.07921
3962.08021
3962.081209
3962.082211
3962.083211
3962.08421
3962.08521
3962.08621
3962.08721
3962.08821
3962.08921
3962.090209
3962.091211
3962.092211
3962.09321
3962.09421
3962.09521
3962.09621
3962.09721
3962.098209
3962.099209
3962.100211
3962.101211
3962.10221
3962.10321
3962.10421
3962.10521
3962.10621
3962.107209
3962.108209
3962.109211
3962.110211
3962.11121
3962.11221
3962.11321
3962.11421
3962.11521
3962.116209
3962.117209
3962.118211
3962.119211
3962.12021
3962.12121
3962.12221
3962.12321
3962.12421
3962.125209
3962.126209
3962.127211
3962.128211
3962.12921
3962.13021
3962.13121
3962.13221
3962.13321
3962.134209
3962.135211
3962.136211
3962.137211
3962.13821
3962.13921
3962.14021
3962.14121
3962.14221
3962.143209
3962.144211
3962.145211
3962.14621
3962.14721
3962.14821
3962.14921
3962.15021
3962.15121
3962.152209
3962.153211
3962.154211
3962.15521
3962.15621
3962.15721
3962.15821
3962.15921
3962.160209
3962.161209
3962.162211
3962.163211
3962.16421
3962.16521
3962.16621
3962.16721
3962.16821
3962.169209
3962.170209
3962.171211
3962.172211
3962.17321
3962.17421
3962.17521
3962.17621
3962.17721
3962.178209
3962.179209
3962.180211
3962.181211
3962.18221
3962.18321
3962.18421
3962.18521
3962.18621
3962.187209
3962.188209
3962.189211
3962.190211
3962.19121
3962.19221
3962.19321
3962.19421
3962.19521
3962.196209
3962.197211
3962.198211
3962.199211
3962.20021
3962.20121
3962.20221
3962.20321
3962.20421
3962.205209
3962.206211
3962.207211
3962.20821
3962.20921
3962.21021
3962.21121
3962.21221
3962.21321
3962.214209
3962.215211
3962.216211
3962.21721
3962.21821
3962.21921
3962.22021
3962.22121
3962.222209
3962.223209
3962.224211
3962.225211
3962.22621
3962.22721
3962.22821
3962.22921
3962.23021
3962.231209
3962.232209
3962.233211
3962.234211
3962.23521
3962.23621
3962.23721
3962.23821
3962.23921
3962.240209
3962.241209
3962.242211
3962.243211
3962.24421
3962.24521
3962.24621
3962.24721
3962.24821
3962.249209
3962.250209
3962.251211
3962.252211
3962.25321
3962.25421
3962.25521
3962.25621
3962.25721
3962.258209
3962.259211
3962.260211
3962.261211
3962.26221
3962.26321
3962.26421
3962.26521
3962.26621
3962.267209
3962.268211
3962.269211
3962.27021
3962.27121
3962.27221
3962.27321
3962.27421
3962.27521
3962.276209
3962.277211
3962.278211
3962.27921
3962.28021
3962.28121
3962.28221
3962.28321
3962.284209
3962.285209
3962.286211
3962.287211
3962.28821
3962.28921
3962.29021
3962.29121
3962.29221
3962.293209
3962.294209
3962.295211
3962.296211
3962.29721
3962.29821
3962.29921
3962.30021
3962.30121
3962.302209
3962.303209
3962.304211
3962.305211
3962.30621
3962.30721
3962.30821
3962.30921
3962.31021
3962.311209
3962.312209
3962.313211
3962.314211
3962.31521
3962.31621
3962.31721
3962.31821
3962.31921
3962.320209
3962.321211
3962.322211
3962.323211
3962.32421
3962.32521
3962.32621
3962.32721
3962.32821
3962.329209
3962.330211
3962.331211
3962.33221
3962.33321
3962.33421
3962.33521
3962.33621
3962.33721
3962.338209
3962.339211
3962.340211
3962.34121
3962.34221
3962.34321
3962.34421
3962.34521
3962.346209
3962.347209
3962.348211
3962.349211
3962.35021
3962.35121
3962.35221
3962.35321
3962.35421
3962.355209
3962.356209
3962.357211
3962.358211
3962.35921
3962.36021
3962.36121
3962.36221
3962.36321
3962.364209
3962.365209
3962.366211
3962.367211
3962.36821
3962.36921
3962.37021
3962.37121
3962.37221
3962.373209
3962.374209
3962.375211
3962.376211
3962.37721
3962.37821
3962.37921
3962.38021
3962.38121
3962.382209
3962.383211
3962.384211
3962.385211
3962.38621
3962.38721
3962.38821
3962.38921
3962.39021
3962.391209
3962.392211
3962.393211
3962.39421
3962.39521
3962.39621
3962.39721
3962.39821
3962.39921
3962.400209
3962.401211
3962.402211
3962.40321
3962.40421
3962.40521
3962.40621
3962.40721
3962.408209
3962.409209
3962.410211
3962.411211
3962.41221
3962.41321
3962.41421
3962.41521
3962.41621
3962.417209
3962.418209
3962.419211
3962.420211
3962.42121
3962.42221
3962.42321
3962.42421
3962.42521
3962.426209
3962.427209
3962.428211
3962.429211
3962.43021
3962.43121
3962.43221
3962.43321
3962.43421
3962.435209
3962.436209
3962.437211
3962.438211
3962.43921
3962.44021
3962.44121
3962.44221
3962.44321
3962.444209
3962.445211
3962.446211
3962.447211
3962.44821
3962.44921
3962.45021
3962.45121
3962.45221
3962.453209
3962.454211
3962.455211
3962.45621
3962.45721
3962.45821
3962.45921
3962.46021
3962.46121
3962.462209
3962.463211
3962.464211
3962.46521
3962.46621
3962.46721
3962.46821
3962.46921
3962.470209
3962.471209
3962.472211
3962.473211
3962.47421
3962.47521
3962.47621
3962.47721
3962.47821
3962.479209
3962.480209
3962.481211
3962.482211
3962.48321
3962.48421
3962.48521
3962.48621
3962.48721
3962.488209
3962.489209
3962.490211
3962.491211
3962.49221
3962.49321
3962.49421
3962.49521
3962.49621
3962.497209
3962.498209
3962.499211
3962.500211
3962.50121
3962.50221
3962.50321
3962.50421
3962.50521
3962.506209
3962.507211
3962.508211
3962.509211
3962.51021
3962.51121
3962.51221
3962.51321
3962.51421
3962.515209
3962.516211
3962.517211
3962.51821
3962.51921
3962.52021
3962.52121
3962.52221
3962.52321
3962.524209
3962.525211
3962.526211
3962.52721
3962.52821
3962.52921
3962.53021
3962.53121
3962.532209
3962.533209
3962.534211
3962.535211
3962.53621
3962.53721
3962.53821
3962.53921
3962.54021
3962.541209
3962.542209
3962.543211
3962.544211
3962.54521
3962.54621
3962.54721
3962.54821
3962.54921
3962.550209
3962.551209
3962.552211
3962.553211
3962.55421
3962.55521
3962.55621
3962.55721
3962.55821
3962.559209
3962.560209
3962.561211
3962.562211
3962.56321
3962.56421
3962.56521
3962.56621
3962.56721
3962.568209
3962.569211
3962.570211
3962.571211
3962.57221
3962.57321
3962.57421
3962.57521
3962.57621
3962.577209
3962.578211
3962.579211
3962.58021
3962.58121
3962.58221
3962.58321
3962.58421
3962.58521
3962.586209
3962.587211
3962.588211
3962.58921
3962.59021
3962.59121
3962.59221
3962.59321
3962.594209
3962.595209
3962.596211
3962.597211
3962.59821
3962.59921
3962.60021
3962.60121
3962.60221
3962.603209
3962.604209
3962.605211
3962.606211
3962.60721
3962.60821
3962.60921
3962.61021
3962.61121
3962.612209
3962.613209
3962.614211
3962.615211
3962.61621
3962.61721
3962.61821
3962.61921
3962.62021
3962.621209
3962.622209
3962.623211
3962.624211
3962.62521
3962.62621
3962.62721
3962.62821
3962.62921
3962.630209
3962.631211
3962.632211
3962.633211
3962.63421
3962.63521
3962.63621
3962.63721
3962.63821
3962.639209
3962.640211
3962.641211
3962.64221
3962.64321
3962.64421
3962.64521
3962.64621
3962.64721
3962.648209
3962.649211
3962.650211
3962.65121
3962.65221
3962.65321
3962.65421
3962.65521
3962.656209
3962.657209
3962.658211
3962.659211
3962.66021
3962.66121
3962.66221
3962.66321
3962.66421
3962.665209
3962.666209
3962.667211
3962.668211
3962.66921
3962.67021
3962.67121
3962.67221
3962.67321
3962.674209
3962.675209
3962.676211
3962.677211
3962.67821
3962.67921
3962.68021
3962.68121
3962.68221
3962.683209
3962.684209
3962.685211
3962.686211
3962.68721
3962.68821
3962.68921
3962.69021
3962.69121
3962.692209
3962.693211
3962.694211
3962.695211
3962.69621
3962.69721
3962.69821
3962.69921
3962.70021
3962.701209
3962.702211
3962.703211
3962.70421
3962.70521
3962.70621
3962.70721
3962.70821
3962.70921
3962.710209
3962.711211
3962.712211
3962.71321
3962.71421
3962.71521
3962.71621
3962.71721
3962.718209
3962.719209
3962.720211
3962.721211
3962.72221
3962.72321
3962.72421
3962.72521
3962.72621
3962.727209
3962.728209
3962.729211
3962.730211
3962.73121
3962.73221
3962.73321
3962.73421
3962.73521
3962.736209
3962.737209
3962.738211
3962.739211
3962.74021
3962.74121
3962.74221
3962.74321
3962.74421
3962.745209
3962.746209
3962.747211
3962.748211
3962.74921
3962.75021
3962.75121
3962.75221
3962.75321
3962.754209
3962.755211
3962.756211
3962.757211
3962.75821
3962.75921
3962.76021
3962.76121
3962.76221
3962.763209
3962.764211
3962.765211
3962.76621
3962.76721
3962.76821
3962.76921
3962.77021
3962.77121
3962.772209
3962.773211
3962.774211
3962.77521
3962.77621
3962.77721
3962.77821
3962.77921
3962.780209
3962.781209
3962.782211
3962.783211
3962.78421
3962.78521
3962.78621
3962.78721
3962.78821
3962.789209
3962.790209
3962.791211
3962.792211
3962.79321
3962.79421
3962.79521
3962.79621
3962.79721
3962.798209
3962.799209
3962.800211
3962.801211
3962.80221
3962.80321
3962.80421
3962.80521
3962.80621
3962.807209
3962.808209
3962.809211
3962.810211
3962.81121
3962.81221
3962.81321
3962.81421
3962.81521
3962.816209
3962.817211
3962.818211
3962.819211
3962.82021
3962.82121
3962.82221
3962.82321
3962.82421
3962.825209
3962.826211
3962.827211
3962.82821
3962.82921
3962.83021
3962.83121
3962.83221
3962.83321
3962.834209
3962.835211
3962.836211
3962.83721
3962.83821
3962.83921
3962.84021
3962.84121
3962.842209
3962.843209
3962.844211
3962.845211
3962.84621
3962.84721
3962.84821
3962.84921
3962.85021
3962.851209
3962.852209
3962.853211
3962.854211
3962.85521
3962.85621
3962.85721
3962.85821
3962.85921
3962.860209
3962.861209
3962.862211
3962.863211
3962.86421
3962.86521
3962.86621
3962.86721
3962.86821
3962.869209
3962.870209
3962.871211
3962.872211
3962.87321
3962.87421
3962.87521
3962.87621
3962.87721
3962.878209
3962.879211
3962.880211
3962.881211
3962.88221
3962.88321
3962.88421
3962.88521
3962.88621
3962.887209
3962.888211
3962.889211
3962.89021
3962.89121
3962.89221
3962.89321
3962.89421
3962.89521
3962.896209
3962.897211
3962.898211
3962.89921
3962.90021
3962.90121
3962.90221
3962.90321
3962.904209
3962.905209
3962.906211
3962.907211
3962.90821
3962.90921
3962.91021
3962.91121
3962.91221
3962.913209
3962.914209
3962.915211
3962.916211
3962.91721
3962.91821
3962.91921
3962.92021
3962.92121
3962.922209
3962.923209
3962.924211
3962.925211
3962.92621
3962.92721
3962.92821
3962.92921
3962.93021
3962.931209
3962.932209
3962.933211
3962.934211
3962.93521
3962.93621
3962.93721
3962.93821
3962.93921
3962.940209
3962.941211
3962.942211
3962.943211
3962.94421
3962.94521
3962.94621
3962.94721
3962.94821
3962.949209
3962.950211
3962.951211
3962.95221
3962.95321
3962.95421
3962.95521
3962.95621
3962.95721
3962.958209
3962.959211
3962.960211
3962.96121
3962.96221
3962.96321
3962.96421
3962.96521
3962.966209
3962.967209
3962.968211
3962.969211
3962.97021
3962.97121
3962.97221
3962.97321
3962.97421
3962.975209
3962.976209
3962.977211
3962.978211
3962.97921
3962.98021
3962.98121
3962.98221
3962.98321
3962.984209
3962.985209
3962.986211
3962.987211
3962.98821
3962.98921
3962.99021
3962.99121
3962.99221
3962.993209
3962.994209
3962.995211
3962.996211
3962.99721
3962.99821
3962.99921
3963.00021
3963.00121
3963.002209
3963.003211
3963.004211
3963.005211
3963.00621
3963.00721
3963.00821
3963.00921
3963.01021
3963.011209
3963.012211
3963.013211
3963.01421
3963.01521
3963.01621
3963.01721
3963.01821
3963.01921
3963.020209
3963.021211
3963.022211
3963.02321
3963.02421
3963.02521
3963.02621
3963.02721
3963.028209
3963.029209
3963.030211
3963.031211
3963.03221
3963.03321
3963.03421
3963.03521
3963.03621
3963.037209
3963.038209
3963.039211
3963.040211
3963.04121
3963.04221
3963.04321
3963.04421
3963.04521
3963.046209
3963.047209
3963.048211
3963.049211
3963.05021
3963.05121
3963.05221
3963.05321
3963.05421
3963.055209
3963.056209
3963.057211
3963.058211
3963.05921
3963.06021
3963.06121
3963.06221
3963.06321
3963.064209
3963.065211
3963.066211
3963.06721
3963.06821
3963.06921
3963.07021
3963.07121
3963.07221
3963.073209
3963.074211
3963.075211
3963.07621
3963.07721
3963.07821
3963.07921
3963.08021
3963.08121
3963.082209
3963.083211
3963.084211
3963.08521
3963.08621
3963.08721
3963.08821
3963.08921
3963.090209
3963.091209
3963.092211
3963.093211
3963.09421
3963.09521
3963.09621
3963.09721
3963.09821
3963.099209
3963.100209
3963.101211
3963.102211
3963.10321
3963.10421
3963.10521
3963.10621
3963.10721
3963.108209
3963.109209
3963.110211
3963.111211
3963.11221
3963.11321
3963.11421
3963.11521
3963.11621
3963.117209
3963.118209
3963.119211
3963.120211
3963.12121
3963.12221
3963.12321
3963.12421
3963.12521
3963.126209
3963.127211
3963.128211
3963.129211
3963.13021
3963.13121
3963.13221
3963.13321
3963.13421
3963.135209
3963.136211
3963.137211
3963.13821
3963.13921
3963.14021
3963.14121
3963.14221
3963.143209
3963.144209
3963.145211
3963.146211
3963.14721
3963.14821
3963.14921
3963.15021
3963.15121
3963.152209
3963.153209
3963.154211
3963.155211
3963.15621
3963.15721
3963.15821
3963.15921
3963.16021
3963.161209
3963.162209
3963.163211
3963.164211
3963.16521
3963.16621
3963.16721
3963.16821
3963.16921
3963.170209
3963.171209
3963.172211
3963.173211
3963.17421
3963.17521
3963.17621
3963.17721
3963.17821
3963.179209
3963.180209
3963.181211
3963.182211
3963.18321
3963.18421
3963.18521
3963.18621
3963.18721
3963.188209
3963.189211
3963.190211
3963.191211
3963.19221
3963.19321
3963.19421
3963.19521
3963.19621
3963.197209
3963.198211
3963.199211
3963.20021
3963.20121
3963.20221
3963.20321
3963.20421
3963.20521
3963.206209
3963.207211
3963.208211
3963.20921
3963.21021
3963.21121
3963.21221
3963.21321
3963.214209
3963.215209
3963.216211
3963.217211
3963.21821
3963.21921
3963.22021
3963.22121
3963.22221
3963.223209
3963.224209
3963.225211
3963.226211
3963.22721
3963.22821
3963.22921
3963.23021
3963.23121
3963.232209
3963.233209
3963.234211
3963.235211
3963.23621
3963.23721
3963.23821
3963.23921
3963.24021
3963.241209
3963.242209
3963.243211
3963.244211
3963.24521
3963.24621
3963.24721
3963.24821
3963.24921
3963.250209
3963.251211
3963.252211
3963.253211
3963.25421
3963.25521
3963.25621
3963.25721
3963.25821
3963.259209
3963.260211
3963.261211
3963.26221
3963.26321
3963.26421
3963.26521
3963.26621
3963.26721
3963.268209
3963.269211
3963.270211
3963.27121
3963.27221
3963.27321
3963.27421
3963.27521
3963.276209
3963.277209
3963.278211
3963.279211
3963.28021
3963.28121
3963.28221
3963.28321
3963.28421
3963.285209
3963.286209
3963.287211
3963.288211
3963.28921
3963.29021
3963.29121
3963.29221
3963.29321
3963.294209
3963.295209
3963.296211
3963.297211
3963.29821
3963.29921
3963.30021
3963.30121
3963.30221
3963.303209
3963.304209
3963.305211
3963.306211
3963.30721
3963.30821
3963.30921
3963.31021
3963.31121
3963.312209
3963.313211
3963.314211
3963.315211
3963.31621
3963.31721
3963.31821
3963.31921
3963.32021
3963.321209
3963.322211
3963.323211
3963.32421
3963.32521
3963.32621
3963.32721
3963.32821
3963.32921
3963.330209
3963.331211
3963.332211
3963.33321
3963.33421
3963.33521
3963.33621
3963.33721
3963.338209
3963.339209
3963.340211
3963.341211
3963.34221
3963.34321
3963.34421
3963.34521
3963.34621
3963.347209
3963.348209
3963.349211
3963.350211
3963.35121
3963.35221
3963.35321
3963.35421
3963.35521
3963.356209
3963.357209
3963.358211
3963.359211
3963.36021
3963.36121
3963.36221
3963.36321
3963.36421
3963.365209
3963.366209
3963.367211
3963.368211
3963.36921
3963.37021
3963.37121
3963.37221
3963.37321
3963.374209
3963.375211
3963.376211
3963.377211
3963.37821
3963.37921
3963.38021
3963.38121
3963.38221
3963.383209
3963.384211
3963.385211
3963.38621
3963.38721
3963.38821
3963.38921
3963.39021
3963.39121
3963.392209
3963.393211
3963.394211
3963.39521
3963.39621
3963.39721
3963.39821
3963.39921
3963.400209
3963.401209
3963.402211
3963.403211
3963.40421
3963.40521
3963.40621
3963.40721
3963.40821
3963.409209
3963.410209
3963.411211
3963.412211
3963.41321
3963.41421
3963.41521
3963.41621
3963.41721
3963.418209
3963.419209
3963.420211
3963.421211
3963.42221
3963.42321
3963.42421
3963.42521
3963.42621
3963.427209
3963.428209
3963.429211
3963.430211
3963.43121
3963.43221
3963.43321
3963.43421
3963.43521
3963.436209
3963.437211
3963.438211
3963.439211
3963.44021
3963.44121
3963.44221
3963.44321
3963.44421
3963.445209
3963.446211
3963.447211
3963.44821
3963.44921
3963.45021
3963.45121
3963.45221
3963.45321
3963.454209
3963.455211
3963.456211
3963.45721
3963.45821
3963.45921
3963.46021
3963.46121
3963.462209
3963.463209
3963.464211
3963.465211
3963.46621
3963.46721
3963.46821
3963.46921
3963.47021
3963.471209
3963.472209
3963.473211
3963.474211
3963.47521
3963.47621
3963.47721
3963.47821
3963.47921
3963.480209
3963.481209
3963.482211
3963.483211
3963.48421
3963.48521
3963.48621
3963.48721
3963.48821
3963.489209
3963.490209
3963.491211
3963.492211
3963.49321
3963.49421
3963.49521
3963.49621
3963.49721
3963.498209
3963.499211
3963.500211
3963.50121
3963.50221
3963.50321
3963.50421
3963.50521
3963.50621
3963.507209
3963.508211
3963.509211
3963.51021
3963.51121
3963.51221
3963.51321
3963.51421
3963.51521
3963.516209
3963.517211
3963.518211
3963.51921
3963.52021
3963.52121
3963.52221
3963.52321
3963.524209
3963.525209
3963.526211
3963.527211
3963.52821
3963.52921
3963.53021
3963.53121
3963.53221
3963.533209
3963.534209
3963.535211
3963.536211
3963.53721
3963.53821
3963.53921
3963.54021
3963.54121
3963.542209
3963.543209
3963.544211
3963.545211
3963.54621
3963.54721
3963.54821
3963.54921
3963.55021
3963.551209
3963.552209
3963.553211
3963.554211
3963.55521
3963.55621
3963.55721
3963.55821
3963.55921
3963.560209
3963.561211
3963.562211
3963.563211
3963.56421
3963.56521
3963.56621
3963.56721
3963.56821
3963.569209
3963.570211
3963.571211
3963.57221
3963.57321
3963.57421
3963.57521
3963.57621
3963.57721
3963.578209
3963.579211
3963.580211
3963.58121
3963.58221
3963.58321
3963.58421
3963.58521
3963.586209
3963.587209
3963.588211
3963.589211
3963.59021
3963.59121
3963.59221
3963.59321
3963.59421
3963.595209
3963.596209
3963.597211
3963.598211
3963.59921
3963.60021
3963.60121
3963.60221
3963.60321
3963.604209
3963.605209
3963.606211
3963.607211
3963.60821
3963.60921
3963.61021
3963.61121
3963.61221
3963.613209
3963.614209
3963.615211
3963.616211
3963.61721
3963.61821
3963.61921
3963.62021
3963.62121
3963.622209
3963.623211
3963.624211
3963.625211
3963.62621
3963.62721
3963.62821
3963.62921
3963.63021
3963.631209
3963.632211
3963.633211
3963.63421
3963.63521
3963.63621
3963.63721
3963.63821
3963.63921
3963.640209
3963.641211
3963.642211
3963.64321
3963.64421
3963.64521
3963.64621
3963.64721
3963.648209
3963.649209
3963.650211
3963.651211
3963.65221
3963.65321
3963.65421
3963.65521
3963.65621
3963.657209
3963.658209
3963.659211
3963.660211
3963.66121
3963.66221
3963.66321
3963.66421
3963.66521
3963.666209
3963.667209
3963.668211
3963.669211
3963.67021
3963.67121
3963.67221
3963.67321
3963.67421
3963.675209
3963.676209
3963.677211
3963.678211
3963.67921
3963.68021
3963.68121
3963.68221
3963.68321
3963.684209
3963.685211
3963.686211
3963.687211
3963.68821
3963.68921
3963.69021
3963.69121
3963.69221
3963.693209
3963.694211
3963.695211
3963.69621
3963.69721
3963.69821
3963.69921
3963.70021
3963.70121
3963.702209
3963.703211
3963.704211
3963.70521
3963.70621
3963.70721
3963.70821
3963.70921
3963.710209
3963.711209
3963.712211
3963.713211
3963.71421
3963.71521
3963.71621
3963.71721
3963.71821
3963.719209
3963.720209
3963.721211
3963.722211
3963.72321
3963.72421
3963.72521
3963.72621
3963.72721
3963.728209
3963.729209
3963.730211
3963.731211
3963.73221
3963.73321
3963.73421
3963.73521
3963.73621
3963.737209
3963.738209
3963.739211
3963.740211
3963.74121
3963.74221
3963.74321
3963.74421
3963.74521
3963.746209
3963.747211
3963.748211
3963.749211
3963.75021
3963.75121
3963.75221
3963.75321
3963.75421
3963.755209
3963.756211
3963.757211
3963.75821
3963.75921
3963.76021
3963.76121
3963.76221
3963.76321
3963.764209
3963.765211
3963.766211
3963.76721
3963.76821
3963.76921
3963.77021
3963.77121
3963.772209
3963.773209
3963.774211
3963.775211
3963.77621
3963.77721
3963.77821
3963.77921
3963.78021
3963.781209
3963.782209
3963.783211
3963.784211
3963.78521
3963.78621
3963.78721
3963.78821
3963.78921
3963.790209
3963.791209
3963.792211
3963.793211
3963.79421
3963.79521
3963.79621
3963.79721
3963.79821
3963.799209
3963.800209
3963.801211
3963.802211
3963.80321
3963.80421
3963.80521
3963.80621
3963.80721
3963.808209
3963.809211
3963.810211
3963.811211
3963.81221
3963.81321
3963.81421
3963.81521
3963.81621
3963.817209
3963.818211
3963.819211
3963.82021
3963.82121
3963.82221
3963.82321
3963.82421
3963.82521
3963.826209
3963.827211
3963.828211
3963.82921
3963.83021
3963.83121
3963.83221
3963.83321
3963.834209
3963.835209
3963.836211
3963.837211
3963.83821
3963.83921
3963.84021
3963.84121
3963.84221
3963.843209
3963.844209
3963.845211
3963.846211
3963.84721
3963.84821
3963.84921
3963.85021
3963.85121
3963.852209
3963.853209
3963.854211
3963.855211
3963.85621
3963.85721
3963.85821
3963.85921
3963.86021
3963.861209
3963.862209
3963.863211
3963.864211
3963.86521
3963.86621
3963.86721
3963.86821
3963.86921
3963.870209
3963.871211
3963.872211
3963.873211
3963.87421
3963.87521
3963.87621
3963.87721
3963.87821
3963.879209
3963.880211
3963.881211
3963.88221
3963.88321
3963.88421
3963.88521
3963.88621
3963.88721
3963.888209
3963.889211
3963.890211
3963.89121
3963.89221
3963.89321
3963.89421
3963.89521
3963.896209
3963.897209
3963.898211
3963.899211
3963.90021
3963.90121
3963.90221
3963.90321
3963.90421
3963.905209
3963.906209
3963.907211
3963.908211
3963.90921
3963.91021
3963.91121
3963.91221
3963.91321
3963.914209
3963.915209
3963.916211
3963.917211
3963.91821
3963.91921
3963.92021
3963.92121
3963.92221
3963.923209
3963.924209
3963.925211
3963.926211
3963.92721
3963.92821
3963.92921
3963.93021
3963.93121
3963.932209
3963.933211
3963.934211
3963.935211
3963.93621
3963.93721
3963.93821
3963.93921
3963.94021
3963.941209
3963.942211
3963.943211
3963.94421
3963.94521
3963.94621
3963.94721
3963.94821
3963.94921
3963.950209
3963.951211
3963.952211
3963.95321
3963.95421
3963.95521
3963.95621
3963.95721
3963.958209
3963.959209
3963.960211
3963.961211
3963.96221
3963.96321
3963.96421
3963.96521
3963.96621
3963.967209
3963.968209
3963.969211
3963.970211
3963.97121
3963.97221
3963.97321
3963.97421
3963.97521
3963.976209
3963.977209
3963.978211
3963.979211
3963.98021
3963.98121
3963.98221
3963.98321
3963.98421
3963.985209
3963.986209
3963.987211
3963.988211
3963.98921
3963.99021
3963.99121
3963.99221
3963.99321
3963.994209
3963.995211
3963.996211
3963.997211
3963.99821
3963.99921
3964.00021
3964.00121
3964.00221
3964.003209
3964.004211
3964.005211
3964.00621
3964.00721
3964.00821
3964.00921
3964.01021
3964.01121
3964.012209
3964.013211
3964.014211
3964.01521
3964.01621
3964.01721
3964.01821
3964.01921
3964.020209
3964.021209
3964.022211
3964.023211
3964.02421
3964.02521
3964.02621
3964.02721
3964.02821
3964.029209
3964.030209
3964.031211
3964.032211
3964.03321
3964.03421
3964.03521
3964.03621
3964.03721
3964.038209
3964.039209
3964.040211
3964.041211
3964.04221
3964.04321
3964.04421
3964.04521
3964.04621
3964.047209
3964.048209
3964.049211
3964.050211
3964.05121
3964.05221
3964.05321
3964.05421
3964.05521
3964.056209
3964.057211
3964.058211
3964.059211
3964.06021
3964.06121
3964.06221
3964.06321
3964.06421
3964.065209
3964.066211
3964.067211
3964.06821
3964.06921
3964.07021
3964.07121
3964.07221
3964.07321
3964.074209
3964.075211
3964.076211
3964.07721
3964.07821
3964.07921
3964.08021
3964.08121
3964.082209
3964.083209
3964.084211
3964.085211
3964.08621
3964.08721
3964.08821
3964.08921
3964.09021
3964.091209
3964.092209
3964.093211
3964.094211
3964.09521
3964.09621
3964.09721
3964.09821
3964.09921
3964.100209
3964.101209
3964.102211
3964.103211
3964.10421
3964.10521
3964.10621
3964.10721
3964.10821
3964.109209
3964.110209
3964.111211
3964.112211
3964.11321
3964.11421
3964.11521
3964.11621
3964.11721
3964.118209
3964.119211
3964.120211
3964.121211
3964.12221
3964.12321
3964.12421
3964.12521
3964.12621
3964.127209
3964.128211
3964.129211
3964.13021
3964.13121
3964.13221
3964.13321
3964.13421
3964.13521
3964.136209
3964.137211
3964.138211
3964.13921
3964.14021
3964.14121
3964.14221
3964.14321
3964.144209
3964.145209
3964.146211
3964.147211
3964.14821
3964.14921
3964.15021
3964.15121
3964.15221
3964.153209
3964.154209
3964.155211
3964.156211
3964.15721
3964.15821
3964.15921
3964.16021
3964.16121
3964.162209
3964.163209
3964.164211
3964.165211
3964.16621
3964.16721
3964.16821
3964.16921
3964.17021
3964.171209
3964.172209
3964.173211
3964.174211
3964.17521
3964.17621
3964.17721
3964.17821
3964.17921
3964.180209
3964.181211
3964.182211
3964.183211
3964.18421
3964.18521
3964.18621
3964.18721
3964.18821
3964.189209
3964.190211
3964.191211
3964.19221
3964.19321
3964.19421
3964.19521
3964.19621
3964.19721
3964.198209
3964.199211
3964.200211
3964.20121
3964.20221
3964.20321
3964.20421
3964.20521
3964.206209
3964.207209
3964.208211
3964.209211
3964.21021
3964.21121
3964.21221
3964.21321
3964.21421
3964.215209
3964.216209
3964.217211
3964.218211
3964.21921
3964.22021
3964.22121
3964.22221
3964.22321
3964.224209
3964.225209
3964.226211
3964.227211
3964.22821
3964.22921
3964.23021
3964.23121
3964.23221
3964.233209
3964.234209
3964.235211
3964.236211
3964.23721
3964.23821
3964.23921
3964.24021
3964.24121
3964.242209
3964.243211
3964.244211
3964.24521
3964.24621
3964.24721
3964.24821
3964.24921
3964.25021
3964.251209
3964.252211
3964.253211
3964.25421
3964.25521
3964.25621
3964.25721
3964.25821
3964.25921
3964.260209
3964.261211
3964.262211
3964.26321
3964.26421
3964.26521
3964.26621
3964.26721
3964.268209
3964.269209
3964.270211
3964.271211
3964.27221
3964.27321
3964.27421
3964.27521
3964.27621
3964.277209
3964.278209
3964.279211
3964.280211
3964.28121
3964.28221
3964.28321
3964.28421
3964.28521
3964.286209
3964.287209
3964.288211
3964.289211
3964.29021
3964.29121
3964.29221
3964.29321
3964.29421
3964.295209
3964.296209
3964.297211
3964.298211
3964.29921
3964.30021
3964.30121
3964.30221
3964.30321
3964.304209
3964.305211
3964.306211
3964.30721
3964.30821
3964.30921
3964.31021
3964.31121
3964.31221
3964.313209
3964.314211
3964.315211
3964.31621
3964.31721
3964.31821
3964.31921
3964.32021
3964.32121
3964.322209
3964.323211
3964.324211
3964.32521
3964.32621
3964.32721
3964.32821
3964.32921
3964.330209
3964.331209
3964.332211
3964.333211
3964.33421
3964.33521
3964.33621
3964.33721
3964.33821
3964.339209
3964.340209
3964.341211
3964.342211
3964.34321
3964.34421
3964.34521
3964.34621
3964.34721
3964.348209
3964.349209
3964.350211
3964.351211
3964.35221
3964.35321
3964.35421
3964.35521
3964.35621
3964.357209
3964.358209
3964.359211
3964.360211
3964.36121
3964.36221
3964.36321
3964.36421
3964.36521
3964.366209
3964.367211
3964.368211
3964.369211
3964.37021
3964.37121
3964.37221
3964.37321
3964.37421
3964.375209
3964.376211
3964.377211
3964.37821
3964.37921
3964.38021
3964.38121
3964.38221
3964.38321
3964.384209
3964.385211
3964.386211
3964.38721
3964.38821
3964.38921
3964.39021
3964.39121
3964.392209
3964.393209
3964.394211
3964.395211
3964.39621
3964.39721
3964.39821
3964.39921
3964.40021
3964.401209
3964.402209
3964.403211
3964.404211
3964.40521
3964.40621
3964.40721
3964.40821
3964.40921
3964.410209
3964.411209
3964.412211
3964.413211
3964.41421
3964.41521
3964.41621
3964.41721
3964.41821
3964.419209
3964.420209
3964.421211
3964.422211
3964.42321
3964.42421
3964.42521
3964.42621
3964.42721
3964.428209
3964.429211
3964.430211
3964.431211
3964.43221
3964.43321
3964.43421
3964.43521
3964.43621
3964.437209
3964.438211
3964.439211
3964.44021
3964.44121
3964.44221
3964.44321
3964.44421
3964.44521
3964.446209
3964.447211
3964.448211
3964.44921
3964.45021
3964.45121
3964.45221
3964.45321
3964.454209
3964.455209
3964.456211
3964.457211
3964.45821
3964.45921
3964.46021
3964.46121
3964.46221
3964.463209
3964.464209
3964.465211
3964.466211
3964.46721
3964.46821
3964.46921
3964.47021
3964.47121
3964.472209
3964.473209
3964.474211
3964.475211
3964.47621
3964.47721
3964.47821
3964.47921
3964.48021
3964.481209
3964.482209
3964.483211
3964.484211
3964.48521
3964.48621
3964.48721
3964.48821
3964.48921
3964.490209
3964.491211
3964.492211
3964.493211
3964.49421
3964.49521
3964.49621
3964.49721
3964.49821
3964.499209
3964.500211
3964.501211
3964.50221
3964.50321
3964.50421
3964.50521
3964.50621
3964.50721
3964.508209
3964.509211
3964.510211
3964.51121
3964.51221
3964.51321
3964.51421
3964.51521
3964.516209
3964.517209
3964.518211
3964.519211
3964.52021
3964.52121
3964.52221
3964.52321
3964.52421
3964.525209
3964.526209
3964.527211
3964.528211
3964.52921
3964.53021
3964.53121
3964.53221
3964.53321
3964.534209
3964.535209
3964.536211
3964.537211
3964.53821
3964.53921
3964.54021
3964.54121
3964.54221
3964.543209
3964.544209
3964.545211
3964.546211
3964.54721
3964.54821
3964.54921
3964.55021
3964.55121
3964.552209
3964.553211
3964.554211
3964.555211
3964.55621
3964.55721
3964.55821
3964.55921
3964.56021
3964.561209
3964.562211
3964.563211
3964.56421
3964.56521
3964.56621
3964.56721
3964.56821
3964.56921
3964.570209
3964.571211
3964.572211
3964.57321
3964.57421
3964.57521
3964.57621
3964.57721
3964.578209
3964.579209
3964.580211
3964.581211
3964.58221
3964.58321
3964.58421
3964.58521
3964.58621
3964.587209
3964.588209
3964.589211
3964.590211
3964.59121
3964.59221
3964.59321
3964.59421
3964.59521
3964.596209
3964.597209
3964.598211
3964.599211
3964.60021
3964.60121
3964.60221
3964.60321
3964.60421
3964.605209
3964.606209
3964.607211
3964.608211
3964.60921
3964.61021
3964.61121
3964.61221
3964.61321
3964.614209
3964.615211
3964.616211
3964.617211
