1555.380896
1555.381896
1555.382896
1555.383896
1555.384895
1555.385895
1555.386895
1555.387896
1555.388896
1555.389896
1555.390896
1555.391896
1555.392896
1555.393895
1555.394895
1555.395895
1555.396896
1555.397896
1555.398896
1555.399896
1555.400896
1555.401895
1555.402895
1555.403895
1555.404895
1555.405896
1555.406896
1555.407896
1555.408896
1555.409896
1555.410895
1555.411895
1555.412895
1555.413895
1555.414896
1555.415896
1555.416896
1555.417896
1555.418896
1555.419895
1555.420895
1555.421895
1555.422897
1555.423896
1555.424896
1555.425896
1555.426896
1555.427896
1555.428895
1555.429895
1555.430895
1555.431897
1555.432896
1555.433896
1555.434896
1555.435896
1555.436896
1555.437895
1555.438895
1555.439895
1555.440897
1555.441896
1555.442896
1555.443896
1555.444896
1555.445896
1555.446895
1555.447895
1555.448895
1555.449896
1555.450896
1555.451896
1555.452896
1555.453896
1555.454896
1555.455895
1555.456895
1555.457895
1555.458896
1555.459896
1555.460896
1555.461896
1555.462896
1555.463895
1555.464895
1555.465895
1555.466895
1555.467896
1555.468896
1555.469896
1555.470896
1555.471896
1555.472895
1555.473895
1555.474895
1555.475895
1555.476896
1555.477896
1555.478896
1555.479896
1555.480896
1555.481895
1555.482895
1555.483895
1555.484897
1555.485896
1555.486896
1555.487896
1555.488896
1555.489896
1555.490895
1555.491895
1555.492895
1555.493897
1555.494896
1555.495896
1555.496896
1555.497896
1555.498896
1555.499895
1555.500895
1555.501895
1555.502897
1555.503896
1555.504896
1555.505896
1555.506896
1555.507896
1555.508895
1555.509895
1555.510895
1555.511896
1555.512896
1555.513896
1555.514896
1555.515896
1555.516896
1555.517895
1555.518895
1555.519895
1555.520896
1555.521896
1555.522896
1555.523896
1555.524896
1555.525895
1555.526895
1555.527895
1555.528895
1555.529896
1555.530896
1555.531896
1555.532896
1555.533896
1555.534895
1555.535895
1555.536895
1555.537895
1555.538896
1555.539896
1555.540896
1555.541896
1555.542896
1555.543895
1555.544895
1555.545895
1555.546897
1555.547896
1555.548896
1555.549896
1555.550896
1555.551896
1555.552895
1555.553895
1555.554895
1555.555897
1555.556896
1555.557896
1555.558896
1555.559896
1555.560896
1555.561895
1555.562895
1555.563895
1555.564897
1555.565896
1555.566896
1555.567896
1555.568896
1555.569896
1555.570895
1555.571895
1555.572895
1555.573896
1555.574896
1555.575896
1555.576896
1555.577896
1555.578896
1555.579895
1555.580895
1555.581895
1555.582896
1555.583896
1555.584896
1555.585896
1555.586896
1555.587895
1555.588895
1555.589895
1555.590895
1555.591896
1555.592896
1555.593896
1555.594896
1555.595896
1555.596895
1555.597895
1555.598895
1555.600896
1555.601896
1555.602896
1555.603896
1555.604896
1555.605895
1555.606895
1555.607895
1555.608897
1555.609896
1555.610896
1555.611896
1555.612896
1555.613896
1555.614895
1555.615895
1555.616895
1555.617897
1555.618896
1555.619896
1555.620896
1555.621896
1555.622896
1555.623895
1555.624895
1555.625895
1555.626897
1555.627896
1555.628896
1555.629896
1555.630896
1555.631896
1555.632895
1555.633895
1555.634895
1555.635896
1555.636896
1555.637896
1555.638896
1555.639896
1555.640896
1555.641895
1555.642895
1555.643895
1555.644896
1555.645896
1555.646896
1555.647896
1555.648896
1555.650895
1555.651895
1555.652895
1555.653896
1555.654896
1555.655896
1555.656896
1555.657896
1555.658895
1555.659895
1555.660895
1555.661895
1555.662896
1555.663896
1555.664896
1555.665896
1555.666896
1555.667895
1555.668895
1555.669895
1555.670897
1555.671896
1555.672896
1555.673896
1555.674896
1555.675896
1555.676895
1555.677895
1555.678895
1555.679897
1555.680896
1555.681896
1555.682896
1555.683896
1555.684896
1555.685895
1555.686895
1555.687895
1555.688897
1555.689896
1555.690896
1555.691896
1555.692896
1555.693896
1555.694895
1555.695895
1555.696895
1555.697896
1555.698896
1555.699896
1555.700896
1555.701896
1555.702896
1555.703895
1555.704895
1555.705895
1555.706896
1555.707896
1555.708896
1555.709896
1555.710896
1555.711895
1555.712895
1555.713895
1555.714895
1555.715896
1555.716896
1555.717896
1555.718896
1555.719896
1555.720895
1555.721895
1555.722895
1555.723895
1555.724896
1555.725896
1555.726896
1555.727896
1555.728896
1555.729895
1555.730895
1555.731895
1555.732897
1555.733896
1555.734896
1555.735896
1555.736896
1555.737896
1555.738895
1555.739895
1555.740895
1555.741897
1555.742896
1555.743896
1555.744896
1555.745896
1555.746896
1555.747895
1555.748895
1555.749895
1555.750897
1555.751896
1555.752896
1555.753896
1555.754896
1555.755896
1555.756895
1555.757895
1555.758895
1555.759896
1555.760896
1555.761896
1555.762896
1555.763896
1555.764896
1555.765895
1555.766895
1555.767895
1555.768896
1555.769896
1555.770896
1555.771896
1555.772896
1555.773895
1555.774895
1555.775895
1555.776895
1555.777896
1555.778896
1555.779896
1555.780896
1555.781896
1555.782895
1555.783895
1555.784895
1555.785895
1555.786896
1555.787896
1555.788896
1555.789896
1555.790896
1555.791895
1555.792895
1555.793895
1555.794897
1555.795896
1555.796896
1555.797896
1555.798896
1555.799896
1555.800895
1555.801895
1555.802895
1555.803897
1555.804896
1555.805896
1555.806896
1555.807896
1555.808896
1555.809895
1555.810895
1555.811895
1555.812897
1555.813896
1555.814896
1555.815896
1555.816896
1555.817896
1555.818895
1555.819895
1555.820895
1555.821896
1555.822896
1555.823896
1555.824896
1555.825896
1555.826896
1555.827895
1555.828895
1555.829895
1555.830896
1555.831896
1555.832896
1555.833896
1555.834896
1555.835895
1555.836895
1555.837895
1555.838895
1555.839896
1555.840896
1555.841896
1555.842896
1555.843896
1555.844895
1555.845895
1555.846895
1555.847897
1555.848896
1555.849896
1555.850896
1555.851896
1555.852896
1555.853895
1555.854895
1555.855895
1555.856897
1555.857896
1555.858896
1555.859896
1555.860896
1555.861896
1555.862895
1555.863895
1555.864895
1555.865897
1555.866896
1555.867896
1555.868896
1555.869896
1555.870896
1555.871895
1555.872895
1555.873895
1555.874897
1555.875896
1555.876896
1555.877896
1555.878896
1555.879896
1555.880895
1555.881895
1555.882895
1555.883896
1555.884896
1555.885896
1555.886896
1555.887896
1555.888896
1555.889895
1555.890895
1555.891895
1555.892896
1555.893896
1555.894896
1555.895896
1555.896896
1555.897895
1555.898895
1555.899895
1555.900895
1555.901896
1555.902896
1555.903896
1555.904896
1555.905896
1555.906895
1555.907895
1555.908895
1555.909895
1555.910896
1555.911896
1555.912896
1555.913896
1555.914896
1555.915895
1555.916895
1555.917895
1555.918897
1555.919896
1555.920896
1555.921896
1555.922896
1555.923896
1555.924895
1555.925895
1555.926895
1555.927897
1555.928896
1555.929896
1555.930896
1555.931896
1555.932896
1555.933895
1555.934895
1555.935895
1555.936897
1555.937896
1555.938896
1555.939896
1555.940896
1555.941896
1555.942895
1555.943895
1555.944895
1555.945896
1555.946896
1555.947896
1555.948896
1555.949896
1555.950896
1555.951895
1555.952895
1555.953895
1555.954896
1555.955896
1555.956896
1555.957896
1555.958896
1555.959895
1555.960895
1555.961895
1555.962895
1555.963896
1555.964896
1555.966896
1555.967896
1555.968895
1555.969895
1555.970895
1555.971895
1555.972896
1555.973896
1555.974896
1555.975896
1555.976896
1555.977895
1555.978895
1555.979895
1555.980897
1555.981896
1555.982896
1555.983896
1555.984896
1555.985896
1555.986895
1555.987895
1555.988895
1555.989897
1555.990896
1555.991896
1555.992896
1555.993896
1555.994896
1555.995895
1555.996895
1555.997895
1555.998897
1555.999896
1556.001896
1556.002896
1556.003896
1556.004895
1556.005895
1556.006895
1556.007896
1556.008896
1556.009896
1556.010896
1556.011896
1556.012896
1556.013895
1556.014895
1556.016896
1556.017896
1556.018896
1556.019896
1556.020896
1556.021895
1556.022895
1556.023895
1556.024895
1556.025896
1556.026896
1556.027896
1556.028896
1556.029896
1556.030895
1556.031895
1556.032895
1556.033895
1556.034896
1556.035896
1556.036896
1556.037896
1556.038896
1556.039895
1556.040895
1556.041895
1556.042897
1556.043896
1556.044896
1556.045896
1556.046896
1556.047896
1556.048895
1556.049895
1556.050895
1556.051897
1556.052896
1556.053896
1556.054896
1556.055896
1556.056896
1556.057895
1556.058895
1556.059895
1556.060897
1556.061896
1556.062896
1556.063896
1556.064896
1556.067895
1556.068895
1556.069896
1556.070896
1556.071896
1556.072896
1556.073896
1556.074896
1556.075895
1556.076895
1556.077895
1556.078896
1556.079896
1556.080896
1556.081896
1556.082896
1556.083895
1556.084895
1556.085895
1556.086895
1556.087896
1556.088896
1556.089896
1556.090896
1556.091896
1556.092895
1556.093895
1556.094895
1556.095895
1556.096896
1556.097896
1556.098896
1556.099896
1556.100896
1556.101895
1556.102895
1556.103895
1556.104897
1556.105896
1556.106896
1556.107896
1556.108896
1556.109896
1556.110895
1556.111895
1556.112895
1556.113897
1556.114896
1556.115896
1556.116896
1556.117896
1556.118896
1556.119895
1556.120895
1556.121895
1556.122897
1556.123896
1556.124896
1556.125896
1556.126896
1556.127896
1556.128895
1556.129895
1556.130895
1556.131896
1556.132896
1556.133896
1556.134896
1556.135896
1556.136896
1556.137895
1556.138895
1556.139895
1556.140896
1556.141896
1556.142896
1556.143896
1556.144896
1556.145895
1556.146895
1556.147895
1556.148895
1556.149896
1556.150896
1556.151896
1556.152896
1556.153896
1556.154895
1556.155895
1556.156895
1556.157895
1556.158896
1556.159896
1556.160896
1556.161896
1556.162896
1556.163895
1556.164895
1556.165895
1556.166897
1556.167896
1556.168896
1556.169896
1556.170896
1556.171896
1556.172895
1556.173895
1556.174895
1556.175897
1556.176896
1556.177896
1556.178896
1556.179896
1556.180896
1556.181895
1556.183895
1556.184897
1556.185896
1556.186896
1556.187896
1556.188896
1556.189896
1556.190895
1556.191895
1556.192895
1556.193896
1556.194896
1556.195896
1556.196896
1556.197896
1556.198896
1556.199895
1556.200895
1556.201895
1556.202896
1556.203896
1556.204896
1556.205896
1556.206896
1556.207895
1556.208895
1556.209895
1556.210895
1556.211896
1556.212896
1556.213896
1556.214896
1556.215896
1556.216895
1556.217895
1556.218895
1556.219895
1556.220896
1556.221896
1556.222896
1556.223896
1556.224896
1556.225895
1556.226895
1556.227895
1556.228897
1556.229896
1556.230896
1556.231896
1556.232896
1556.233896
1556.234895
1556.235895
1556.236895
1556.237897
1556.238896
1556.239896
1556.240896
1556.241896
1556.242896
1556.243895
1556.244895
1556.245895
1556.246897
1556.247896
1556.248896
1556.249896
1556.250896
1556.251896
1556.252895
1556.253895
1556.254895
1556.255896
1556.256896
1556.257896
1556.258896
1556.259896
1556.260896
1556.261895
1556.262895
1556.263895
1556.264896
1556.265896
1556.266896
1556.267896
1556.268896
1556.269895
1556.270895
1556.271895
1556.272895
1556.273896
1556.274896
1556.275896
1556.276896
1556.277896
1556.278895
1556.279895
1556.280895
1556.281895
1556.282896
1556.283896
1556.284896
1556.285896
1556.286896
1556.287895
1556.288895
1556.289895
1556.290897
1556.291896
1556.292896
1556.293896
1556.294896
1556.295896
1556.296895
1556.297895
1556.298895
1556.299897
1556.300896
1556.301896
1556.302896
1556.303896
1556.304896
1556.305895
1556.306895
1556.307895
1556.308897
1556.309896
1556.310896
1556.311896
1556.312896
1556.313896
1556.314895
1556.315895
1556.316895
1556.317896
1556.318896
1556.319896
1556.320896
1556.321896
1556.322896
1556.323895
1556.324895
1556.325895
1556.326896
1556.327896
1556.328896
1556.329896
1556.330896
1556.331895
1556.332895
1556.333895
1556.334895
1556.335896
1556.336896
1556.337896
1556.338896
1556.339896
1556.340895
1556.341895
1556.342895
1556.343895
1556.344896
1556.345896
1556.346896
1556.347896
1556.348896
1556.349895
1556.350895
1556.351895
1556.352897
1556.353896
1556.354896
1556.355896
1556.356896
1556.357896
1556.358895
1556.359895
1556.360895
1556.361897
1556.362896
1556.363896
1556.364896
1556.366896
1556.367895
1556.368895
1556.369895
1556.370897
1556.371896
1556.372896
1556.373896
1556.374896
1556.375896
1556.376895
1556.377895
1556.378895
1556.379896
1556.380896
1556.381896
1556.382896
1556.383896
1556.384896
1556.385895
1556.386895
1556.387895
1556.388896
1556.389896
1556.390896
1556.391896
1556.392896
1556.393895
1556.394895
1556.395895
1556.396895
1556.397896
1556.398896
1556.399896
1556.400896
1556.401896
1556.402895
1556.403895
1556.404895
1556.405895
1556.406896
1556.407896
1556.408896
1556.409896
1556.410896
1556.411895
1556.412895
1556.413895
1556.414897
1556.415896
1556.416896
1556.417896
1556.418896
1556.419896
1556.420895
1556.421895
1556.422895
1556.423897
1556.424896
1556.425896
1556.426896
1556.427896
1556.428896
1556.429895
1556.430895
1556.431895
1556.432897
1556.433896
1556.434896
1556.435896
1556.436896
1556.437896
1556.438895
1556.439895
1556.440895
1556.441896
1556.442896
1556.443896
1556.444896
1556.445896
1556.446896
1556.447895
1556.448895
1556.449895
1556.450896
1556.451896
1556.452896
1556.453896
1556.454896
1556.455895
1556.456895
1556.457895
1556.458895
1556.459896
1556.460896
1556.461896
1556.462896
1556.463896
1556.464895
1556.465895
1556.466895
1556.467895
1556.468896
1556.469896
1556.470896
1556.471896
1556.472896
1556.473895
1556.474895
1556.475895
1556.476897
1556.477896
1556.478896
1556.479896
1556.480896
1556.481896
1556.482895
1556.483895
1556.484895
1556.485897
1556.486896
1556.487896
1556.488896
1556.489896
1556.490896
1556.491895
1556.492895
1556.493895
1556.494897
1556.495896
1556.496896
1556.497896
1556.498896
1556.499896
1556.500895
1556.501895
1556.502895
1556.503896
1556.504896
1556.505896
1556.506896
1556.507896
1556.508896
1556.509895
1556.510895
1556.511895
1556.512896
1556.513896
1556.514896
1556.515896
1556.516896
1556.517895
1556.518895
1556.519895
1556.520895
1556.521896
1556.522896
1556.523896
1556.524896
1556.525896
1556.526895
1556.527895
1556.528895
1556.529895
1556.530896
1556.531896
1556.532896
1556.533896
1556.534896
1556.535895
1556.536895
1556.537895
1556.538897
1556.539896
1556.540896
1556.541896
1556.542896
1556.543896
1556.544895
1556.545895
1556.546895
1556.547897
1556.548896
1556.549896
1556.550896
1556.551896
1556.552896
1556.553895
1556.554895
1556.555895
1556.556897
1556.557896
1556.558896
1556.559896
1556.560896
1556.561896
1556.562895
1556.563895
1556.564895
1556.565896
1556.566896
1556.567896
1556.568896
1556.569896
1556.570896
1556.571895
1556.572895
1556.573895
1556.574896
1556.575896
1556.576896
1556.577896
1556.578896
1556.579895
1556.580895
1556.581895
1556.582895
1556.583896
1556.584896
1556.585896
1556.586896
1556.587896
1556.588895
1556.589895
1556.590895
1556.591895
1556.592896
1556.593896
1556.594896
1556.595896
1556.596896
1556.597895
1556.598895
1556.599895
1556.600897
1556.601896
1556.602896
1556.603896
1556.604896
1556.605896
1556.606895
1556.607895
1556.608895
1556.609897
1556.610896
1556.611896
1556.612896
1556.613896
1556.614896
1556.615895
1556.616895
1556.617895
1556.618897
1556.619896
1556.620896
1556.621896
1556.622896
1556.623896
1556.624895
1556.625895
1556.626895
1556.627896
1556.628896
1556.629896
1556.630896
1556.631896
1556.632896
1556.633895
1556.634895
1556.635895
1556.636896
1556.637896
1556.638896
1556.639896
1556.640896
1556.641895
1556.642895
1556.643895
1556.644895
1556.645896
1556.646896
1556.647896
1556.648896
1556.649896
1556.650895
1556.651895
1556.652895
1556.653895
1556.654896
1556.655896
1556.656896
1556.657896
1556.658896
1556.659895
1556.660895
1556.661895
1556.662897
1556.663896
1556.664896
1556.665896
1556.666896
1556.667896
1556.668895
1556.669895
1556.670895
1556.671897
1556.672896
1556.673896
1556.674896
1556.675896
1556.676896
1556.677895
1556.678895
1556.679895
1556.680897
1556.681896
1556.682896
1556.683896
1556.684896
1556.685896
1556.686895
1556.687895
1556.688895
1556.689896
1556.690896
1556.691896
1556.692896
1556.693896
1556.694896
1556.695895
1556.696895
1556.697895
1556.698896
1556.699896
1556.700896
1556.701896
1556.702896
1556.703895
1556.704895
1556.705895
1556.706895
1556.707896
1556.708896
1556.709896
1556.710896
1556.711896
1556.712895
1556.713895
1556.714895
1556.715895
1556.716896
1556.717896
1556.718896
1556.719896
1556.720896
1556.721895
1556.722895
1556.723895
1556.724897
1556.725896
1556.726896
1556.727896
1556.728896
1556.729896
1556.730895
1556.731895
1556.732895
1556.733897
1556.734896
1556.735896
1556.736896
1556.737896
1556.738896
1556.739895
1556.740895
1556.741895
1556.742897
1556.743896
1556.744896
1556.745896
1556.746896
1556.747896
1556.748895
1556.749895
1556.750895
1556.751896
1556.752896
1556.753896
1556.754896
1556.755896
1556.756896
1556.757895
1556.758895
1556.759895
1556.760896
1556.761896
1556.762896
1556.763896
1556.764896
1556.765895
1556.766895
1556.767895
1556.768895
1556.769896
1556.770896
1556.771896
1556.772896
1556.773896
1556.774895
1556.775895
1556.776895
1556.777895
1556.778896
1556.779896
1556.780896
1556.781896
1556.782896
1556.783895
1556.784895
1556.785895
1556.786897
1556.787896
1556.788896
1556.789896
1556.790896
1556.791896
1556.792895
1556.799896
1556.801895
1556.802895
1556.803895
1556.804897
1556.805896
1556.806896
1556.807896
1556.808896
1556.809896
1556.810895
1556.811895
1556.812895
1556.813896
1556.814896
1556.816896
1556.818896
1556.819895
1556.820895
1556.821895
1556.822896
1556.823896
1556.824896
1556.825896
1556.826896
1556.827895
1556.828895
1556.829895
1556.830895
1556.831896
1556.832896
1556.833896
1556.834896
1556.835896
1556.836895
1556.837895
1556.838895
1556.839895
1556.840896
1556.841896
1556.842896
1556.843896
1556.844896
1556.845895
1556.846895
1556.847895
1556.848897
1556.849896
1556.850896
1556.851896
1556.852896
1556.853896
1556.854895
1556.855895
1556.856895
1556.857897
1556.858896
1556.859896
1556.860896
1556.861896
1556.862896
1556.863895
1556.864895
1556.865895
1556.866897
1556.867896
1556.868896
1556.869896
1556.870896
1556.871896
1556.872895
1556.873895
1556.874895
1556.875896
1556.876896
1556.877896
1556.878896
1556.879896
1556.880896
1556.881895
1556.882895
1556.883895
1556.884896
1556.885896
1556.886896
1556.887896
1556.888896
1556.889895
1556.890895
1556.891895
1556.892895
1556.893896
1556.894896
1556.895896
1556.896896
1556.897896
1556.898895
1556.899895
1556.901895
1556.902896
1556.903896
1556.904896
1556.905896
1556.906896
1556.907895
1556.908895
1556.909895
1556.910897
1556.911896
1556.912896
1556.913896
1556.914896
1556.915896
1556.916895
1556.917895
1556.918895
1556.919897
1556.920896
1556.921896
1556.922896
1556.923896
1556.924896
1556.925895
1556.926895
1556.927895
1556.928897
1556.929896
1556.930896
1556.931896
1556.932896
1556.933896
1556.934895
1556.935895
1556.936895
1556.937896
1556.938896
1556.939896
1556.940896
1556.941896
1556.942896
1556.943895
1556.944895
1556.945895
1556.946896
1556.947896
1556.948896
1556.949896
1556.950896
1556.951895
1556.952895
1556.953895
1556.954895
1556.955896
1556.956896
1556.957896
1556.958896
1556.959896
1556.960895
1556.961895
1556.962895
1556.963895
1556.964896
1556.965896
1556.966896
1556.967896
1556.968896
1556.969895
1556.970895
1556.971895
1556.972897
1556.973896
1556.974896
1556.975896
1556.976896
1556.977896
1556.978895
1556.979895
1556.980895
1556.981897
1556.982896
1556.983896
1556.984896
1556.985896
1556.986896
1556.987895
1556.988895
1556.989895
1556.990897
1556.991896
1556.992896
1556.993896
1556.994896
1556.995896
1556.996895
1556.997895
1556.998895
1556.999896
1557.000896
1557.001896
1557.002896
1557.003896
1557.004896
1557.005895
1557.006895
1557.007895
1557.008896
1557.009896
1557.010896
1557.011896
1557.012896
1557.013895
1557.014895
1557.015895
1557.016895
1557.017896
1557.018896
1557.019896
1557.020896
1557.021896
1557.022895
1557.023895
1557.024895
1557.025895
1557.026896
1557.027896
1557.028896
1557.029896
1557.030896
1557.031895
1557.032895
1557.033895
1557.034897
1557.035896
1557.036896
1557.037896
1557.038896
1557.039896
1557.040895
1557.041895
1557.042895
1557.043897
1557.044896
1557.045896
1557.046896
1557.047896
1557.048896
1557.049895
1557.050895
1557.051895
1557.052897
1557.053896
1557.054896
1557.055896
1557.056896
1557.057896
1557.058895
1557.059895
1557.060895
1557.061896
1557.062896
1557.063896
1557.064896
1557.065896
1557.066896
1557.067895
1557.068895
1557.069895
1557.070896
1557.071896
1557.072896
1557.073896
1557.074896
1557.075895
1557.076895
1557.077895
1557.078895
1557.079896
1557.080896
1557.081896
1557.082896
1557.083896
1557.084895
1557.085895
1557.086895
1557.087895
1557.088896
1557.089896
1557.090896
1557.091896
1557.092896
1557.093895
1557.094895
1557.095895
1557.096897
1557.097896
1557.098896
1557.099896
1557.100896
1557.101896
1557.102895
1557.103895
1557.104895
1557.105897
1557.106896
1557.107896
1557.108896
1557.109896
1557.110896
1557.111895
1557.112895
1557.113895
1557.114897
1557.115896
1557.116896
1557.117896
1557.118896
1557.119896
1557.120895
1557.121895
1557.122895
1557.123896
1557.124896
1557.125896
1557.126896
1557.127896
1557.128896
1557.129895
1557.130895
1557.131895
1557.132896
1557.133896
1557.134896
1557.135896
1557.136896
1557.137895
1557.138895
1557.139895
1557.140895
1557.141896
1557.142896
1557.143896
1557.144896
1557.145896
1557.146895
1557.147895
1557.148895
1557.149895
1557.150896
1557.151896
1557.152896
1557.153896
1557.154896
1557.155895
1557.156895
1557.157895
1557.158897
1557.159896
1557.160896
1557.161896
1557.162896
1557.163896
1557.164895
1557.165895
1557.166895
1557.167897
1557.168896
1557.169896
1557.170896
1557.171896
1557.172896
1557.173895
1557.174895
1557.175895
1557.176897
1557.177896
1557.178896
1557.179896
1557.180896
1557.181896
1557.182895
1557.183895
1557.184895
1557.185896
1557.186896
1557.187896
1557.188896
1557.189896
1557.190896
1557.191895
1557.192895
1557.193895
1557.194896
1557.195896
1557.196896
1557.197896
1557.198896
1557.199895
1557.200895
1557.201895
1557.202895
1557.203896
1557.204896
1557.205896
1557.206896
1557.207896
1557.208895
1557.209895
1557.210895
1557.211895
1557.212896
1557.213896
1557.214896
1557.215896
1557.216896
1557.217895
1557.218895
1557.219895
1557.220897
1557.221896
1557.222896
1557.223896
1557.224896
1557.225896
1557.226895
1557.227895
1557.228895
1557.229897
1557.230896
1557.231896
1557.232896
1557.233896
1557.234896
1557.235895
1557.236895
1557.237895
1557.238897
1557.239896
1557.240896
1557.241896
1557.242896
1557.243896
1557.244895
1557.245895
1557.246895
1557.247896
1557.248896
1557.249896
1557.250896
1557.251896
1557.252896
1557.253895
1557.254895
1557.255895
1557.256896
1557.257896
1557.258896
1557.259896
1557.260896
1557.261895
1557.262895
1557.263895
1557.264895
1557.265896
1557.266896
1557.267896
1557.268896
1557.269896
1557.270895
1557.271895
1557.272895
1557.273895
1557.274896
1557.275896
1557.276896
1557.277896
1557.278896
1557.279895
1557.280895
1557.281895
1557.282897
1557.283896
1557.284896
1557.285896
1557.286896
1557.287896
1557.288895
1557.289895
1557.290895
1557.291897
1557.292896
1557.293896
1557.294896
1557.295896
1557.296896
1557.297895
1557.298895
1557.299895
1557.300897
1557.301896
1557.302896
1557.303896
1557.304896
1557.305896
1557.306895
1557.307895
1557.308895
1557.309896
1557.310896
1557.311896
1557.312896
1557.313896
1557.314896
1557.315895
1557.316895
1557.317895
1557.318896
1557.319896
1557.320896
1557.321896
1557.322896
1557.323895
1557.324895
1557.325895
1557.326895
1557.327896
1557.328896
1557.329896
1557.330896
1557.331896
1557.332895
1557.333895
1557.334895
1557.335895
1557.336896
1557.337896
1557.338896
1557.339896
1557.340896
1557.341895
1557.342895
1557.343895
1557.344897
1557.345896
1557.346896
1557.347896
1557.348896
1557.349896
1557.350895
1557.351895
1557.352895
1557.353897
1557.354896
1557.355896
1557.356896
1557.357896
1557.358896
1557.359895
1557.360895
1557.361895
1557.362897
1557.363896
1557.364896
1557.365896
1557.366896
1557.367896
1557.368895
1557.369895
1557.370895
1557.371896
1557.372896
1557.373896
1557.374896
1557.375896
1557.376896
1557.377895
1557.378895
1557.379895
1557.380896
1557.381896
1557.382896
1557.383896
1557.384896
1557.385895
1557.386895
