1842.904806
1842.905806
1842.906805
1842.907805
1842.908805
1842.909807
1842.910806
1842.911806
1842.912806
1842.913806
1842.914806
1842.915805
1842.916805
1842.917805
1842.918807
1842.919806
1842.920806
1842.921806
1842.922806
1842.923806
1842.924805
1842.925805
1842.926805
1842.927807
1842.928806
1842.929806
1842.930806
1842.931806
1842.932806
1842.933805
1842.934805
1842.935805
1842.936806
1842.937806
1842.938806
1842.939806
1842.940806
1842.941806
1842.942805
1842.943805
1842.944805
1842.945806
1842.946806
1842.947806
1842.948806
1842.949806
1842.950805
1842.951805
1842.952805
1842.953807
1842.954806
1842.955806
1842.956806
1842.957806
1842.958806
1842.959805
1842.960805
1842.961805
1842.962807
1842.963806
1842.964806
1842.965806
1842.966806
1842.967806
1842.968805
1842.969805
1842.970805
1842.971807
1842.972806
1842.973806
1842.974806
1842.975806
1842.976806
1842.977805
1842.978805
1842.979805
1842.980807
1842.981806
1842.982806
1842.983806
1842.984806
1842.985806
1842.986805
1842.987805
1842.988805
1842.989807
1842.990806
1842.991806
1842.992806
1842.993806
1842.994806
1842.995805
1842.996805
1842.997805
1842.998806
1842.999806
1843.000806
1843.001806
1843.002806
1843.003806
1843.004805
1843.005805
1843.006805
1843.007806
1843.008806
1843.009806
1843.010806
1843.011806
1843.012805
1843.013805
1843.014805
1843.015807
1843.016806
1843.017806
1843.018806
1843.019806
1843.020806
1843.021805
1843.022805
1843.023805
1843.024807
1843.025806
1843.026806
1843.027806
1843.028806
1843.029806
1843.030805
1843.031805
1843.032805
1843.033807
1843.034806
1843.035806
1843.036806
1843.037806
1843.038806
1843.039805
1843.040805
1843.041805
1843.042807
1843.043806
1843.044806
1843.045806
1843.046806
1843.047806
1843.048805
1843.049805
1843.050805
1843.051806
1843.052806
1843.053806
1843.054806
1843.055806
1843.056806
1843.057805
1843.058805
1843.059805
1843.060806
1843.061806
1843.062806
1843.063806
1843.064806
1843.065806
1843.066805
1843.067805
1843.068805
1843.069806
1843.070806
1843.071806
1843.072806
1843.073806
1843.074805
1843.075805
1843.076805
1843.077807
1843.078806
1843.079806
1843.080806
1843.081806
1843.082806
1843.083805
1843.084805
1843.085805
1843.086807
1843.087806
1843.088806
1843.089806
1843.090806
1843.091806
1843.092805
1843.093805
1843.094805
1843.095807
1843.096806
1843.097806
1843.098806
1843.099806
1843.100806
1843.101805
1843.102805
1843.103805
1843.104807
1843.105806
1843.106806
1843.107806
1843.108806
1843.109806
1843.110805
1843.111805
1843.112805
1843.113807
1843.114806
1843.115806
1843.116806
1843.117806
1843.118806
1843.119805
1843.120805
1843.121805
1843.122806
1843.123806
1843.124806
1843.125806
1843.126806
1843.127805
1843.128805
1843.129805
1843.130805
1843.131806
1843.132806
1843.133806
1843.134806
1843.135806
1843.136805
1843.137805
1843.138805
1843.139807
1843.140806
1843.141806
1843.142806
1843.143806
1843.144806
1843.145805
1843.146805
1843.147805
1843.148807
1843.149806
1843.150806
1843.151806
1843.152806
1843.153806
1843.154805
1843.155805
1843.156805
1843.157807
1843.158806
1843.159806
1843.160806
1843.161806
1843.162806
1843.163805
1843.164805
1843.165805
1843.166807
1843.167806
1843.168806
1843.169806
1843.170806
1843.171806
1843.172805
1843.173805
1843.174805
1843.175807
1843.176806
1843.177806
1843.178806
1843.179806
1843.180806
1843.181805
1843.182805
1843.183805
1843.184806
1843.185806
1843.186806
1843.187806
1843.188806
1843.189805
1843.190805
1843.191805
1843.192805
1843.193806
1843.194806
1843.195806
1843.196806
1843.197806
1843.198805
1843.199805
1843.200805
1843.201807
1843.202806
1843.203806
1843.204806
1843.205806
1843.206806
1843.207805
1843.208805
1843.209805
1843.210807
1843.211806
1843.212806
1843.213806
1843.214806
1843.215806
1843.216805
1843.217805
1843.218805
1843.219807
1843.220806
1843.221806
1843.222806
1843.223806
1843.224806
1843.225805
1843.226805
1843.227805
1843.228807
1843.229806
1843.230806
1843.231806
1843.232806
1843.233806
1843.234805
1843.235805
1843.236805
1843.237807
1843.238806
1843.239806
1843.240806
1843.241806
1843.242806
1843.243805
1843.244805
1843.245805
1843.246806
1843.247806
1843.248806
1843.249806
1843.250806
1843.251806
1843.252805
1843.253805
1843.254805
1843.255806
1843.256806
1843.257806
1843.258806
1843.259806
1843.260805
1843.261805
1843.262805
1843.263807
1843.264806
1843.265806
1843.266806
1843.267806
1843.268806
1843.269805
1843.270805
1843.271805
1843.272807
1843.273806
1843.274806
1843.275806
1843.276806
1843.277806
1843.278805
1843.279805
1843.280805
1843.281807
1843.282806
1843.283806
1843.284806
1843.285806
1843.286806
1843.287805
1843.288805
1843.289805
1843.290807
1843.291806
1843.292806
1843.293806
1843.294806
1843.295806
1843.296805
1843.297805
1843.298805
1843.299807
1843.300806
1843.301806
1843.302806
1843.303806
1843.304806
1843.305805
1843.306805
1843.307805
1843.308806
1843.309806
1843.310806
1843.311806
1843.312806
1843.313805
1843.314805
1843.315805
1843.316805
1843.317806
1843.318806
1843.319806
1843.320806
1843.321806
1843.322805
1843.323805
1843.324805
1843.325807
1843.326806
1843.327806
1843.328806
1843.329806
1843.330806
1843.331805
1843.332805
1843.333805
1843.334807
1843.335806
1843.336806
1843.337806
1843.338806
1843.339806
1843.340805
1843.341805
1843.342805
1843.343807
1843.344806
1843.345806
1843.346806
1843.347806
1843.348806
1843.349805
1843.350805
1843.351805
1843.352807
1843.353806
1843.354806
1843.355806
1843.356806
1843.357806
1843.358805
1843.359805
1843.360805
1843.361806
1843.362806
1843.363806
1843.364806
1843.365806
1843.366806
1843.367805
1843.368805
1843.369805
1843.370806
1843.371806
1843.372806
1843.373806
1843.374806
1843.375806
1843.376805
1843.377805
1843.378805
1843.379806
1843.380806
1843.381806
1843.382806
1843.383806
1843.384805
1843.385805
1843.386805
1843.387807
1843.388806
1843.389806
1843.390806
1843.391806
1843.392806
1843.393805
1843.394805
1843.395805
1843.396807
1843.397806
1843.398806
1843.399806
1843.400806
1843.401806
1843.402805
1843.403805
1843.404805
1843.405807
1843.406806
1843.407806
1843.408806
1843.409806
1843.410806
1843.411805
1843.412805
1843.413805
1843.414807
1843.415806
1843.416806
1843.417806
1843.418806
1843.419806
1843.420805
1843.421805
1843.422805
1843.423806
1843.424806
1843.425806
1843.426806
1843.427806
1843.428806
1843.429805
1843.430805
1843.431805
1843.432806
1843.433806
1843.434806
1843.435806
1843.436806
1843.437805
1843.438805
1843.439805
1843.440805
1843.441806
1843.442806
1843.443806
1843.444806
1843.445806
1843.446805
1843.447805
1843.448805
1843.449807
1843.450806
1843.451806
1843.452806
1843.453806
1843.454806
1843.455805
1843.456805
1843.457805
1843.458807
1843.459806
1843.460806
1843.461806
1843.462806
1843.463806
1843.464805
1843.465805
1843.466805
1843.467807
1843.468806
1843.469806
1843.470806
1843.471806
1843.472806
1843.473805
1843.474805
1843.475805
1843.476807
1843.477806
1843.478806
1843.479806
1843.480806
1843.481806
1843.482805
1843.483805
1843.484805
1843.485807
1843.486806
1843.487806
1843.488806
1843.489806
1843.490806
1843.491805
1843.492805
1843.493805
1843.494806
1843.495806
1843.496806
1843.497806
1843.498806
1843.499806
1843.500805
1843.501805
1843.502805
1843.503806
1843.504806
1843.505806
1843.506806
1843.507806
1843.508805
1843.509805
1843.510805
1843.511807
1843.512806
1843.513806
1843.514806
1843.515806
1843.516806
1843.517805
1843.518805
1843.519805
1843.520807
1843.521806
1843.522806
1843.523806
1843.524806
1843.525806
1843.526805
1843.527805
1843.528805
1843.529807
1843.530806
1843.531806
1843.532806
1843.533806
1843.534806
1843.535805
1843.536805
1843.537805
1843.538807
1843.539806
1843.540806
1843.541806
1843.542806
1843.543806
1843.544805
1843.545805
1843.546805
1843.547807
1843.548806
1843.549806
1843.550806
1843.551806
1843.552806
1843.553805
1843.554805
1843.555805
1843.556806
1843.557806
1843.558806
1843.559806
1843.560806
1843.561805
1843.562805
1843.563805
1843.564805
1843.565806
1843.566806
1843.567806
1843.568806
1843.569806
1843.570805
1843.571805
1843.572805
1843.573807
1843.574806
1843.575806
1843.576806
1843.577806
1843.578806
1843.579805
1843.580805
1843.581805
1843.582807
1843.583806
1843.584806
1843.585806
1843.586806
1843.587806
1843.588805
1843.589805
1843.590805
1843.591807
1843.592806
1843.593806
1843.594806
1843.595806
1843.596806
1843.597805
1843.598805
1843.599805
1843.600807
1843.601806
1843.602806
1843.603806
1843.604806
1843.605806
1843.606805
1843.607805
1843.608805
1843.609806
1843.610806
1843.611806
1843.612806
1843.613806
1843.614806
1843.615805
1843.616805
1843.617805
1843.618806
1843.619806
1843.620806
1843.621806
1843.622806
1843.623806
1843.624805
1843.625805
1843.626805
1843.627806
1843.628806
1843.629806
1843.630806
1843.631806
1843.632805
1843.633805
1843.634805
1843.635807
1843.636806
1843.637806
1843.638806
1843.639806
1843.640806
1843.641805
1843.642805
1843.643805
1843.644807
1843.645806
1843.646806
1843.647806
1843.648806
1843.649806
1843.650805
1843.651805
1843.652805
1843.653807
1843.654806
1843.655806
1843.656806
1843.657806
1843.658806
1843.659805
1843.660805
1843.661805
1843.662807
1843.663806
1843.664806
1843.665806
1843.666806
1843.667806
1843.668805
1843.669805
1843.670805
1843.671807
1843.672806
1843.673806
1843.674806
1843.675806
1843.676806
1843.677805
1843.678805
1843.679805
1843.680806
1843.681806
1843.682806
1843.683806
1843.684806
1843.685805
1843.686805
1843.687805
1843.688805
1843.689806
1843.690806
1843.691806
1843.692806
1843.693806
1843.694805
1843.695805
1843.696805
1843.697807
1843.698806
1843.699806
1843.700806
1843.701806
1843.702806
1843.703805
1843.704805
1843.705805
1843.706807
1843.707806
1843.708806
1843.709806
1843.710806
1843.711806
1843.712805
1843.713805
1843.714805
1843.715807
1843.716806
1843.717806
1843.718806
1843.719806
1843.720806
1843.721805
1843.722805
1843.723805
1843.724807
1843.725806
1843.726806
1843.727806
1843.728806
1843.729806
1843.730805
1843.731805
1843.732805
1843.733807
1843.734806
1843.735806
1843.736806
1843.737806
1843.738806
1843.739805
1843.740805
1843.741805
1843.742806
1843.743806
1843.744806
1843.745806
1843.746806
1843.747806
1843.748805
1843.749805
1843.750805
1843.751806
1843.752806
1843.753806
1843.754806
1843.755806
1843.756805
1843.757805
1843.758805
1843.759807
1843.760806
1843.761806
1843.762806
1843.763806
1843.764806
1843.765805
1843.766805
1843.767805
1843.768807
1843.769806
1843.770806
1843.771806
1843.772806
1843.773806
1843.774805
1843.775805
1843.776805
1843.777807
1843.778806
1843.779806
1843.780806
1843.781806
1843.782806
1843.783805
1843.784805
1843.785805
1843.786807
1843.787806
1843.788806
1843.789806
1843.790806
1843.791806
1843.792805
1843.793805
1843.794805
1843.795807
1843.796806
1843.797806
1843.798806
1843.799806
1843.800806
1843.801805
1843.802805
1843.803805
1843.804806
1843.805806
1843.806806
1843.807806
1843.808806
1843.809805
1843.810805
1843.811805
1843.812805
1843.813806
1843.814806
1843.815806
1843.816806
1843.817806
1843.818805
1843.819805
1843.820805
1843.821807
1843.822806
1843.823806
1843.824806
1843.825806
1843.826806
1843.827805
1843.828805
1843.829805
1843.830807
1843.831806
1843.832806
1843.833806
1843.834806
1843.835806
1843.836805
1843.837805
1843.838805
1843.839807
1843.840806
1843.841806
1843.842806
1843.843806
1843.844806
1843.845805
1843.846805
1843.847805
1843.848807
1843.849806
1843.850806
1843.851806
1843.852806
1843.853806
1843.854805
1843.855805
1843.856805
1843.857807
1843.858806
1843.859806
1843.860806
1843.861806
1843.862806
1843.863805
1843.864805
1843.865805
1843.866806
1843.867806
1843.868806
1843.869806
1843.870806
1843.871806
1843.872805
1843.873805
1843.874805
1843.875806
1843.876806
1843.877806
1843.878806
1843.879806
1843.880805
1843.881805
1843.882805
1843.883807
1843.884806
1843.885806
1843.886806
1843.887806
1843.888806
1843.889805
1843.890805
1843.891805
1843.892807
1843.893806
1843.894806
1843.895806
1843.896806
1843.897806
1843.898805
1843.899805
1843.900805
1843.901807
1843.902806
1843.903806
1843.904806
1843.905806
1843.906806
1843.907805
1843.908805
1843.909805
1843.910807
1843.911806
1843.912806
1843.913806
1843.914806
1843.915806
1843.916805
1843.917805
1843.918805
1843.919807
1843.920806
1843.921806
1843.922806
1843.923806
1843.924806
1843.925805
1843.926805
1843.927805
1843.928806
1843.929806
1843.930806
1843.931806
1843.932806
1843.933806
1843.934805
1843.935805
1843.936805
1843.937806
1843.938806
1843.939806
1843.940806
1843.941806
1843.942805
1843.943805
1843.944805
1843.945807
1843.946806
1843.947806
1843.948806
1843.949806
1843.950806
1843.951805
1843.952805
1843.953805
1843.954807
1843.955806
1843.956806
1843.957806
1843.958806
1843.959806
1843.960805
1843.961805
1843.962805
1843.963807
1843.964806
1843.965806
1843.966806
1843.967806
1843.968806
1843.969805
1843.970805
1843.971805
1843.972807
1843.973806
1843.974806
1843.975806
1843.976806
1843.977806
1843.978805
1843.979805
1843.980805
1843.981806
1843.982806
1843.983806
1843.984806
1843.985806
1843.986806
1843.987805
1843.988805
1843.989805
1843.990806
1843.991806
1843.992806
1843.993806
1843.994806
1843.995805
1843.996805
1843.997805
1843.998805
1843.999806
1844.000806
1844.001806
1844.002806
1844.003806
1844.004805
1844.005805
1844.006805
1844.007807
1844.008806
1844.009806
1844.010806
1844.011806
1844.012806
1844.013805
1844.014805
1844.015805
1844.016807
1844.017806
1844.018806
1844.019806
1844.020806
1844.021806
1844.022805
1844.023805
1844.024805
1844.025807
1844.026806
1844.027806
1844.028806
1844.029806
1844.030806
1844.031805
1844.032805
1844.033805
1844.034807
1844.035806
1844.036806
1844.037806
1844.038806
1844.039806
1844.040805
1844.041805
1844.042805
1844.043807
1844.044806
1844.045806
1844.046806
1844.047806
1844.048806
1844.049805
1844.050805
1844.051805
1844.052806
1844.053806
1844.054806
1844.055806
1844.056806
1844.057806
1844.058805
1844.059805
1844.060805
1844.061806
1844.062806
1844.063806
1844.064806
1844.065806
1844.066805
1844.067805
1844.068805
1844.069807
1844.070806
1844.071806
1844.072806
1844.073806
1844.074806
1844.075805
1844.076805
1844.077805
1844.078807
1844.079806
1844.080806
1844.081806
1844.082806
1844.083806
1844.084805
1844.085805
1844.086805
1844.087807
1844.088806
1844.089806
1844.090806
1844.091806
1844.092806
1844.093805
1844.094805
1844.095805
1844.096807
1844.097806
1844.098806
1844.099806
1844.100806
1844.101806
1844.102805
1844.103805
1844.104805
1844.105807
1844.106806
1844.107806
1844.108806
1844.109806
1844.110806
1844.111805
1844.112805
1844.113805
1844.114806
1844.115806
1844.116806
1844.117806
1844.118806
1844.119806
1844.120805
1844.121805
1844.122805
1844.123806
1844.124806
1844.125806
1844.126806
1844.127806
1844.128805
1844.129805
1844.130805
1844.131807
1844.132806
1844.133806
1844.134806
1844.135806
1844.136806
1844.137805
1844.138805
1844.139805
1844.140807
1844.141806
1844.142806
1844.143806
1844.144806
1844.145806
1844.146805
1844.147805
1844.148805
1844.149807
1844.150806
1844.151806
1844.152806
1844.153806
1844.154806
1844.155805
1844.156805
1844.157805
1844.158807
1844.159806
1844.160806
1844.161806
1844.162806
1844.163806
1844.164805
1844.165805
1844.166805
1844.167807
1844.168806
1844.169806
1844.170806
1844.171806
1844.172806
1844.173805
1844.174805
1844.175805
1844.176806
1844.177806
1844.178806
1844.179806
1844.180806
1844.181806
1844.182805
1844.183805
1844.184805
1844.185806
1844.186806
1844.187806
1844.188806
1844.189806
1844.190805
1844.191805
1844.192805
1844.193807
1844.194806
1844.195806
1844.196806
1844.197806
1844.198806
1844.199805
1844.200805
1844.201805
1844.202807
1844.203806
1844.204806
1844.205806
1844.206806
1844.207806
1844.208805
1844.209805
1844.210805
1844.211807
1844.212806
1844.213806
1844.214806
1844.215806
1844.216806
1844.217805
1844.218805
1844.219805
1844.220807
1844.221806
1844.222806
1844.223806
1844.224806
1844.225806
1844.226805
1844.227805
1844.228805
1844.229807
1844.230806
1844.231806
1844.232806
1844.233806
1844.234806
1844.235805
1844.236805
1844.237805
1844.238806
1844.239806
1844.240806
1844.241806
1844.242806
1844.243806
1844.244805
1844.245805
1844.246805
1844.247806
1844.248806
1844.249806
1844.250806
1844.251806
1844.252805
1844.253805
1844.254805
1844.255807
1844.256806
1844.257806
1844.258806
1844.259806
1844.260806
1844.261805
1844.262805
1844.263805
1844.264807
1844.265806
1844.266806
1844.267806
1844.268806
1844.269806
1844.270805
1844.271805
1844.272805
1844.273807
1844.274806
1844.275806
1844.276806
1844.277806
1844.278806
1844.279805
1844.280805
1844.281805
1844.282807
1844.283806
1844.284806
1844.285806
1844.286806
1844.287806
1844.288805
1844.289805
1844.290805
1844.291807
1844.292806
1844.293806
1844.294806
1844.295806
1844.296806
1844.297805
1844.298805
1844.299805
1844.300806
1844.301806
1844.302806
1844.303806
1844.304806
1844.305806
1844.306805
1844.307805
1844.308805
1844.309806
1844.310806
1844.311806
1844.312806
1844.313806
1844.314805
1844.315805
1844.316805
1844.317807
1844.318806
1844.319806
1844.320806
1844.321806
1844.322806
1844.323805
1844.324805
1844.325805
1844.326807
1844.327806
1844.328806
1844.329806
1844.330806
1844.331806
1844.332805
1844.333805
1844.334805
1844.335807
1844.336806
1844.337806
1844.338806
1844.339806
1844.340806
1844.341805
1844.342805
1844.343805
1844.344807
1844.345806
1844.346806
1844.347806
1844.348806
1844.349806
1844.350805
1844.351805
1844.352805
1844.353807
1844.354806
1844.355806
1844.356806
1844.357806
1844.358806
1844.359805
1844.360805
1844.361805
1844.362806
1844.363806
1844.364806
1844.365806
1844.366806
1844.367806
1844.368805
1844.369805
1844.370805
1844.371806
1844.372806
1844.373806
1844.374806
1844.375806
1844.376805
1844.377805
1844.378805
1844.379807
1844.380806
1844.381806
1844.382806
1844.383806
1844.384806
1844.385805
1844.386805
1844.387805
1844.388807
1844.389806
1844.390806
1844.391806
1844.392806
1844.393806
1844.394805
1844.395805
1844.396805
1844.397807
1844.398806
1844.399806
1844.400806
1844.401806
1844.402806
1844.403805
1844.404805
1844.405805
1844.406807
1844.407806
1844.408806
1844.409806
1844.410806
1844.411806
1844.412805
1844.413805
1844.414805
1844.415807
1844.416806
1844.417806
1844.418806
1844.419806
1844.420806
1844.421805
1844.422805
1844.423805
1844.424806
1844.425806
1844.426806
1844.427806
1844.428806
1844.429806
1844.430805
1844.431805
1844.432805
1844.433806
1844.434806
1844.435806
1844.436806
1844.437806
1844.438805
1844.439805
1844.440805
1844.441807
1844.442806
1844.443806
1844.444806
1844.445806
1844.446806
1844.447805
1844.448805
1844.449805
1844.450807
1844.451806
1844.452806
1844.453806
1844.454806
1844.455806
1844.456805
1844.457805
1844.458805
1844.459807
1844.460806
1844.461806
1844.462806
1844.463806
1844.464806
1844.465805
1844.466805
1844.467805
1844.468807
1844.469806
1844.470806
1844.471806
1844.472806
1844.473806
1844.474805
1844.475805
1844.476805
1844.477807
1844.478806
1844.479806
1844.480806
1844.481806
1844.482806
1844.483805
1844.484805
1844.485805
1844.486806
1844.487806
1844.488806
1844.489806
1844.490806
1844.491806
1844.492805
1844.493805
1844.494805
1844.495806
1844.496806
1844.497806
1844.498806
1844.499806
1844.500805
1844.501805
1844.502805
1844.503807
1844.504806
1844.505806
1844.506806
1844.507806
1844.508806
1844.509805
1844.510805
1844.511805
1844.512807
1844.513806
1844.514806
1844.515806
1844.516806
1844.517806
1844.518805
1844.519805
1844.520805
1844.521807
1844.522806
1844.523806
1844.524806
1844.525806
1844.526806
1844.527805
1844.528805
1844.529805
1844.530807
1844.531806
1844.532806
1844.533806
1844.534806
1844.535806
1844.536805
1844.537805
1844.538805
1844.539807
1844.540806
1844.541806
1844.542806
1844.543806
1844.544806
1844.545805
1844.546805
1844.547805
1844.548806
1844.549806
1844.550806
1844.551806
1844.552806
1844.553805
1844.554805
1844.555805
1844.556805
1844.557806
1844.558806
1844.559806
1844.560806
1844.561806
1844.562805
1844.563805
1844.564805
1844.565807
1844.566806
1844.567806
1844.568806
1844.569806
1844.570806
1844.571805
1844.572805
1844.573805
1844.574807
1844.575806
1844.576806
1844.577806
1844.578806
1844.579806
1844.580805
1844.581805
1844.582805
1844.583807
1844.584806
1844.585806
1844.586806
1844.587806
1844.588806
1844.589805
1844.590805
1844.591805
1844.592807
1844.593806
1844.594806
1844.595806
1844.596806
1844.597806
1844.598805
1844.599805
1844.600805
1844.601807
1844.602806
1844.603806
1844.604806
1844.605806
1844.606806
1844.607805
1844.608805
1844.609805
1844.610806
1844.611806
1844.612806
1844.613806
1844.614806
1844.615806
1844.616805
1844.617805
1844.618805
1844.619806
1844.620806
1844.621806
1844.622806
1844.623806
1844.624805
1844.625805
1844.626805
1844.627807
1844.628806
1844.629806
1844.630806
1844.631806
1844.632806
1844.633805
1844.634805
1844.635805
1844.636807
1844.637806
1844.638806
1844.639806
1844.640806
1844.641806
1844.642805
1844.643805
1844.644805
1844.645807
1844.646806
1844.647806
1844.648806
1844.649806
1844.650806
1844.651805
1844.652805
1844.653805
1844.654807
1844.655806
1844.656806
1844.657806
1844.658806
1844.659806
1844.660805
1844.661805
1844.662805
1844.663806
1844.664806
1844.665806
1844.666806
1844.667806
1844.668806
1844.669805
1844.670805
1844.671805
1844.672806
1844.673806
1844.674806
1844.675806
1844.676806
1844.677806
1844.678805
1844.679805
1844.680805
1844.681806
1844.682806
1844.683806
1844.684806
1844.685806
1844.686805
1844.687805
1844.688805
1844.689807
1844.690806
1844.691806
1844.692806
1844.693806
1844.694806
1844.695805
1844.696805
1844.697805
1844.698807
1844.699806
1844.700806
1844.701806
1844.702806
1844.703806
1844.704805
1844.705805
1844.706805
1844.707807
1844.708806
1844.709806
1844.710806
1844.711806
1844.712806
1844.713805
1844.714805
1844.715805
1844.716807
1844.717806
1844.718806
1844.719806
1844.720806
1844.721806
1844.722805
1844.723805
1844.724805
1844.725807
1844.726806
1844.727806
1844.728806
1844.729806
1844.730806
1844.731805
1844.732805
1844.733805
1844.734806
1844.735806
1844.736806
1844.737806
1844.738806
1844.739806
1844.740805
1844.741805
1844.742805
1844.743806
1844.744806
1844.745806
1844.746806
1844.747806
1844.748805
1844.749805
1844.750805
1844.751807
1844.752806
1844.753806
1844.754806
1844.755806
1844.756806
1844.757805
1844.758805
1844.759805
1844.760807
1844.761806
1844.762806
1844.763806
1844.764806
1844.765806
1844.766805
1844.767805
1844.768805
1844.769807
1844.770806
1844.771806
1844.772806
1844.773806
1844.774806
1844.775805
1844.776805
1844.777805
1844.778807
1844.779806
1844.780806
1844.781806
1844.782806
1844.783806
1844.784805
1844.785805
1844.786805
1844.787807
1844.788806
1844.789806
1844.790806
1844.791806
1844.792806
1844.793805
1844.794805
1844.795805
1844.796806
1844.797806
1844.798806
1844.799806
1844.800806
1844.801806
1844.802805
1844.803805
1844.804805
1844.805806
1844.806806
1844.807806
1844.808806
1844.809806
1844.810805
1844.811805
1844.812805
1844.813807
1844.814806
1844.815806
1844.816806
1844.817806
1844.818806
1844.819805
1844.820805
1844.821805
1844.822807
1844.823806
1844.824806
1844.825806
1844.826806
1844.827806
1844.828805
1844.829805
1844.830805
1844.831807
1844.832806
1844.833806
1844.834806
1844.835806
1844.836806
1844.837805
1844.838805
1844.839805
1844.840807
1844.841806
1844.842806
1844.843806
1844.844806
1844.845806
1844.846805
1844.847805
1844.848805
1844.849806
1844.850806
1844.851806
1844.852806
1844.853806
1844.854806
1844.855805
1844.856805
1844.857805
1844.858806
1844.859806
1844.860806
1844.861806
1844.862806
1844.863805
1844.864805
1844.865805
1844.866805
1844.867806
1844.868806
1844.869806
1844.870806
1844.871806
1844.872805
1844.873805
1844.874805
1844.875807
1844.876806
1844.877806
1844.878806
1844.879806
1844.880806
1844.881805
1844.882805
1844.883805
1844.884807
1844.885806
1844.886806
1844.887806
1844.888806
1844.889806
1844.890805
1844.891805
1844.892805
1844.893807
1844.894806
1844.895806
1844.896806
1844.897806
1844.898806
1844.899805
1844.900805
1844.901805
1844.902807
1844.903806
1844.904806
1844.905806
1844.906806
