1203.386484
1203.387484
1203.388484
1203.389483
1203.390485
1203.391485
1203.392485
1203.393484
1203.394484
1203.395484
1203.396484
1203.397484
1203.398483
1203.399485
1203.400485
1203.401485
1203.402484
1203.403484
1203.404484
1203.405484
1203.406484
1203.407483
1203.408485
1203.409485
1203.410485
1203.411484
1203.412484
1203.413484
1203.414484
1203.415484
1203.416485
1203.417485
1203.418485
1203.419485
1203.420484
1203.421484
1203.422484
1203.423484
1203.424484
1203.425485
1203.426485
1203.427485
1203.428484
1203.429484
1203.430484
1203.431484
1203.432484
1203.433484
1203.434485
1203.435485
1203.436485
1203.437484
1203.438484
1203.439484
1203.440484
1203.441484
1203.442483
1203.443485
1203.444485
1203.445485
1203.446484
1203.447484
1203.448484
1203.449484
1203.450484
1203.451483
1203.452485
1203.453485
1203.454485
1203.455484
1203.456484
1203.457484
1203.458484
1203.459484
1203.460483
1203.461485
1203.462485
1203.463485
1203.464484
1203.465484
1203.466484
1203.467484
1203.468484
1203.469483
1203.470485
1203.471485
1203.472485
1203.473484
1203.474484
1203.475484
1203.476484
1203.477484
1203.478485
1203.479485
1203.480485
1203.481485
1203.482484
1203.483484
1203.484484
1203.485484
1203.486484
1203.487485
1203.488485
1203.489485
1203.490484
1203.491484
1203.492484
1203.493484
1203.494484
1203.495484
1203.496485
1203.497485
1203.498485
1203.499484
1203.500484
1203.501484
1203.502484
1203.503484
1203.504483
1203.505485
1203.506485
1203.507485
1203.508484
1203.509484
1203.510484
1203.511484
1203.512484
1203.513483
1203.514485
1203.515485
1203.516485
1203.517484
1203.518484
1203.519484
1203.520484
1203.521484
1203.522483
1203.523485
1203.524485
1203.525485
1203.526484
1203.527484
1203.528484
1203.529484
1203.530484
1203.531483
1203.532485
1203.533485
1203.534485
1203.535484
1203.536484
1203.537484
1203.538484
1203.539484
1203.540485
1203.541485
1203.542485
1203.543485
1203.544484
1203.545484
1203.546484
1203.547484
1203.548484
1203.549485
1203.550485
1203.551485
1203.552484
1203.553484
1203.554484
1203.555484
1203.556484
1203.557484
1203.558485
1203.559485
1203.560485
1203.561484
1203.562484
1203.563484
1203.564484
1203.565484
1203.566483
1203.567485
1203.568485
1203.569485
1203.570484
1203.571484
1203.572484
1203.573484
1203.574484
1203.575483
1203.576485
1203.577485
1203.578485
1203.579484
1203.580484
1203.581484
1203.582484
1203.583484
1203.584483
1203.585485
1203.586485
1203.587485
1203.588484
1203.589484
1203.590484
1203.591484
1203.592484
1203.593483
1203.594485
1203.595485
1203.596485
1203.597484
1203.598484
1203.599484
1203.600484
1203.601484
1203.602485
1203.603485
1203.604485
1203.605485
1203.606484
1203.607484
1203.608484
1203.609484
1203.610484
1203.611485
1203.612485
1203.613485
1203.614484
1203.615484
1203.616484
1203.617484
1203.618484
1203.619484
1203.620485
1203.621485
1203.622485
1203.623484
1203.624484
1203.625484
1203.626484
1203.627484
1203.628483
1203.629485
1203.630485
1203.631485
1203.632484
1203.633484
1203.634484
1203.635484
1203.636484
1203.637483
1203.638485
1203.639485
1203.640485
1203.641484
1203.642484
1203.643484
1203.644484
1203.645484
1203.646483
1203.647485
1203.648485
1203.649485
1203.650484
1203.651484
1203.652484
1203.653484
1203.654484
1203.655483
1203.656485
1203.657485
1203.658485
1203.659484
1203.660484
1203.661484
1203.662484
1203.663484
1203.664485
1203.665485
1203.666485
1203.667485
1203.668484
1203.669484
1203.670484
1203.671484
1203.672484
1203.673485
1203.674485
1203.675485
1203.676484
1203.677484
1203.678484
1203.679484
1203.680484
1203.681484
1203.682485
1203.683485
1203.684485
1203.685484
1203.686484
1203.687484
1203.688484
1203.689484
1203.690483
1203.691485
1203.692485
1203.693485
1203.694484
1203.695484
1203.696484
1203.697484
1203.698484
1203.699483
1203.700485
1203.701485
1203.702485
1203.703484
1203.704484
1203.705484
1203.706484
1203.707484
1203.708483
1203.709485
1203.710485
1203.711485
1203.712484
1203.713484
1203.714484
1203.715484
1203.716484
1203.717483
1203.718485
1203.719485
1203.720485
1203.721484
1203.722484
1203.723484
1203.724484
1203.725484
1203.726485
1203.727485
1203.728485
1203.729485
1203.730484
1203.731484
1203.732484
1203.733484
1203.734484
1203.735485
1203.736485
1203.737485
1203.738484
1203.739484
1203.740484
1203.741484
1203.742484
1203.743484
1203.744485
1203.745485
1203.746485
1203.747484
1203.748484
1203.749484
1203.750484
1203.751484
1203.752483
1203.753485
1203.754485
1203.755485
1203.756484
1203.757484
1203.758484
1203.759484
1203.760484
1203.761483
1203.762485
1203.763485
1203.764485
1203.765484
1203.766484
1203.767484
1203.768484
1203.769484
1203.770483
1203.771485
1203.772485
1203.773485
1203.774484
1203.775484
1203.776484
1203.777484
1203.778484
1203.779483
1203.780485
1203.781485
1203.782485
1203.783484
1203.784484
1203.785484
1203.786484
1203.787484
1203.788485
1203.789485
1203.790485
1203.791485
1203.792484
1203.793484
1203.794484
1203.795484
1203.796484
1203.797485
1203.798485
1203.799485
1203.800484
1203.801484
1203.802484
1203.803484
1203.804484
1203.805484
1203.806485
1203.807485
1203.808485
1203.809484
1203.810484
1203.811484
1203.812484
1203.813484
1203.814483
1203.815485
1203.816485
1203.817485
1203.818484
1203.819484
1203.820484
1203.821484
1203.822484
1203.823483
1203.824485
1203.825485
1203.826485
1203.827484
1203.828484
1203.829484
1203.830484
1203.831484
1203.832483
1203.833485
1203.834485
1203.835485
1203.836484
1203.837484
1203.838484
1203.839484
1203.840484
1203.841483
1203.842485
1203.843485
1203.844485
1203.845484
1203.846484
1203.847484
1203.848484
1203.849484
1203.850485
1203.851485
1203.852485
1203.853485
1203.854484
1203.855484
1203.856484
1203.857484
1203.858484
1203.859485
1203.860485
1203.861485
1203.862484
1203.863484
1203.864484
1203.865484
1203.866484
1203.867484
1203.868485
1203.869485
1203.870485
1203.871484
1203.872484
1203.873484
1203.874484
1203.875484
1203.876483
1203.877485
1203.878485
1203.879485
1203.880484
1203.881484
1203.882484
1203.883484
1203.884484
1203.885483
1203.886485
1203.887485
1203.888485
1203.889484
1203.890484
1203.891484
1203.892484
1203.893484
1203.894483
1203.895485
1203.896485
1203.897485
1203.898484
1203.899484
1203.900484
1203.901484
1203.902484
1203.903483
1203.904485
1203.905485
1203.906485
1203.907484
1203.908484
1203.909484
1203.910484
1203.911484
1203.912485
1203.913485
1203.914485
1203.915485
1203.916484
1203.917484
1203.918484
1203.919484
1203.920484
1203.921485
1203.922485
1203.923485
1203.924484
1203.925484
1203.926484
1203.927484
1203.928484
1203.929484
1203.930485
1203.931485
1203.932485
1203.933484
1203.934484
1203.935484
1203.936484
1203.937484
1203.938483
1203.939485
1203.940485
1203.941485
1203.942484
1203.943484
1203.944484
1203.945484
1203.946484
1203.947483
1203.948485
1203.949485
1203.950485
1203.951484
1203.952484
1203.953484
1203.954484
1203.955484
1203.956483
1203.957485
1203.958485
1203.959485
1203.960484
1203.961484
1203.962484
1203.963484
1203.964484
1203.965483
1203.966485
1203.967485
1203.968485
1203.969484
1203.970484
1203.971484
1203.972484
1203.973484
1203.974485
1203.975485
1203.976485
1203.977485
1203.978484
1203.979484
1203.980484
1203.981484
1203.982484
1203.983485
1203.984485
1203.985485
1203.986484
1203.987484
1203.988484
1203.989484
1203.990484
1203.991484
1203.992485
1203.993485
1203.994485
1203.995484
1203.996484
1203.997484
1203.998484
1203.999484
1204.000483
1204.001485
1204.002485
1204.003485
1204.004484
1204.005484
1204.006484
1204.007484
1204.008484
1204.009483
1204.010485
1204.011485
1204.012485
1204.013484
1204.014484
1204.015484
1204.016484
1204.017484
1204.018483
1204.019485
1204.020485
1204.021485
1204.022484
1204.023484
1204.024484
1204.025484
1204.026484
1204.027483
1204.028485
1204.029485
1204.030485
1204.031484
1204.032484
1204.033484
1204.034484
1204.035484
1204.036485
1204.037485
1204.038485
1204.039485
1204.040484
1204.041484
1204.042484
1204.043484
1204.044484
1204.045485
1204.046485
1204.047485
1204.048484
1204.049484
1204.050484
1204.051484
1204.052484
1204.053484
1204.054485
1204.055485
1204.056485
1204.057484
1204.058484
1204.059484
1204.060484
1204.061484
1204.062483
1204.063485
1204.064485
1204.065485
1204.066484
1204.067484
1204.068484
1204.069484
1204.070484
1204.071483
1204.072485
1204.073485
1204.074485
1204.075484
1204.076484
1204.077484
1204.078484
1204.079484
1204.080483
1204.081485
1204.082485
1204.083485
1204.084484
1204.085484
1204.086484
1204.087484
1204.088484
1204.089483
1204.090485
1204.091485
1204.092485
1204.093484
1204.094484
1204.095484
1204.096484
1204.097484
1204.098485
1204.099485
1204.100485
1204.101485
1204.102484
1204.103484
1204.104484
1204.105484
1204.106484
1204.107485
1204.108485
1204.109485
1204.110484
1204.111484
1204.112484
1204.113484
1204.114484
1204.115484
1204.116485
1204.117485
1204.118485
1204.119484
1204.120484
1204.121484
1204.122484
1204.123484
1204.124483
1204.125485
1204.126485
1204.127485
1204.128484
1204.129484
1204.130484
1204.131484
1204.132484
1204.133483
1204.134485
1204.135485
1204.136485
1204.137484
1204.138484
1204.139484
1204.140484
1204.141484
1204.142483
1204.143485
1204.144485
1204.145485
1204.146484
1204.147484
1204.148484
1204.149484
1204.150484
1204.151483
1204.152485
1204.153485
1204.154485
1204.155484
1204.156484
1204.157484
1204.158484
1204.159484
1204.160485
1204.161485
1204.162485
1204.163485
1204.164484
1204.165484
1204.166484
1204.167484
1204.168484
1204.169485
1204.170485
1204.171485
1204.172484
1204.173484
1204.174484
1204.175484
1204.176484
1204.177484
1204.178485
1204.179485
1204.180485
1204.181484
1204.182484
1204.183484
1204.184484
1204.185484
1204.186483
1204.187485
1204.188485
1204.189485
1204.190484
1204.191484
1204.192484
1204.193484
1204.194484
1204.195483
1204.196485
1204.197485
1204.198485
1204.199484
1204.200484
1204.201484
1204.202484
1204.203484
1204.204483
1204.205485
1204.206485
1204.207485
1204.208484
1204.209484
1204.210484
1204.211484
1204.212484
1204.213483
1204.214485
1204.215485
1204.216485
1204.217484
1204.218484
1204.219484
1204.220484
1204.221484
1204.222485
1204.223485
1204.224485
1204.225485
1204.226484
1204.227484
1204.228484
1204.229484
1204.230484
1204.231485
1204.232485
1204.233485
1204.234484
1204.235484
1204.236484
1204.237484
1204.238484
1204.239484
1204.240485
1204.241485
1204.242485
1204.243484
1204.244484
1204.245484
1204.246484
1204.247484
1204.248483
1204.249485
1204.250485
1204.251485
1204.252484
1204.253484
1204.254484
1204.255484
1204.256484
1204.257483
1204.258485
1204.259485
1204.260485
1204.261484
1204.262484
1204.263484
1204.264484
1204.265484
1204.266483
1204.267485
1204.268485
1204.269485
1204.270484
1204.271484
1204.272484
1204.273484
1204.274484
1204.275483
1204.276485
1204.277485
1204.278485
1204.279484
1204.280484
1204.281484
1204.282484
1204.283484
1204.284485
1204.285485
1204.286485
1204.287485
1204.288484
1204.289484
1204.290484
1204.291484
1204.292484
1204.293485
1204.294485
1204.295485
1204.296484
1204.297484
1204.298484
1204.299484
1204.300484
1204.301484
1204.302485
1204.303485
1204.304485
1204.305484
1204.306484
1204.307484
1204.308484
1204.309484
1204.310483
1204.311485
1204.312485
1204.313485
1204.314484
1204.315484
1204.316484
1204.317484
1204.318484
1204.319483
1204.320485
1204.321485
1204.322485
1204.323484
1204.324484
1204.325484
1204.326484
1204.327484
1204.328483
1204.329485
1204.330485
1204.331485
1204.332484
1204.333484
1204.334484
1204.335484
1204.336484
1204.337483
1204.338485
1204.339485
1204.340485
1204.341484
1204.342484
1204.343484
1204.344484
1204.345484
1204.346485
1204.347485
1204.348485
1204.349485
1204.350484
1204.351484
1204.352484
1204.353484
1204.354484
1204.355485
1204.356485
1204.357485
1204.358484
1204.359484
1204.360484
1204.361484
1204.362484
1204.363484
1204.364485
1204.365485
1204.366485
1204.367484
1204.368484
1204.369484
1204.370484
1204.371484
1204.372483
1204.373485
1204.374485
1204.375485
1204.376484
1204.377484
1204.378484
1204.379484
1204.380484
1204.381483
1204.382485
1204.383485
1204.384485
1204.385484
1204.386484
1204.387484
1204.388484
1204.389484
1204.390483
1204.391485
1204.392485
1204.393485
1204.394484
1204.395484
1204.396484
1204.397484
1204.398484
1204.399483
1204.400485
1204.401485
1204.402485
1204.403484
1204.404484
1204.405484
1204.406484
1204.407484
1204.408485
1204.409485
1204.410485
1204.411485
1204.412484
1204.413484
1204.414484
1204.415484
1204.416484
1204.417485
1204.418485
1204.419485
1204.420484
1204.421484
1204.422484
1204.423484
1204.424484
1204.425484
1204.426485
1204.427485
1204.428485
1204.429484
1204.430484
1204.431484
1204.432484
1204.433484
1204.434483
1204.435485
1204.436485
1204.437485
1204.438484
1204.439484
1204.440484
1204.441484
1204.442484
1204.443483
1204.444485
1204.445485
1204.446485
1204.447484
1204.448484
1204.449484
1204.450484
1204.451484
1204.452483
1204.453485
1204.454485
1204.455485
1204.456484
1204.457484
1204.458484
1204.459484
1204.460484
1204.461483
1204.462485
1204.463485
1204.464485
1204.465484
1204.466484
1204.467484
1204.468484
1204.469484
1204.470485
1204.471485
1204.472485
1204.473485
1204.474484
1204.475484
1204.476484
1204.477484
1204.478484
1204.479485
1204.480485
1204.481485
1204.482484
1204.483484
1204.484484
1204.485484
1204.486484
1204.487484
1204.488485
1204.489485
1204.490485
1204.491484
1204.492484
1204.493484
1204.494484
1204.495484
1204.496483
1204.497485
1204.498485
1204.499485
1204.500484
1204.501484
1204.502484
1204.503484
1204.504484
1204.505483
1204.506485
1204.507485
1204.508485
1204.509484
1204.510484
1204.511484
1204.512484
1204.513484
1204.514483
1204.515485
1204.516485
1204.517485
1204.518484
1204.519484
1204.520484
1204.521484
1204.522484
1204.523483
1204.524485
1204.525485
1204.526485
1204.527484
1204.528484
1204.529484
1204.530484
1204.531484
1204.532485
1204.533485
1204.534485
1204.535485
1204.536484
1204.537484
1204.538484
1204.539484
1204.540484
1204.541485
1204.542485
1204.543485
1204.544484
1204.545484
1204.546484
1204.547484
1204.548484
1204.549484
1204.550485
1204.551485
1204.552485
1204.553484
1204.554484
1204.555484
1204.556484
1204.557484
1204.558483
1204.559485
1204.560485
1204.561485
1204.562484
1204.563484
1204.564484
1204.565484
1204.566484
1204.567483
1204.568485
1204.569485
1204.570485
1204.571484
1204.572484
1204.573484
1204.574484
1204.575484
1204.576483
1204.577485
1204.578485
1204.579485
1204.580484
1204.581484
1204.582484
1204.583484
1204.584484
1204.585483
1204.586485
1204.587485
1204.588485
1204.589484
1204.590484
1204.591484
1204.592484
1204.593484
1204.594485
1204.595485
1204.596485
1204.597485
1204.598484
1204.599484
1204.600484
1204.601484
1204.602484
1204.603485
1204.604485
1204.605485
1204.606484
1204.607484
1204.608484
1204.609484
1204.610484
1204.611484
1204.612485
1204.613485
1204.614485
1204.615484
1204.616484
1204.617484
1204.618484
1204.619484
1204.620483
1204.621485
1204.622485
1204.623485
1204.624484
1204.625484
1204.626484
1204.627484
1204.628484
1204.629483
1204.630485
1204.631485
1204.632485
1204.633484
1204.634484
1204.635484
1204.636484
1204.637484
1204.638483
1204.639485
1204.640485
1204.641485
1204.642484
1204.643484
1204.644484
1204.645484
1204.646484
1204.647483
1204.648485
1204.649485
1204.650485
1204.651484
1204.652484
1204.653484
1204.654484
1204.655484
1204.656485
1204.657485
1204.658485
1204.659485
1204.660484
1204.661484
1204.662484
1204.663484
1204.664484
1204.665485
1204.666485
1204.667485
1204.668484
1204.669484
1204.670484
1204.671484
1204.672484
1204.673484
1204.674485
1204.675485
1204.676485
1204.677484
1204.678484
1204.679484
1204.680484
1204.681484
1204.682483
1204.683485
1204.684485
1204.685485
1204.686484
1204.687484
1204.688484
1204.689484
1204.690484
1204.691483
1204.692485
1204.693485
1204.694485
1204.695484
1204.696484
1204.697484
1204.698484
1204.699484
1204.700483
1204.701485
1204.702485
1204.703485
1204.704484
1204.705484
1204.706484
1204.707484
1204.708484
1204.709483
1204.710485
1204.711485
1204.712485
1204.713484
1204.714484
1204.715484
1204.716484
1204.717484
1204.718485
1204.719485
1204.720485
1204.721485
1204.722484
1204.723484
1204.724484
1204.725484
1204.726484
1204.727485
1204.728485
1204.729485
1204.730484
1204.731484
1204.732484
1204.733484
1204.734484
1204.735484
1204.736485
1204.737485
1204.738485
1204.739484
1204.740484
1204.741484
1204.742484
1204.743484
1204.744483
1204.745485
1204.746485
1204.747485
1204.748484
1204.749484
1204.750484
1204.751484
1204.752484
1204.753483
1204.754485
1204.755485
1204.756485
1204.757484
1204.758484
1204.759484
1204.760484
1204.761484
1204.762483
1204.763485
1204.764485
1204.765485
1204.766484
1204.767484
1204.768484
1204.769484
1204.770484
1204.771483
1204.772485
1204.773485
1204.774485
1204.775484
1204.776484
1204.777484
1204.778484
1204.779484
1204.780485
1204.781485
1204.782485
1204.783485
1204.784484
1204.785484
1204.786484
1204.787484
1204.788484
1204.789485
1204.790485
1204.791485
1204.792484
1204.793484
1204.794484
1204.795484
1204.796484
1204.797484
1204.798485
1204.799485
1204.800485
1204.801484
1204.802484
1204.803484
1204.804484
1204.805484
1204.806483
1204.807485
1204.808485
1204.809485
1204.810484
1204.811484
1204.812484
1204.813484
1204.814484
1204.815483
1204.816485
1204.817485
1204.818485
1204.819484
1204.820484
1204.821484
1204.822484
1204.823484
1204.824483
1204.825485
1204.826485
1204.827485
1204.828484
1204.829484
1204.830484
1204.831484
1204.832484
1204.833483
1204.834485
1204.835485
1204.836485
1204.837484
1204.838484
1204.839484
1204.840484
1204.841484
1204.842485
1204.843485
1204.844485
1204.845485
1204.846484
1204.847484
1204.848484
1204.849484
1204.850484
1204.851485
1204.852485
1204.853485
1204.854484
1204.855484
1204.856484
1204.857484
1204.858484
1204.859484
1204.860485
1204.861485
1204.862485
1204.863484
1204.864484
1204.865484
1204.866484
1204.867484
1204.868483
1204.869485
1204.870485
1204.871485
1204.872484
1204.873484
1204.874484
1204.875484
1204.876484
1204.877483
1204.878485
1204.879485
1204.880485
1204.881484
1204.882484
1204.883484
1204.884484
1204.885484
1204.886483
1204.887485
1204.888485
1204.889485
1204.890484
1204.891484
1204.892484
1204.893484
1204.894484
1204.895483
1204.896485
1204.897485
1204.898485
1204.899484
1204.900484
1204.901484
1204.902484
1204.903484
1204.904485
1204.905485
1204.906485
1204.907485
1204.908484
1204.909484
1204.910484
1204.911484
1204.912484
1204.913485
1204.914485
1204.915485
1204.916484
1204.917484
1204.918484
1204.919484
1204.920484
1204.921484
1204.922485
1204.923485
1204.924485
1204.925484
1204.926484
1204.927484
1204.928484
1204.929484
1204.930483
1204.931485
1204.932485
1204.933485
1204.934484
1204.935484
1204.936484
1204.937484
1204.938484
1204.939483
1204.940485
1204.941485
1204.942485
1204.943484
1204.944484
1204.945484
1204.946484
1204.947484
1204.948483
1204.949485
1204.950485
1204.951485
1204.952484
1204.953484
1204.954484
1204.955484
1204.956484
1204.957483
1204.958485
1204.959485
1204.960485
1204.961484
1204.962484
1204.963484
1204.964484
1204.965484
1204.966485
1204.967485
1204.968485
1204.969485
1204.970484
1204.971484
1204.972484
1204.973484
1204.974484
1204.975485
1204.976485
1204.977485
1204.978484
1204.979484
1204.980484
1204.981484
1204.982484
1204.983484
1204.984485
1204.985485
1204.986485
1204.987484
1204.988484
1204.989484
1204.990484
1204.991484
1204.992483
1204.993485
1204.994485
1204.995485
1204.996484
1204.997484
1204.998484
1204.999484
1205.000484
1205.001483
1205.002485
1205.003485
1205.004485
1205.005484
1205.006484
1205.007484
1205.008484
1205.009484
1205.010483
1205.011485
1205.012485
1205.013485
1205.014484
1205.015484
1205.016484
1205.017484
1205.018484
1205.019483
1205.020485
1205.021485
1205.022485
1205.023484
1205.024484
1205.025484
1205.026484
1205.027484
1205.028485
1205.029485
1205.030485
1205.031485
1205.032484
1205.033484
1205.034484
1205.035484
1205.036484
1205.037485
1205.038485
1205.039485
1205.040484
1205.041484
1205.042484
1205.043484
1205.044484
1205.045484
1205.046485
1205.047485
1205.048485
1205.049484
1205.050484
1205.051484
1205.052484
1205.053484
1205.054483
1205.055485
1205.056485
1205.057485
1205.058484
1205.059484
1205.060484
1205.061484
1205.062484
1205.063483
1205.064485
1205.065485
1205.066485
1205.067484
1205.068484
1205.069484
1205.070484
1205.071484
1205.072483
1205.073485
1205.074485
1205.075485
1205.076484
1205.077484
1205.078484
1205.079484
1205.080484
1205.081483
1205.082485
1205.083485
1205.084485
1205.085484
1205.086484
1205.087484
1205.088484
1205.089484
1205.090485
1205.091485
1205.092485
1205.093485
1205.094484
1205.095484
1205.096484
1205.097484
1205.098484
1205.099485
1205.100485
1205.101485
1205.102484
1205.103484
1205.104484
1205.105484
1205.106484
1205.107484
1205.108485
1205.109485
1205.110485
1205.111484
1205.112484
1205.113484
1205.114484
1205.115484
1205.116483
1205.117485
1205.118485
1205.119485
1205.120484
1205.121484
1205.122484
1205.123484
1205.124484
1205.125483
1205.126485
1205.127485
1205.128485
1205.129484
1205.130484
1205.131484
1205.132484
1205.133484
1205.134483
1205.135485
1205.136485
1205.137485
1205.138484
1205.139484
1205.140484
1205.141484
1205.142484
1205.143483
1205.144485
1205.145485
1205.146485
1205.147484
1205.148484
1205.149484
1205.150484
1205.151484
1205.152485
1205.153485
1205.154485
1205.155485
1205.156484
1205.157484
1205.158484
1205.159484
1205.160484
1205.161485
1205.162485
1205.163485
1205.164484
1205.165484
1205.166484
1205.167484
1205.168484
1205.169484
1205.170485
1205.171485
1205.172485
1205.173484
1205.174484
1205.175484
1205.176484
1205.177484
1205.178483
1205.179485
1205.180485
1205.181485
1205.182484
1205.183484
1205.184484
1205.185484
1205.186484
1205.187483
1205.188485
1205.189485
1205.190485
1205.191484
1205.192484
1205.193484
1205.194484
1205.195484
1205.196483
1205.197485
1205.198485
1205.199485
1205.200484
1205.201484
1205.202484
1205.203484
1205.204484
1205.205483
1205.206485
1205.207485
1205.208485
1205.209484
1205.210484
1205.211484
1205.212484
1205.213484
1205.214485
1205.215485
1205.216485
1205.217485
1205.218484
1205.219484
1205.220484
1205.221484
1205.222484
1205.223485
1205.224485
1205.225485
1205.226484
1205.227484
1205.228484
1205.229484
1205.230484
1205.231484
1205.232485
1205.233485
1205.234485
1205.235484
1205.236484
1205.237484
1205.238484
1205.239484
1205.240483
1205.241485
1205.242485
1205.243485
1205.244484
1205.245484
1205.246484
1205.247484
1205.248484
1205.249483
1205.250485
1205.251485
1205.252485
1205.253484
1205.254484
1205.255484
1205.256484
1205.257484
1205.258483
1205.259485
1205.260485
1205.261485
1205.262484
1205.263484
1205.264484
1205.265484
1205.266484
1205.267483
1205.268485
1205.269485
1205.270485
1205.271484
1205.272484
1205.273484
1205.274484
1205.275484
1205.276485
1205.277485
1205.278485
1205.279485
1205.280484
1205.281484
1205.282484
1205.283484
1205.284484
1205.285485
1205.286485
1205.287485
1205.288484
1205.289484
1205.290484
1205.291484
1205.292484
1205.293484
1205.294485
1205.295485
1205.296485
1205.297484
1205.298484
1205.299484
1205.300484
1205.301484
1205.302483
1205.303485
1205.304485
1205.305485
1205.306484
1205.307484
1205.308484
1205.309484
1205.310484
1205.311483
1205.312485
1205.313485
1205.314485
1205.315484
1205.316484
1205.317484
1205.318484
1205.319484
1205.320483
1205.321485
1205.322485
1205.323485
1205.324484
1205.325484
1205.326484
1205.327484
1205.328484
1205.329483
1205.330485
1205.331485
1205.332485
1205.333484
1205.334484
1205.335484
1205.336484
1205.337484
1205.338485
1205.339485
1205.340485
1205.341485
1205.342484
1205.343484
1205.344484
1205.345484
1205.346484
1205.347485
1205.348485
1205.349485
1205.350484
1205.351484
1205.352484
1205.353484
1205.354484
1205.355484
1205.356485
1205.357485
1205.358485
1205.359484
1205.360484
1205.361484
1205.362484
1205.363484
1205.364483
1205.365485
1205.366485
1205.367485
1205.368484
1205.369484
1205.370484
1205.371484
1205.372484
1205.373483
1205.374485
1205.375485
1205.376485
1205.377484
1205.378484
1205.379484
1205.380484
1205.381484
1205.382483
1205.383485
1205.384485
1205.385485
1205.386484
1205.387484
1205.388484
1205.389484
1205.390484
1205.391483
1205.392485
1205.393485
