3780.571659
3780.572659
3780.573658
3780.574658
3780.575658
3780.57666
3780.577659
3780.578659
3780.579659
3780.580659
3780.581659
3780.582658
3780.583658
3780.584658
3780.58566
3780.586659
3780.587659
3780.588659
3780.589659
3780.590659
3780.591658
3780.592658
3780.593658
3780.59466
3780.595659
3780.596659
3780.597659
3780.598659
3780.599659
3780.600658
3780.601658
3780.602658
3780.603659
3780.604659
3780.605659
3780.606659
3780.607659
3780.608659
3780.609658
3780.610658
3780.611658
3780.612659
3780.613659
3780.614659
3780.615659
3780.616659
3780.617658
3780.618658
3780.619658
3780.620658
3780.621659
3780.622659
3780.623659
3780.624659
3780.625659
3780.626658
3780.627658
3780.628658
3780.629658
3780.630659
3780.631659
3780.632659
3780.633659
3780.634659
3780.635658
3780.636658
3780.637658
3780.63866
3780.639659
3780.640659
3780.641659
3780.642659
3780.643659
3780.644658
3780.645658
3780.646658
3780.64766
3780.648659
3780.649659
3780.650659
3780.651659
3780.652659
3780.653658
3780.654658
3780.655658
3780.65666
3780.657659
3780.658659
3780.659659
3780.660659
3780.661659
3780.662658
3780.663658
3780.664658
3780.665659
3780.666659
3780.667659
3780.668659
3780.669659
3780.670659
3780.671658
3780.672658
3780.673658
3780.674659
3780.675659
3780.676659
3780.677659
3780.678659
3780.679658
3780.680658
3780.681658
3780.682658
3780.683659
3780.684659
3780.685659
3780.686659
3780.687659
3780.688658
3780.689658
3780.690658
3780.691658
3780.692659
3780.693659
3780.694659
3780.695659
3780.696659
3780.697658
3780.698658
3780.699658
3780.70066
3780.701659
3780.702659
3780.703659
3780.704659
3780.705659
3780.706658
3780.707658
3780.708658
3780.70966
3780.710659
3780.711659
3780.712659
3780.713659
3780.714659
3780.715658
3780.716658
3780.717658
3780.71866
3780.719659
3780.720659
3780.721659
3780.722659
3780.723659
3780.724658
3780.725658
3780.726658
3780.727659
3780.728659
3780.729659
3780.730659
3780.731659
3780.732659
3780.733658
3780.734658
3780.735658
3780.736659
3780.737659
3780.738659
3780.739659
3780.740659
3780.741658
3780.742658
3780.743658
3780.744658
3780.745659
3780.746659
3780.747659
3780.748659
3780.749659
3780.750658
3780.751658
3780.752658
3780.753658
3780.754659
3780.755659
3780.756659
3780.757659
3780.758659
3780.759658
3780.760658
3780.761658
3780.76266
3780.763659
3780.764659
3780.765659
3780.766659
3780.767659
3780.768658
3780.769658
3780.770658
3780.77166
3780.772659
3780.773659
3780.774659
3780.775659
3780.776659
3780.777658
3780.778658
3780.779658
3780.78066
3780.781659
3780.782659
3780.783659
3780.784659
3780.785659
3780.786658
3780.787658
3780.788658
3780.789659
3780.790659
3780.791659
3780.792659
3780.793659
3780.794659
3780.795658
3780.796658
3780.797658
3780.798659
3780.799659
3780.800659
3780.801659
3780.802659
3780.803658
3780.804658
3780.805658
3780.806658
3780.807659
3780.808659
3780.809659
3780.810659
3780.811659
3780.812658
3780.813658
3780.814658
3780.815658
3780.816659
3780.817659
3780.818659
3780.819659
3780.820659
3780.821658
3780.822658
3780.823658
3780.82466
3780.825659
3780.826659
3780.827659
3780.828659
3780.829659
3780.830658
3780.831658
3780.832658
3780.83366
3780.834659
3780.835659
3780.836659
3780.837659
3780.838659
3780.839658
3780.840658
3780.841658
3780.84266
3780.843659
3780.844659
3780.845659
3780.846659
3780.847659
3780.848658
3780.849658
3780.850658
3780.851659
3780.852659
3780.853659
3780.854659
3780.855659
3780.856659
3780.857658
3780.858658
3780.859658
3780.860659
3780.861659
3780.862659
3780.863659
3780.864659
3780.865658
3780.866658
3780.867658
3780.868658
3780.869659
3780.870659
3780.871659
3780.872659
3780.873659
3780.874658
3780.875658
3780.876658
3780.877658
3780.878659
3780.879659
3780.880659
3780.881659
3780.882659
3780.883658
3780.884658
3780.885658
3780.88666
3780.887659
3780.888659
3780.889659
3780.890659
3780.891659
3780.892658
3780.893658
3780.894658
3780.89566
3780.896659
3780.897659
3780.898659
3780.899659
3780.900659
3780.901658
3780.902658
3780.903658
3780.90466
3780.905659
3780.906659
3780.907659
3780.908659
3780.909659
3780.910658
3780.911658
3780.912658
3780.913659
3780.914659
3780.915659
3780.916659
3780.917659
3780.918659
3780.919658
3780.920658
3780.921658
3780.922659
3780.923659
3780.924659
3780.925659
3780.926659
3780.927658
3780.928658
3780.929658
3780.930658
3780.931659
3780.932659
3780.933659
3780.934659
3780.935659
3780.936658
3780.937658
3780.938658
3780.939658
3780.940659
3780.941659
3780.942659
3780.943659
3780.944659
3780.945658
3780.946658
3780.947658
3780.94866
3780.949659
3780.950659
3780.951659
3780.952659
3780.953659
3780.954658
3780.955658
3780.956658
3780.95766
3780.958659
3780.959659
3780.960659
3780.961659
3780.962659
3780.963658
3780.964658
3780.965658
3780.96666
3780.967659
3780.968659
3780.969659
3780.970659
3780.971659
3780.972658
3780.973658
3780.974658
3780.975659
3780.976659
3780.977659
3780.978659
3780.979659
3780.980659
3780.981658
3780.982658
3780.983658
3780.984659
3780.985659
3780.986659
3780.987659
3780.988659
3780.989658
3780.990658
3780.991658
3780.992658
3780.993659
3780.994659
3780.995659
3780.996659
3780.997659
3780.998658
3780.999658
3781.000658
3781.001658
3781.002659
3781.003659
3781.004659
3781.005659
3781.006659
3781.007658
3781.008658
3781.009658
3781.01066
3781.011659
3781.012659
3781.013659
3781.014659
3781.015659
3781.016658
3781.017658
3781.018658
3781.01966
3781.020659
3781.021659
3781.022659
3781.023659
3781.024659
3781.025658
3781.026658
3781.027658
3781.02866
3781.029659
3781.030659
3781.031659
3781.032659
3781.033659
3781.034658
3781.035658
3781.036658
3781.037659
3781.038659
3781.039659
3781.040659
3781.041659
3781.042659
3781.043658
3781.044658
3781.045658
3781.046659
3781.047659
3781.048659
3781.049659
3781.050659
3781.051658
3781.052658
3781.053658
3781.054658
3781.055659
3781.056659
3781.057659
3781.058659
3781.059659
3781.060658
3781.061658
3781.062658
3781.063658
3781.064659
3781.065659
3781.066659
3781.067659
3781.068659
3781.069658
3781.070658
3781.071658
3781.07266
3781.073659
3781.074659
3781.075659
3781.076659
3781.077659
3781.078658
3781.079658
3781.080658
3781.08166
3781.082659
3781.083659
3781.084659
3781.085659
3781.086659
3781.087658
3781.088658
3781.089658
3781.09066
3781.091659
3781.092659
3781.093659
3781.094659
3781.095659
3781.096658
3781.097658
3781.098658
3781.099659
3781.100659
3781.101659
3781.102659
3781.103659
3781.104659
3781.105658
3781.106658
3781.107658
3781.108659
3781.109659
3781.110659
3781.111659
3781.112659
3781.113658
3781.114658
3781.115658
3781.116658
3781.117659
3781.118659
3781.119659
3781.120659
3781.121659
3781.122658
3781.123658
3781.124658
3781.125658
3781.126659
3781.127659
3781.128659
3781.129659
3781.130659
3781.131658
3781.132658
3781.133658
3781.13466
3781.135659
3781.136659
3781.137659
3781.138659
3781.139659
3781.140658
3781.141658
3781.142658
3781.14366
3781.144659
3781.145659
3781.146659
3781.147659
3781.148659
3781.149658
3781.150658
3781.151658
3781.15266
3781.153659
3781.154659
3781.155659
3781.156659
3781.157659
3781.158658
3781.159658
3781.160658
3781.161659
3781.162659
3781.163659
3781.164659
3781.165659
3781.166659
3781.167658
3781.168658
3781.169658
3781.170659
3781.171659
3781.172659
3781.173659
3781.174659
3781.175658
3781.176658
3781.177658
3781.178658
3781.179659
3781.180659
3781.181659
3781.182659
3781.183659
3781.184658
3781.185658
3781.186658
3781.187658
3781.188659
3781.189659
3781.190659
3781.191659
3781.192659
3781.193658
3781.194658
3781.195658
3781.19666
3781.197659
3781.198659
3781.199659
3781.200659
3781.201659
3781.202658
3781.203658
3781.204658
3781.20566
3781.206659
3781.207659
3781.208659
3781.209659
3781.210659
3781.211658
3781.212658
3781.213658
3781.21466
3781.215659
3781.216659
3781.217659
3781.218659
3781.219659
3781.220658
3781.221658
3781.222658
3781.223659
3781.224659
3781.225659
3781.226659
3781.227659
3781.228659
3781.229658
3781.230658
3781.231658
3781.232659
3781.233659
3781.234659
3781.235659
3781.236659
3781.237658
3781.238658
3781.239658
3781.240658
3781.241659
3781.242659
3781.243659
3781.244659
3781.245659
3781.246658
3781.247658
3781.248658
3781.249658
3781.250659
3781.251659
3781.252659
3781.253659
3781.254659
3781.255658
3781.256658
3781.257658
3781.25866
3781.259659
3781.260659
3781.261659
3781.262659
3781.263659
3781.264658
3781.265658
3781.266658
3781.26766
3781.268659
3781.269659
3781.270659
3781.271659
3781.272659
3781.273658
3781.274658
3781.275658
3781.27666
3781.277659
3781.278659
3781.279659
3781.280659
3781.281659
3781.282658
3781.283658
3781.284658
3781.285659
3781.286659
3781.287659
3781.288659
3781.289659
3781.290659
3781.291658
3781.292658
3781.293658
3781.294659
3781.295659
3781.296659
3781.297659
3781.298659
3781.299658
3781.300658
3781.301658
3781.302658
3781.303659
3781.304659
3781.305659
3781.306659
3781.307659
3781.308658
3781.309658
3781.310658
3781.311658
3781.312659
3781.313659
3781.314659
3781.315659
3781.316659
3781.317658
3781.318658
3781.319658
3781.32066
3781.321659
3781.322659
3781.323659
3781.324659
3781.325659
3781.326658
3781.327658
3781.328658
3781.32966
3781.330659
3781.331659
3781.332659
3781.333659
3781.334659
3781.335658
3781.336658
3781.337658
3781.33866
3781.339659
3781.340659
3781.341659
3781.342659
3781.343659
3781.344658
3781.345658
3781.346658
3781.347659
3781.348659
3781.349659
3781.350659
3781.351659
3781.352659
3781.353658
3781.354658
3781.355658
3781.356659
3781.357659
3781.358659
3781.359659
3781.360659
3781.361658
3781.362658
3781.363658
3781.364658
3781.365659
3781.366659
3781.367659
3781.368659
3781.369659
3781.370658
3781.371658
3781.372658
3781.373658
3781.374659
3781.375659
3781.376659
3781.377659
3781.378659
3781.379658
3781.380658
3781.381658
3781.38266
3781.383659
3781.384659
3781.385659
3781.386659
3781.387659
3781.388658
3781.389658
3781.390658
3781.39166
3781.392659
3781.393659
3781.394659
3781.395659
3781.396659
3781.397658
3781.398658
3781.399658
3781.40066
3781.401659
3781.402659
3781.403659
3781.404659
3781.405659
3781.406658
3781.407658
3781.408658
3781.409659
3781.410659
3781.411659
3781.412659
3781.413659
3781.414659
3781.415658
3781.416658
3781.417658
3781.418659
3781.419659
3781.420659
3781.421659
3781.422659
3781.423658
3781.424658
3781.425658
3781.426658
3781.427659
3781.428659
3781.429659
3781.430659
3781.431659
3781.432658
3781.433658
3781.434658
3781.435658
3781.436659
3781.437659
3781.438659
3781.439659
3781.440659
3781.441658
3781.442658
3781.443658
3781.44466
3781.445659
3781.446659
3781.447659
3781.448659
3781.449659
3781.450658
3781.451658
3781.452658
3781.45366
3781.454659
3781.455659
3781.456659
3781.457659
3781.458659
3781.459658
3781.460658
3781.461658
3781.46266
3781.463659
3781.464659
3781.465659
3781.466659
3781.467659
3781.468658
3781.469658
3781.470658
3781.471659
3781.472659
3781.473659
3781.474659
3781.475659
3781.476659
3781.477658
3781.478658
3781.479658
3781.480659
3781.481659
3781.482659
3781.483659
3781.484659
3781.485658
3781.486658
3781.487658
3781.488658
3781.489659
3781.490659
3781.491659
3781.492659
3781.493659
3781.494658
3781.495658
3781.496658
3781.497658
3781.498659
3781.499659
3781.500659
3781.501659
3781.502659
3781.503658
3781.504658
3781.505658
3781.50666
3781.507659
3781.508659
3781.509659
3781.510659
3781.511659
3781.512658
3781.513658
3781.514658
3781.51566
3781.516659
3781.517659
3781.518659
3781.519659
3781.520659
3781.521658
3781.522658
3781.523658
3781.52466
3781.525659
3781.526659
3781.527659
3781.528659
3781.529659
3781.530658
3781.531658
3781.532658
3781.533659
3781.534659
3781.535659
3781.536659
3781.537659
3781.538659
3781.539658
3781.540658
3781.541658
3781.542659
3781.543659
3781.544659
3781.545659
3781.546659
3781.547658
3781.548658
3781.549658
3781.550658
3781.551659
3781.552659
3781.553659
3781.554659
3781.555659
3781.556658
3781.557658
3781.558658
3781.559658
3781.560659
3781.561659
3781.562659
3781.563659
3781.564659
3781.565658
3781.566658
3781.567658
3781.56866
3781.569659
3781.570659
3781.571659
3781.572659
3781.573659
3781.574658
3781.575658
3781.576658
3781.57766
3781.578659
3781.579659
3781.580659
3781.581659
3781.582659
3781.583658
3781.584658
3781.585658
3781.58666
3781.587659
3781.588659
3781.589659
3781.590659
3781.591659
3781.592658
3781.593658
3781.594658
3781.595659
3781.596659
3781.597659
3781.598659
3781.599659
3781.600659
3781.601658
3781.602658
3781.603658
3781.604659
3781.605659
3781.606659
3781.607659
3781.608659
3781.609658
3781.610658
3781.611658
3781.612658
3781.613659
3781.614659
3781.615659
3781.616659
3781.617659
3781.618658
3781.619658
3781.620658
3781.621658
3781.622659
3781.623659
3781.624659
3781.625659
3781.626659
3781.627658
3781.628658
3781.629658
3781.63066
3781.631659
3781.632659
3781.633659
3781.634659
3781.635659
3781.636658
3781.637658
3781.638658
3781.63966
3781.640659
3781.641659
3781.642659
3781.643659
3781.644659
3781.645658
3781.646658
3781.647658
3781.64866
3781.649659
3781.650659
3781.651659
3781.652659
3781.653659
3781.654658
3781.655658
3781.656658
3781.657659
3781.658659
3781.659659
3781.660659
3781.661659
3781.662659
3781.663658
3781.664658
3781.665658
3781.666659
3781.667659
3781.668659
3781.669659
3781.670659
3781.671658
3781.672658
3781.673658
3781.674658
3781.675659
3781.676659
3781.677659
3781.678659
3781.679659
3781.680658
3781.681658
3781.682658
3781.683658
3781.684659
3781.685659
3781.686659
3781.687659
3781.688659
3781.689658
3781.690658
3781.691658
3781.69266
3781.693659
3781.694659
3781.695659
3781.696659
3781.697659
3781.698658
3781.699658
3781.700658
3781.70166
3781.702659
3781.703659
3781.704659
3781.705659
3781.706659
3781.707658
3781.708658
3781.709658
3781.71066
3781.711659
3781.712659
3781.713659
3781.714659
3781.715659
3781.716658
3781.717658
3781.718658
3781.719659
3781.720659
3781.721659
3781.722659
3781.723659
3781.724659
3781.725658
3781.726658
3781.727658
3781.728659
3781.729659
3781.730659
3781.731659
3781.732659
3781.733658
3781.734658
3781.735658
3781.736658
3781.737659
3781.738659
3781.739659
3781.740659
3781.741659
3781.742658
3781.743658
3781.744658
3781.745658
3781.746659
3781.747659
3781.748659
3781.749659
3781.750659
3781.756659
3781.761658
3781.762658
3781.76366
3781.764659
3781.765659
3781.766659
3781.767659
3781.769658
3781.770658
3781.771658
3781.77266
3781.773659
3781.774659
3781.775659
3781.804658
3781.806658
3781.807658
3781.808659
3781.809659
3781.810659
3781.813658
3781.814658
3781.815658
3781.81666
3781.817659
3781.818659
3781.819659
3781.841658
3781.842658
3781.843659
3781.844659
3781.845659
3781.846659
3781.847659
3781.848659
3781.850658
3781.851658
3781.852659
3781.853659
3781.854659
3781.855659
3781.856659
3781.857658
3781.858658
3781.859658
3781.860658
3781.861659
3781.862659
3781.864659
3781.865659
3781.867658
3781.868658
3781.869658
3781.870659
3781.871659
3781.872659
3781.873659
3781.874659
3781.875658
3781.876658
3781.877658
3781.87866
3781.879659
3781.880659
3781.881659
3781.882659
3781.883659
3781.884658
3781.885658
3781.88766
3781.888659
3781.889659
3781.890659
3781.891659
3781.892659
3781.902658
3781.903658
3781.904658
3781.906659
3781.907659
3781.908659
3781.909659
3781.910659
3781.911658
3781.912658
3781.938658
3781.939658
3781.94066
3781.941659
3781.942659
3781.944659
3781.945659
3781.947658
3781.94966
3781.950659
3781.951659
3781.952659
3781.953659
3781.954659
3781.955658
3781.956658
3781.957658
3781.95866
3781.959659
3781.990658
3781.992658
3781.993658
3781.994659
3782.017658
3782.018658
3782.019658
3782.021659
3782.022659
3782.023659
3782.024659
3782.025659
3782.026658
3782.027658
3782.028658
3782.030659
3782.036658
3782.037658
3782.038659
3782.048659
3782.051659
3782.052658
3782.053658
3782.054658
3782.055658
3782.056659
3782.06466
3782.065659
3782.066659
3782.067659
3782.068659
3782.069659
3782.070658
3782.071658
3782.072658
3782.07366
3782.074659
3782.075659
3782.076659
3782.077659
3782.078659
3782.079658
3782.080658
3782.081658
3782.083659
3782.084659
3782.085659
3782.086659
3782.087659
3782.088658
3782.089658
3782.090658
3782.093659
3782.094659
3782.095659
3782.096659
3782.097658
3782.098658
3782.099658
3782.100659
3782.102659
3782.103659
3782.104659
3782.105658
3782.106658
3782.110659
3782.111659
3782.112659
3782.113659
3782.114658
3782.115658
3782.116658
3782.117658
3782.118659
3782.119659
3782.120659
3782.121659
3782.122659
3782.123658
3782.124658
3782.125658
3782.12666
3782.127659
3782.128659
3782.129659
3782.130659
3782.131659
3782.132658
3782.133658
3782.134658
3782.13566
3782.136659
3782.137659
