1865.814806
1865.815806
1865.816806
1865.817806
1865.818806
1865.819806
1865.820805
1865.821805
1865.822805
1865.823806
1865.824806
1865.825806
1865.826806
1865.827806
1865.828805
1865.829805
1865.830805
1865.831807
1865.832806
1865.833806
1865.834806
1865.835806
1865.836806
1865.837805
1865.838805
1865.839805
1865.840807
1865.841806
1865.842806
1865.843806
1865.844806
1865.845806
1865.846805
1865.847805
1865.848805
1865.849807
1865.850806
1865.851806
1865.852806
1865.853806
1865.854806
1865.855805
1865.856805
1865.857805
1865.858807
1865.859806
1865.860806
1865.861806
1865.862806
1865.863806
1865.864805
1865.865805
1865.866805
1865.867807
1865.868806
1865.869806
1865.870806
1865.871806
1865.872806
1865.873805
1865.874805
1865.875805
1865.876806
1865.877806
1865.878806
1865.879806
1865.880806
1865.881805
1865.882805
1865.883805
1865.884805
1865.885806
1865.886806
1865.887806
1865.888806
1865.889806
1865.890805
1865.891805
1865.892805
1865.893807
1865.894806
1865.895806
1865.896806
1865.897806
1865.898806
1865.899805
1865.900805
1865.901805
1865.902807
1865.903806
1865.904806
1865.905806
1865.906806
1865.907806
1865.908805
1865.909805
1865.910805
1865.911807
1865.912806
1865.913806
1865.914806
1865.915806
1865.916806
1865.917805
1865.918805
1865.919805
1865.920807
1865.921806
1865.922806
1865.923806
1865.924806
1865.925806
1865.926805
1865.927805
1865.928805
1865.929807
1865.930806
1865.931806
1865.932806
1865.933806
1865.934806
1865.935805
1865.936805
1865.937805
1865.938806
1865.939806
1865.940806
1865.941806
1865.942806
1865.943806
1865.944805
1865.945805
1865.946805
1865.947806
1865.948806
1865.949806
1865.950806
1865.951806
1865.952805
1865.953805
1865.954805
1865.955807
1865.956806
1865.957806
1865.958806
1865.959806
1865.960806
1865.961805
1865.962805
1865.963805
1865.964807
1865.965806
1865.966806
1865.967806
1865.968806
1865.969806
1865.970805
1865.971805
1865.972805
1865.973807
1865.974806
1865.975806
1865.976806
1865.977806
1865.978806
1865.979805
1865.980805
1865.981805
1865.982807
1865.983806
1865.984806
1865.985806
1865.986806
1865.987806
1865.988805
1865.989805
1865.990805
1865.991806
1865.992806
1865.993806
1865.994806
1865.995806
1865.996806
1865.997805
1865.998805
1865.999805
1866.000806
1866.001806
1866.002806
1866.003806
1866.004806
1866.005806
1866.006805
1866.007805
1866.008805
1866.009806
1866.010806
1866.011806
1866.012806
1866.013806
1866.014805
1866.015805
1866.016805
1866.017807
1866.018806
1866.019806
1866.020806
1866.021806
1866.022806
1866.023805
1866.024805
1866.025805
1866.026807
1866.027806
1866.028806
1866.029806
1866.030806
1866.031806
1866.032805
1866.033805
1866.034805
1866.035807
1866.036806
1866.037806
1866.038806
1866.039806
1866.040806
1866.041805
1866.042805
1866.043805
1866.044807
1866.045806
1866.046806
1866.047806
1866.048806
1866.049806
1866.050805
1866.051805
1866.052805
1866.053807
1866.054806
1866.055806
1866.056806
1866.057806
1866.058806
1866.059805
1866.060805
1866.061805
1866.062806
1866.063806
1866.064806
1866.065806
1866.066806
1866.067806
1866.068805
1866.069805
1866.070805
1866.071806
1866.072806
1866.073806
1866.074806
1866.075806
1866.076805
1866.077805
1866.078805
1866.079807
1866.080806
1866.081806
1866.082806
1866.083806
1866.084806
1866.085805
1866.086805
1866.087805
1866.088807
1866.089806
1866.090806
1866.091806
1866.092806
1866.093806
1866.094805
1866.095805
1866.096805
1866.097807
1866.098806
1866.099806
1866.100806
1866.101806
1866.102806
1866.103805
1866.104805
1866.105805
1866.106807
1866.107806
1866.108806
1866.109806
1866.110806
1866.111806
1866.112805
1866.113805
1866.114805
1866.115807
1866.116806
1866.117806
1866.118806
1866.119806
1866.120806
1866.121805
1866.122805
1866.123805
1866.124806
1866.125806
1866.126806
1866.127806
1866.128806
1866.129806
1866.130805
1866.131805
1866.132805
1866.133806
1866.134806
1866.135806
1866.136806
1866.137806
1866.138805
1866.139805
1866.140805
1866.141807
1866.142806
1866.143806
1866.144806
1866.145806
1866.146806
1866.147805
1866.148805
1866.149805
1866.150807
1866.151806
1866.152806
1866.153806
1866.154806
1866.155806
1866.156805
1866.157805
1866.158805
1866.159807
1866.160806
1866.161806
1866.162806
1866.163806
1866.164806
1866.165805
1866.166805
1866.167805
1866.168807
1866.169806
1866.170806
1866.171806
1866.172806
1866.173806
1866.174805
1866.175805
1866.176805
1866.177806
1866.178806
1866.179806
1866.180806
1866.181806
1866.182806
1866.183805
1866.184805
1866.185805
1866.186806
1866.187806
1866.188806
1866.189806
1866.190806
1866.191806
1866.192805
1866.193805
1866.194805
1866.195806
1866.196806
1866.197806
1866.198806
1866.199806
1866.200805
1866.201805
1866.202805
1866.203807
1866.204806
1866.205806
1866.206806
1866.207806
1866.208806
1866.209805
1866.210805
1866.211805
1866.212807
1866.213806
1866.214806
1866.215806
1866.216806
1866.217806
1866.218805
1866.219805
1866.220805
1866.221807
1866.222806
1866.223806
1866.224806
1866.225806
1866.226806
1866.227805
1866.228805
1866.229805
1866.230807
1866.231806
1866.232806
1866.233806
1866.234806
1866.235806
1866.236805
1866.237805
1866.238805
1866.239807
1866.240806
1866.241806
1866.242806
1866.243806
1866.244806
1866.245805
1866.246805
1866.247805
1866.248806
1866.249806
1866.250806
1866.251806
1866.252806
1866.253805
1866.254805
1866.255805
1866.256805
1866.257806
1866.258806
1866.259806
1866.260806
1866.261806
1866.262805
1866.263805
1866.264805
1866.265807
1866.266806
1866.267806
1866.268806
1866.269806
1866.270806
1866.271805
1866.272805
1866.273805
1866.274807
1866.275806
1866.276806
1866.277806
1866.278806
1866.279806
1866.280805
1866.281805
1866.282805
1866.283807
1866.284806
1866.285806
1866.286806
1866.287806
1866.288806
1866.289805
1866.290805
1866.291805
1866.292807
1866.293806
1866.294806
1866.295806
1866.296806
1866.297806
1866.298805
1866.299805
1866.300805
1866.301806
1866.302806
1866.303806
1866.304806
1866.305806
1866.306806
1866.307805
1866.308805
1866.309805
1866.310806
1866.311806
1866.312806
1866.313806
1866.314806
1866.315806
1866.316805
1866.317805
1866.318805
1866.319806
1866.320806
1866.321806
1866.322806
1866.323806
1866.324805
1866.325805
1866.326805
1866.327807
1866.328806
1866.329806
1866.330806
1866.331806
1866.332806
1866.333805
1866.334805
1866.335805
1866.336807
1866.337806
1866.338806
1866.339806
1866.340806
1866.341806
1866.342805
1866.343805
1866.344805
1866.345807
1866.346806
1866.347806
1866.348806
1866.349806
1866.350806
1866.351805
1866.352805
1866.353805
1866.354807
1866.355806
1866.356806
1866.357806
1866.358806
1866.359806
1866.360805
1866.361805
1866.362805
1866.363807
1866.364806
1866.365806
1866.366806
1866.367806
1866.368806
1866.369805
1866.370805
1866.371805
1866.372806
1866.373806
1866.374806
1866.375806
1866.376806
1866.377806
1866.378805
1866.379805
1866.380805
1866.381806
1866.382806
1866.383806
1866.384806
1866.385806
1866.386805
1866.387805
1866.388805
1866.389807
1866.390806
1866.391806
1866.392806
1866.393806
1866.394806
1866.395805
1866.396805
1866.397805
1866.398807
1866.399806
1866.400806
1866.401806
1866.402806
1866.403806
1866.404805
1866.405805
1866.406805
1866.407807
1866.408806
1866.409806
1866.410806
1866.411806
1866.412806
1866.413805
1866.414805
1866.415805
1866.416807
1866.417806
1866.418806
1866.419806
1866.420806
1866.421806
1866.422805
1866.423805
1866.424805
1866.425807
1866.426806
1866.427806
1866.428806
1866.429806
1866.430806
1866.431805
1866.432805
1866.433805
1866.434806
1866.435806
1866.436806
1866.437806
1866.438806
1866.439806
1866.440805
1866.441805
1866.442805
1866.443806
1866.444806
1866.445806
1866.446806
1866.447806
1866.448805
1866.449805
1866.450805
1866.451807
1866.452806
1866.453806
1866.454806
1866.455806
1866.456806
1866.457805
1866.458805
1866.459805
1866.460807
1866.461806
1866.462806
1866.463806
1866.464806
1866.465806
1866.466805
1866.467805
1866.468805
1866.469807
1866.470806
1866.471806
1866.472806
1866.473806
1866.474806
1866.475805
1866.476805
1866.477805
1866.478807
1866.479806
1866.480806
1866.481806
1866.482806
1866.483806
1866.484805
1866.485805
1866.486805
1866.487806
1866.488806
1866.489806
1866.490806
1866.491806
1866.492806
1866.493805
1866.494805
1866.495805
1866.496806
1866.497806
1866.498806
1866.499806
1866.500806
1866.501805
1866.502805
1866.503805
1866.504805
1866.505806
1866.506806
1866.507806
1866.508806
1866.509806
1866.510805
1866.511805
1866.512805
1866.513807
1866.514806
1866.515806
1866.516806
1866.517806
1866.518806
1866.519805
1866.520805
1866.521805
1866.522807
1866.523806
1866.524806
1866.525806
1866.526806
1866.527806
1866.528805
1866.529805
1866.530805
1866.531807
1866.532806
1866.533806
1866.534806
1866.535806
1866.536806
1866.537805
1866.538805
1866.539805
1866.540807
1866.541806
1866.542806
1866.543806
1866.544806
1866.545806
1866.546805
1866.547805
1866.548805
1866.549806
1866.550806
1866.551806
1866.552806
1866.553806
1866.554806
1866.555805
1866.556805
1866.557805
1866.558806
1866.559806
1866.560806
1866.561806
1866.562806
1866.563806
1866.564805
1866.565805
1866.566805
1866.567806
1866.568806
1866.569806
1866.570806
1866.571806
1866.572805
1866.573805
1866.574805
1866.575807
1866.576806
1866.577806
1866.578806
1866.579806
1866.580806
1866.581805
1866.582805
1866.583805
1866.584807
1866.585806
1866.586806
1866.587806
1866.588806
1866.589806
1866.590805
1866.591805
1866.592805
1866.593807
1866.594806
1866.595806
1866.596806
1866.597806
1866.598806
1866.599805
1866.600805
1866.601805
1866.602807
1866.603806
1866.604806
1866.605806
1866.606806
1866.607806
1866.608805
1866.609805
1866.610805
1866.611807
1866.612806
1866.613806
1866.614806
1866.615806
1866.616806
1866.617805
1866.618805
1866.619805
1866.620806
1866.621806
1866.622806
1866.623806
1866.624806
1866.625806
1866.626805
1866.627805
1866.628805
1866.629806
1866.630806
1866.631806
1866.632806
1866.633806
1866.634805
1866.635805
1866.636805
1866.637807
1866.638806
1866.639806
1866.640806
1866.641806
1866.642806
1866.643805
1866.644805
1866.645805
1866.646807
1866.647806
1866.648806
1866.649806
1866.650806
1866.651806
1866.652805
1866.653805
1866.654805
1866.655807
1866.656806
1866.657806
1866.658806
1866.659806
1866.660806
1866.661805
1866.662805
1866.663805
1866.664807
1866.665806
1866.666806
1866.667806
1866.668806
1866.669806
1866.670805
1866.671805
1866.672805
1866.673807
1866.674806
1866.675806
1866.676806
1866.677806
1866.678806
1866.679805
1866.680805
1866.681805
1866.682806
1866.683806
1866.684806
1866.685806
1866.686806
1866.687806
1866.688805
1866.689805
1866.690805
1866.691806
1866.692806
1866.693806
1866.694806
1866.695806
1866.696805
1866.697805
1866.698805
1866.699807
1866.700806
1866.701806
1866.702806
1866.703806
1866.704806
1866.705805
1866.706805
1866.707805
1866.708807
1866.709806
1866.710806
1866.711806
1866.712806
1866.713806
1866.714805
1866.715805
1866.716805
1866.717807
1866.718806
1866.719806
1866.720806
1866.721806
1866.722806
1866.723805
1866.724805
1866.725805
1866.726807
1866.727806
1866.728806
1866.729806
1866.730806
1866.731806
1866.732805
1866.733805
1866.734805
1866.735807
1866.736806
1866.737806
1866.738806
1866.739806
1866.740806
1866.741805
1866.742805
1866.743805
1866.744806
1866.745806
1866.746806
1866.747806
1866.748806
1866.749805
1866.750805
1866.751805
1866.752805
1866.753806
1866.754806
1866.755806
1866.756806
1866.757806
1866.758805
1866.759805
1866.760805
1866.761807
1866.762806
1866.763806
1866.764806
1866.765806
1866.766806
1866.767805
1866.768805
1866.769805
1866.770807
1866.771806
1866.772806
1866.773806
1866.774806
1866.775806
1866.776805
1866.777805
1866.778805
1866.779807
1866.780806
1866.781806
1866.782806
1866.783806
1866.784806
1866.785805
1866.786805
1866.787805
1866.788807
1866.789806
1866.790806
1866.791806
1866.792806
1866.793806
1866.794805
1866.795805
1866.796805
1866.797807
1866.798806
1866.799806
1866.800806
1866.801806
1866.802806
1866.803805
1866.804805
1866.805805
1866.806806
1866.807806
1866.808806
1866.809806
1866.810806
1866.811806
1866.812805
1866.813805
1866.814805
1866.815806
1866.816806
1866.817806
1866.818806
1866.819806
1866.820805
1866.821805
1866.822805
1866.823807
1866.824806
1866.825806
1866.826806
1866.827806
1866.828806
1866.829805
1866.830805
1866.831805
1866.832807
1866.833806
1866.834806
1866.835806
1866.836806
1866.837806
1866.838805
1866.839805
1866.840805
1866.841807
1866.842806
1866.843806
1866.844806
1866.845806
1866.846806
1866.847805
1866.848805
1866.849805
1866.850807
1866.851806
1866.852806
1866.853806
1866.854806
1866.855806
1866.856805
1866.857805
1866.858805
1866.859807
1866.860806
1866.861806
1866.862806
1866.863806
1866.864806
1866.865805
1866.866805
1866.867805
1866.868806
1866.869806
1866.870806
1866.871806
1866.872806
1866.873805
1866.874805
1866.875805
1866.876805
1866.877806
1866.878806
1866.879806
1866.880806
1866.881806
1866.882805
1866.883805
1866.884805
1866.885807
1866.886806
1866.887806
1866.888806
1866.889806
1866.890806
1866.891805
1866.892805
1866.893805
1866.894807
1866.895806
1866.896806
1866.897806
1866.898806
1866.899806
1866.900805
1866.901805
1866.902805
1866.903807
1866.904806
1866.905806
1866.906806
1866.907806
1866.908806
1866.909805
1866.910805
1866.911805
1866.912807
1866.913806
1866.914806
1866.915806
1866.916806
1866.917806
1866.918805
1866.919805
1866.920805
1866.921807
1866.922806
1866.923806
1866.924806
1866.925806
1866.926806
1866.927805
1866.928805
1866.929805
1866.930806
1866.931806
1866.932806
1866.933806
1866.934806
1866.935805
1866.936805
1866.937805
1866.938805
1866.939806
1866.940806
1866.941806
1866.942806
1866.943806
1866.944805
1866.945805
1866.946805
1866.947807
1866.948806
1866.949806
1866.950806
1866.951806
1866.952806
1866.953805
1866.954805
1866.955805
1866.956807
1866.957806
1866.958806
1866.959806
1866.960806
1866.961806
1866.962805
1866.963805
1866.964805
1866.965807
1866.966806
1866.967806
1866.968806
1866.969806
1866.970806
1866.971805
1866.972805
1866.973805
1866.974807
1866.975806
1866.976806
1866.977806
1866.978806
1866.979806
1866.980805
1866.981805
1866.982805
1866.983807
1866.984806
1866.985806
1866.986806
1866.987806
1866.988806
1866.989805
1866.990805
1866.991805
1866.992806
1866.993806
1866.994806
1866.995806
1866.996806
1866.997806
1866.998805
1866.999805
1867.000805
1867.001806
1867.002806
1867.003806
1867.004806
1867.005806
1867.006805
1867.007805
1867.008805
1867.009807
1867.010806
1867.011806
1867.012806
1867.013806
1867.014806
1867.015805
1867.016805
1867.017805
1867.018807
1867.019806
1867.020806
1867.021806
1867.022806
1867.023806
1867.024805
1867.025805
1867.026805
1867.027807
1867.028806
1867.029806
1867.030806
1867.031806
1867.032806
1867.033805
1867.034805
1867.035805
1867.036807
1867.037806
1867.038806
1867.039806
1867.040806
1867.041806
1867.042805
1867.043805
1867.044805
1867.045807
1867.046806
1867.047806
1867.048806
1867.049806
1867.050806
1867.051805
1867.052805
1867.053805
1867.054806
1867.055806
1867.056806
1867.057806
1867.058806
1867.059806
1867.060805
1867.061805
1867.062805
1867.063806
1867.064806
1867.065806
1867.066806
1867.067806
1867.068805
1867.069805
1867.070805
1867.071807
1867.072806
1867.073806
1867.074806
1867.075806
1867.076806
1867.077805
1867.078805
1867.079805
1867.080807
1867.081806
1867.082806
1867.083806
1867.084806
1867.085806
1867.086805
1867.087805
1867.088805
1867.089807
1867.090806
1867.091806
1867.092806
1867.093806
1867.094806
1867.095805
1867.096805
1867.097805
1867.098807
1867.099806
1867.100806
1867.101806
1867.102806
1867.103806
1867.104805
1867.105805
1867.106805
1867.107807
1867.108806
1867.109806
1867.110806
1867.111806
1867.112806
1867.113805
1867.114805
1867.115805
1867.116806
1867.117806
1867.118806
1867.119806
1867.120806
1867.121806
1867.122805
1867.123805
1867.124805
1867.125806
1867.126806
1867.127806
1867.128806
1867.129806
1867.130805
1867.131805
1867.132805
1867.133807
1867.134806
1867.135806
1867.136806
1867.137806
1867.138806
1867.139805
1867.140805
1867.141805
1867.142807
1867.143806
1867.144806
1867.145806
1867.146806
1867.147806
1867.148805
1867.149805
1867.150805
1867.151807
1867.152806
1867.153806
1867.154806
1867.155806
1867.156806
1867.157805
1867.158805
1867.159805
1867.160807
1867.161806
1867.162806
1867.163806
1867.164806
1867.165806
1867.166805
1867.167805
1867.168805
1867.169807
1867.170806
1867.171806
1867.172806
1867.173806
1867.174806
1867.175805
1867.176805
1867.177805
1867.178806
1867.179806
1867.180806
1867.181806
1867.182806
1867.183806
1867.184805
1867.185805
1867.186805
1867.187806
1867.188806
1867.189806
1867.190806
1867.191806
1867.192805
1867.193805
1867.194805
1867.195807
1867.196806
1867.197806
1867.198806
1867.199806
1867.200806
1867.201805
1867.202805
1867.203805
1867.204807
1867.205806
1867.206806
1867.207806
1867.208806
1867.209806
1867.210805
1867.211805
1867.212805
1867.213807
1867.214806
1867.215806
1867.216806
1867.217806
1867.218806
1867.219805
1867.220805
1867.221805
1867.222807
1867.223806
1867.224806
1867.225806
1867.226806
1867.227806
1867.228805
1867.229805
1867.230805
1867.231806
1867.232806
1867.233806
1867.234806
1867.235806
1867.236806
1867.237805
1867.238805
1867.239805
1867.240806
1867.241806
1867.242806
1867.243806
1867.244806
1867.245806
1867.246805
1867.247805
1867.248805
1867.249806
1867.250806
1867.251806
1867.252806
1867.253806
1867.254805
1867.255805
1867.256805
1867.257807
1867.258806
1867.259806
1867.260806
1867.261806
1867.262806
1867.263805
1867.264805
1867.265805
1867.266807
1867.267806
1867.268806
1867.269806
1867.270806
1867.271806
1867.272805
1867.273805
1867.274805
1867.275807
1867.276806
1867.277806
1867.278806
1867.279806
1867.280806
1867.281805
1867.282805
1867.283805
1867.284807
1867.285806
1867.286806
1867.287806
1867.288806
1867.289806
1867.290805
1867.291805
1867.292805
1867.293806
1867.294806
1867.295806
1867.296806
1867.297806
1867.298806
1867.299805
1867.300805
1867.301805
1867.302806
1867.303806
1867.304806
1867.305806
1867.306806
1867.307805
1867.308805
1867.309805
1867.310805
1867.311806
1867.312806
1867.313806
1867.314806
1867.315806
1867.316805
1867.317805
1867.318805
1867.319807
1867.320806
1867.321806
1867.322806
1867.323806
1867.324806
1867.325805
1867.326805
1867.327805
1867.328807
1867.329806
1867.330806
1867.331806
1867.332806
1867.333806
1867.334805
1867.335805
1867.336805
1867.337807
1867.338806
1867.339806
1867.340806
1867.341806
1867.342806
1867.343805
1867.344805
1867.345805
1867.346807
1867.347806
1867.348806
1867.349806
1867.350806
1867.351806
1867.352805
1867.353805
1867.354805
1867.355807
1867.356806
1867.357806
1867.358806
1867.359806
1867.360806
1867.361805
1867.362805
1867.363805
1867.364806
1867.365806
1867.366806
1867.367806
1867.368806
1867.369805
1867.370805
1867.371805
1867.372805
1867.373806
1867.374806
1867.375806
1867.376806
1867.377806
1867.378805
1867.379805
1867.380805
1867.381807
1867.382806
1867.383806
1867.384806
1867.385806
1867.386806
1867.387805
1867.388805
1867.389805
1867.390807
1867.391806
1867.392806
1867.393806
1867.394806
1867.395806
1867.396805
1867.397805
1867.398805
1867.399807
1867.400806
1867.401806
1867.402806
1867.403806
1867.404806
1867.405805
1867.406805
1867.407805
1867.408807
1867.409806
1867.410806
1867.411806
1867.412806
1867.413806
1867.414805
1867.415805
1867.416805
1867.417807
1867.418806
1867.419806
1867.420806
1867.421806
1867.422806
1867.423805
1867.424805
1867.425805
1867.426806
1867.427806
1867.428806
1867.429806
1867.430806
1867.431805
1867.432805
1867.433805
1867.434805
1867.435806
1867.436806
1867.437806
1867.438806
1867.439806
1867.440805
1867.441805
1867.442805
1867.443807
1867.444806
1867.445806
1867.446806
1867.447806
1867.448806
1867.449805
1867.450805
1867.451805
1867.452807
1867.453806
1867.454806
1867.455806
1867.456806
1867.457806
1867.458805
1867.459805
1867.460805
1867.461807
1867.462806
1867.463806
1867.464806
1867.465806
1867.466806
1867.467805
1867.468805
1867.469805
1867.470807
1867.471806
1867.472806
1867.473806
1867.474806
1867.475806
1867.476805
1867.477805
1867.478805
1867.479806
1867.480806
1867.481806
1867.482806
1867.483806
1867.484806
1867.485805
1867.486805
1867.487805
1867.488806
1867.489806
1867.490806
1867.491806
1867.492806
1867.493806
1867.494805
1867.495805
1867.496805
1867.497806
1867.498806
1867.499806
1867.500806
1867.501806
1867.502805
1867.503805
1867.504805
1867.505807
1867.506806
1867.507806
1867.508806
1867.509806
1867.510806
1867.511805
1867.512805
1867.513805
1867.514807
1867.515806
1867.516806
1867.517806
1867.518806
1867.519806
1867.520805
1867.521805
1867.522805
1867.523807
1867.524806
1867.525806
1867.526806
1867.527806
1867.528806
1867.529805
1867.530805
1867.531805
1867.532807
1867.533806
1867.534806
1867.535806
1867.536806
1867.537806
1867.538805
1867.539805
1867.540805
1867.541807
1867.542806
1867.543806
1867.544806
1867.545806
1867.546806
1867.547805
1867.548805
1867.549805
1867.550806
1867.551806
1867.552806
1867.553806
1867.554806
1867.555806
1867.556805
1867.557805
1867.558805
1867.559806
1867.560806
1867.561806
1867.562806
1867.563806
1867.564805
1867.565805
1867.566805
1867.567807
1867.568806
1867.569806
1867.570806
1867.571806
1867.572806
1867.573805
1867.574805
1867.575805
1867.576807
1867.577806
1867.578806
1867.579806
1867.580806
1867.581806
1867.582805
1867.583805
1867.584805
1867.585807
1867.586806
1867.587806
1867.588806
1867.589806
1867.590806
1867.591805
1867.592805
1867.593805
1867.594807
1867.595806
1867.596806
1867.597806
1867.598806
1867.599806
1867.600805
1867.601805
1867.602805
1867.603807
1867.604806
1867.605806
1867.606806
1867.607806
1867.608806
1867.609805
1867.610805
1867.611805
1867.612806
1867.613806
1867.614806
1867.615806
1867.616806
1867.617805
1867.618805
1867.619805
1867.620805
1867.621806
1867.622806
1867.623806
1867.624806
1867.625806
1867.626805
1867.627805
1867.628805
1867.629807
1867.630806
1867.631806
1867.632806
1867.633806
1867.634806
1867.635805
1867.636805
1867.637805
1867.638807
1867.639806
1867.640806
1867.641806
1867.642806
1867.643806
1867.644805
1867.645805
1867.646805
1867.647807
1867.648806
1867.649806
1867.650806
1867.651806
1867.652806
1867.653805
1867.654805
1867.655805
1867.656807
1867.657806
1867.658806
1867.659806
1867.660806
1867.661806
1867.662805
1867.663805
1867.664805
1867.665807
1867.666806
1867.667806
1867.668806
1867.669806
1867.670806
1867.671805
1867.672805
1867.673805
1867.674806
1867.675806
1867.676806
1867.677806
1867.678806
1867.679806
1867.680805
1867.681805
1867.682805
1867.683806
1867.684806
1867.685806
1867.686806
1867.687806
1867.688805
1867.689805
1867.690805
1867.691807
1867.692806
1867.693806
1867.694806
1867.695806
1867.696806
1867.697805
1867.698805
1867.699805
1867.700807
1867.701806
1867.702806
1867.703806
1867.704806
1867.705806
1867.706805
1867.707805
1867.708805
1867.709807
1867.710806
1867.711806
1867.712806
1867.713806
1867.714806
1867.715805
1867.716805
1867.717805
1867.718807
1867.719806
1867.720806
1867.721806
1867.722806
1867.723806
1867.724805
1867.725805
1867.726805
1867.727806
1867.728806
1867.729806
1867.730806
1867.731806
1867.732806
1867.733805
1867.734805
1867.735805
1867.736806
1867.737806
1867.738806
1867.739806
1867.740806
1867.741806
1867.742805
1867.743805
1867.744805
1867.745806
1867.746806
1867.747806
1867.748806
1867.749806
1867.750805
1867.751805
1867.752805
1867.753807
1867.754806
1867.755806
1867.756806
1867.757806
1867.758806
1867.759805
1867.760805
1867.761805
1867.762807
1867.763806
1867.764806
1867.765806
1867.766806
1867.767806
1867.768805
1867.769805
1867.770805
1867.771807
1867.772806
1867.773806
1867.774806
1867.775806
1867.776806
1867.777805
1867.778805
1867.779805
1867.780807
1867.781806
1867.782806
1867.783806
1867.784806
1867.785806
1867.786805
1867.787805
1867.788805
1867.789806
1867.790806
1867.791806
1867.792806
1867.793806
1867.794806
1867.795805
1867.796805
1867.797805
1867.798806
1867.799806
1867.800806
1867.801806
1867.802806
1867.803806
1867.804805
1867.805805
1867.806805
1867.807806
1867.808806
1867.809806
1867.810806
1867.811806
1867.812805
1867.813805
1867.814805
1867.815807
1867.816806
1867.817806
1867.818806
1867.819806
1867.820806
1867.821805
1867.822805
