4036.76221
4036.76321
4036.764209
4036.765209
4036.766211
4036.767211
4036.76821
4036.76921
4036.77021
4036.77121
4036.77221
4036.773209
4036.774209
4036.775211
4036.776211
4036.77721
4036.77821
4036.77921
4036.78021
4036.78121
4036.782209
4036.783211
4036.784211
4036.785211
4036.78621
4036.78721
4036.78821
4036.78921
4036.79021
4036.791209
4036.792211
4036.793211
4036.79421
4036.79521
4036.79621
4036.79721
4036.79821
4036.79921
4036.800209
4036.801211
4036.802211
4036.80321
4036.80421
4036.80521
4036.80621
4036.80721
4036.808209
4036.809209
4036.810211
4036.811211
4036.81221
4036.81321
4036.81421
4036.81521
4036.81621
4036.817209
4036.818209
4036.819211
4036.820211
4036.82121
4036.82221
4036.82321
4036.82421
4036.82521
4036.826209
4036.827209
4036.828211
4036.829211
4036.83021
4036.83121
4036.83221
4036.83321
4036.83421
4036.835209
4036.836209
4036.837211
4036.838211
4036.83921
4036.84021
4036.84121
4036.84221
4036.84321
4036.844209
4036.845211
4036.846211
4036.847211
4036.84821
4036.84921
4036.85021
4036.85121
4036.85221
4036.853209
4036.854211
4036.855211
4036.85621
4036.85721
4036.85821
4036.85921
4036.86021
4036.86121
4036.862209
4036.863211
4036.864211
4036.86521
4036.86621
4036.86721
4036.86821
4036.86921
4036.870209
4036.871209
4036.872211
4036.873211
4036.87421
4036.87521
4036.87621
4036.87721
4036.87821
4036.879209
4036.880209
4036.881211
4036.882211
4036.88321
4036.88421
4036.88521
4036.88621
4036.88721
4036.888209
4036.889209
4036.890211
4036.891211
4036.89221
4036.89321
4036.89421
4036.89521
4036.89621
4036.897209
4036.898209
4036.899211
4036.900211
4036.90121
4036.90221
4036.90321
4036.90421
4036.90521
4036.906209
4036.907211
4036.908211
4036.909211
4036.91021
4036.91121
4036.91221
4036.91321
4036.91421
4036.915209
4036.916211
4036.917211
4036.91821
4036.91921
4036.92021
4036.92121
4036.92221
4036.92321
4036.924209
4036.925211
4036.926211
4036.92721
4036.92821
4036.92921
4036.93021
4036.93121
4036.932209
4036.933209
4036.934211
4036.935211
4036.93621
4036.93721
4036.93821
4036.93921
4036.94021
4036.941209
4036.942209
4036.943211
4036.944211
4036.94521
4036.94621
4036.94721
4036.94821
4036.94921
4036.950209
4036.951209
4036.952211
4036.953211
4036.95421
4036.95521
4036.95621
4036.95721
4036.95821
4036.959209
4036.960209
4036.961211
4036.962211
4036.96321
4036.96421
4036.96521
4036.96621
4036.96721
4036.968209
4036.969211
4036.970211
4036.971211
4036.97221
4036.97321
4036.97421
4036.97521
4036.97621
4036.977209
4036.978211
4036.979211
4036.98021
4036.98121
4036.98221
4036.98321
4036.98421
4036.98521
4036.986209
4036.987211
4036.988211
4036.98921
4036.99021
4036.99121
4036.99221
4036.99321
4036.994209
4036.995209
4036.996211
4036.997211
4036.99821
4036.99921
4037.00021
4037.00121
4037.00221
4037.003209
4037.004209
4037.005211
4037.006211
4037.00721
4037.00821
4037.00921
4037.01021
4037.01121
4037.012209
4037.013209
4037.014211
4037.015211
4037.01621
4037.01721
4037.01821
4037.01921
4037.02021
4037.021209
4037.022209
4037.023211
4037.024211
4037.02521
4037.02621
4037.02721
4037.02821
4037.02921
4037.030209
4037.031211
4037.032211
4037.033211
4037.03421
4037.03521
4037.03621
4037.03721
4037.03821
4037.039209
4037.040211
4037.041211
4037.04221
4037.04321
4037.04421
4037.04521
4037.04621
4037.04721
4037.048209
4037.049211
4037.050211
4037.05121
4037.05221
4037.05321
4037.05421
4037.05521
4037.056209
4037.057209
4037.058211
4037.059211
4037.06021
4037.06121
4037.06221
4037.06321
4037.06421
4037.065209
4037.066209
4037.067211
4037.068211
4037.06921
4037.07021
4037.07121
4037.07221
4037.07321
4037.074209
4037.075209
4037.076211
4037.077211
4037.07821
4037.07921
4037.08021
4037.08121
4037.08221
4037.083209
4037.084209
4037.085211
4037.086211
4037.08721
4037.08821
4037.08921
4037.09021
4037.09121
4037.092209
4037.093211
4037.094211
4037.095211
4037.09621
4037.09721
4037.09821
4037.09921
4037.10021
4037.101209
4037.102211
4037.103211
4037.10421
4037.10521
4037.10621
4037.10721
4037.10821
4037.10921
4037.110209
4037.111211
4037.112211
4037.11321
4037.11421
4037.11521
4037.11621
4037.11721
4037.118209
4037.119209
4037.120211
4037.121211
4037.12221
4037.12321
4037.12421
4037.12521
4037.12621
4037.127209
4037.128209
4037.129211
4037.130211
4037.13121
4037.13221
4037.13321
4037.13421
4037.13521
4037.136209
4037.137209
4037.138211
4037.139211
4037.14021
4037.14121
4037.14221
4037.14321
4037.14421
4037.145209
4037.146209
4037.147211
4037.148211
4037.14921
4037.15021
4037.15121
4037.15221
4037.15321
4037.154209
4037.155211
4037.156211
4037.157211
4037.15821
4037.15921
4037.16021
4037.16121
4037.16221
4037.163209
4037.164211
4037.165211
4037.16621
4037.16721
4037.16821
4037.16921
4037.17021
4037.17121
4037.172209
4037.173211
4037.174211
4037.17521
4037.17621
4037.17721
4037.17821
4037.17921
4037.180209
4037.181209
4037.182211
4037.183211
4037.18421
4037.18521
4037.18621
4037.18721
4037.18821
4037.189209
4037.190209
4037.191211
4037.192211
4037.19321
4037.19421
4037.19521
4037.19621
4037.19721
4037.198209
4037.199209
4037.200211
4037.201211
4037.20221
4037.20321
4037.20421
4037.20521
4037.20621
4037.207209
4037.208209
4037.209211
4037.210211
4037.21121
4037.21221
4037.21321
4037.21421
4037.21521
4037.216209
4037.217211
4037.218211
4037.219211
4037.22021
4037.22121
4037.22221
4037.22321
4037.22421
4037.225209
4037.226211
4037.227211
4037.22821
4037.22921
4037.23021
4037.23121
4037.23221
4037.23321
4037.234209
4037.235211
4037.236211
4037.23721
4037.23821
4037.23921
4037.24021
4037.24121
4037.242209
4037.243209
4037.244211
4037.245211
4037.24621
4037.24721
4037.24821
4037.24921
4037.25021
4037.251209
4037.252209
4037.253211
4037.254211
4037.25521
4037.25621
4037.25721
4037.25821
4037.25921
4037.260209
4037.261209
4037.262211
4037.263211
4037.26421
4037.26521
4037.26621
4037.26721
4037.26821
4037.269209
4037.270209
4037.271211
4037.272211
4037.27321
4037.27421
4037.27521
4037.27621
4037.27721
4037.278209
4037.279211
4037.280211
4037.281211
4037.28221
4037.28321
4037.28421
4037.28521
4037.28621
4037.287209
4037.288211
4037.289211
4037.29021
4037.29121
4037.29221
4037.29321
4037.29421
4037.29521
4037.296209
4037.297211
4037.298211
4037.29921
4037.30021
4037.30121
4037.30221
4037.30321
4037.304209
4037.305209
4037.306211
4037.307211
4037.30821
4037.30921
4037.31021
4037.31121
4037.31221
4037.313209
4037.314209
4037.315211
4037.316211
4037.31721
4037.31821
4037.31921
4037.32021
4037.32121
4037.322209
4037.323209
4037.324211
4037.325211
4037.32621
4037.32721
4037.32821
4037.32921
4037.33021
4037.331209
4037.332209
4037.333211
4037.334211
4037.33521
4037.33621
4037.33721
4037.33821
4037.33921
4037.340209
4037.341211
4037.342211
4037.343211
4037.34421
4037.34521
4037.34621
4037.34721
4037.34821
4037.349209
4037.350211
4037.351211
4037.35221
4037.35321
4037.35421
4037.35521
4037.35621
4037.35721
4037.358209
4037.359211
4037.360211
4037.36121
4037.36221
4037.36321
4037.36421
4037.36521
4037.366209
4037.367209
4037.368211
4037.369211
4037.37021
4037.37121
4037.37221
4037.37321
4037.37421
4037.375209
4037.376209
4037.377211
4037.378211
4037.37921
4037.38021
4037.38121
4037.38221
4037.38321
4037.384209
4037.385209
4037.386211
4037.387211
4037.38821
4037.38921
4037.39021
4037.39121
4037.39221
4037.393209
4037.394209
4037.395211
4037.396211
4037.39721
4037.39821
4037.39921
4037.40021
4037.40121
4037.402209
4037.403211
4037.404211
4037.405211
4037.40621
4037.40721
4037.40821
4037.40921
4037.41021
4037.411209
4037.412211
4037.413211
4037.41421
4037.41521
4037.41621
4037.41721
4037.41821
4037.41921
4037.420209
4037.421211
4037.422211
4037.42321
4037.42421
4037.42521
4037.42621
4037.42721
4037.428209
4037.429209
4037.430211
4037.431211
4037.43221
4037.43321
4037.43421
4037.43521
4037.43621
4037.437209
4037.438209
4037.439211
4037.440211
4037.44121
4037.44221
4037.44321
4037.44421
4037.44521
4037.446209
4037.447209
4037.448211
4037.449211
4037.45021
4037.45121
4037.45221
4037.45321
4037.45421
4037.455209
4037.456209
4037.457211
4037.458211
4037.45921
4037.46021
4037.46121
4037.46221
4037.46321
4037.464209
4037.465211
4037.466211
4037.467211
4037.46821
4037.46921
4037.47021
4037.47121
4037.47221
4037.473209
4037.474211
4037.475211
4037.47621
4037.47721
4037.47821
4037.47921
4037.48021
4037.48121
4037.482209
4037.483211
4037.484211
4037.48521
4037.48621
4037.48721
4037.48821
4037.48921
4037.490209
4037.491209
4037.492211
4037.493211
4037.49421
4037.49521
4037.49621
4037.49721
4037.49821
4037.499209
4037.500209
4037.501211
4037.502211
4037.50321
4037.50421
4037.50521
4037.50621
4037.50721
4037.508209
4037.509209
4037.510211
4037.511211
4037.51221
4037.51321
4037.51421
4037.51521
4037.51621
4037.517209
4037.518209
4037.519211
4037.520211
4037.52121
4037.52221
4037.52321
4037.52421
4037.52521
4037.526209
4037.527211
4037.528211
4037.529211
4037.53021
4037.53121
4037.53221
4037.53321
4037.53421
4037.535209
4037.536211
4037.537211
4037.53821
4037.53921
4037.54021
4037.54121
4037.54221
4037.543209
4037.544209
4037.545211
4037.546211
4037.54721
4037.54821
4037.54921
4037.55021
4037.55121
4037.552209
4037.553209
4037.554211
4037.555211
4037.55621
4037.55721
4037.55821
4037.55921
4037.56021
4037.561209
4037.562209
4037.563211
4037.564211
4037.56521
4037.56621
4037.56721
4037.56821
4037.56921
4037.570209
4037.571209
4037.572211
4037.573211
4037.57421
4037.57521
4037.57621
4037.57721
4037.57821
4037.579209
4037.580209
4037.581211
4037.582211
4037.58321
4037.58421
4037.58521
4037.58621
4037.58721
4037.588209
4037.589211
4037.590211
4037.591211
4037.59221
4037.59321
4037.59421
4037.59521
4037.59621
4037.597209
4037.598211
4037.599211
4037.60021
4037.60121
4037.60221
4037.60321
4037.60421
4037.60521
4037.606209
4037.607211
4037.608211
4037.60921
4037.61021
4037.61121
4037.61221
4037.61321
4037.614209
4037.615209
4037.616211
4037.617211
4037.61821
4037.61921
4037.62021
4037.62121
4037.62221
4037.623209
4037.624209
4037.625211
4037.626211
4037.62721
4037.62821
4037.62921
4037.63021
4037.63121
4037.632209
4037.633209
4037.634211
4037.635211
4037.63621
4037.63721
4037.63821
4037.63921
4037.64021
4037.641209
4037.642209
4037.643211
4037.644211
4037.64521
4037.64621
4037.64721
4037.64821
4037.64921
4037.650209
4037.651211
4037.652211
4037.653211
4037.65421
4037.65521
4037.65621
4037.65721
4037.65821
4037.659209
4037.660211
4037.661211
4037.66221
4037.66321
4037.66421
4037.66521
4037.66621
4037.66721
4037.668209
4037.669211
4037.670211
4037.67121
4037.67221
4037.67321
4037.67421
4037.67521
4037.676209
4037.677209
4037.678211
4037.679211
4037.68021
4037.68121
4037.68221
4037.68321
4037.68421
4037.685209
4037.686209
4037.687211
4037.688211
4037.68921
4037.69021
4037.69121
4037.69221
4037.69321
4037.694209
4037.695209
4037.696211
4037.697211
4037.69821
4037.69921
4037.70021
4037.70121
4037.70221
4037.703209
4037.704209
4037.705211
4037.706211
4037.70721
4037.70821
4037.70921
4037.71021
4037.71121
4037.712209
4037.713211
4037.714211
4037.715211
4037.71621
4037.71721
4037.71821
4037.71921
4037.72021
4037.721209
4037.722211
4037.723211
4037.72421
4037.72521
4037.72621
4037.72721
4037.72821
4037.72921
4037.730209
4037.731211
4037.732211
4037.73321
4037.73421
4037.73521
4037.73621
4037.73721
4037.738209
4037.739209
4037.740211
4037.741211
4037.74221
4037.74321
4037.74421
4037.74521
4037.74621
4037.747209
4037.748209
4037.749211
4037.750211
4037.75121
4037.75221
4037.75321
4037.75421
4037.75521
4037.756209
4037.757209
4037.758211
4037.759211
4037.76021
4037.76121
4037.76221
4037.76321
4037.76421
4037.765209
4037.766209
4037.767211
4037.768211
4037.76921
4037.77021
4037.77121
4037.77221
4037.77321
4037.774209
4037.775211
4037.776211
4037.777211
4037.77821
4037.77921
4037.78021
4037.78121
4037.78221
4037.783209
4037.784211
4037.785211
4037.78621
4037.78721
4037.78821
4037.78921
4037.79021
4037.79121
4037.792209
4037.793211
4037.794211
4037.79521
4037.79621
4037.79721
4037.79821
4037.79921
4037.800209
4037.801209
4037.802211
4037.803211
4037.80421
4037.80521
4037.80621
4037.80721
4037.80821
4037.809209
4037.810209
4037.811211
4037.812211
4037.81321
4037.81421
4037.81521
4037.81621
4037.81721
4037.818209
4037.819209
4037.820211
4037.821211
4037.82221
4037.82321
4037.82421
4037.82521
4037.82621
4037.827209
4037.828209
4037.829211
4037.830211
4037.83121
4037.83221
4037.83321
4037.83421
4037.83521
4037.836209
4037.837211
4037.838211
4037.839211
4037.84021
4037.84121
4037.84221
4037.84321
4037.84421
4037.845209
4037.846211
4037.847211
4037.84821
4037.84921
4037.85021
4037.85121
4037.85221
4037.85321
4037.854209
4037.855211
4037.856211
4037.85721
4037.85821
4037.85921
4037.86021
4037.86121
4037.862209
4037.863209
4037.864211
4037.865211
4037.86621
4037.86721
4037.86821
4037.86921
4037.87021
4037.871209
4037.872209
4037.873211
4037.874211
4037.87521
4037.87621
4037.87721
4037.87821
4037.87921
4037.880209
4037.881209
4037.882211
4037.883211
4037.88421
4037.88521
4037.88621
4037.88721
4037.88821
4037.889209
4037.890209
4037.891211
4037.892211
4037.89321
4037.89421
4037.89521
4037.89621
4037.89721
4037.898209
4037.899211
4037.900211
4037.90121
4037.90221
4037.90321
4037.90421
4037.90521
4037.90621
4037.907209
4037.908211
4037.909211
4037.91021
4037.91121
4037.91221
4037.91321
4037.91421
4037.91521
4037.916209
4037.917211
4037.918211
4037.91921
4037.92021
4037.92121
4037.92221
4037.92321
4037.924209
4037.925209
4037.926211
4037.927211
4037.92821
4037.92921
4037.93021
4037.93121
4037.93221
4037.933209
4037.934209
4037.935211
4037.936211
4037.93721
4037.93821
4037.93921
4037.94021
4037.94121
4037.942209
4037.943209
4037.944211
4037.945211
4037.94621
4037.94721
4037.94821
4037.94921
4037.95021
4037.951209
4037.952209
4037.953211
4037.954211
4037.95521
4037.95621
4037.95721
4037.95821
4037.95921
4037.960209
4037.961211
4037.962211
4037.963211
4037.96421
4037.96521
4037.96621
4037.96721
4037.96821
4037.969209
4037.970211
4037.971211
4037.97221
4037.97321
4037.97421
4037.97521
4037.97621
4037.97721
4037.978209
4037.979211
4037.980211
4037.98121
4037.98221
4037.98321
4037.98421
4037.98521
4037.986209
4037.987209
4037.988211
4037.989211
4037.99021
4037.99121
4037.99221
4037.99321
4037.99421
4037.995209
4037.996209
4037.997211
4037.998211
4037.99921
4038.00021
4038.00121
4038.00221
4038.00321
4038.004209
4038.005209
4038.006211
4038.007211
4038.00821
4038.00921
4038.01021
4038.01121
4038.01221
4038.013209
4038.014209
4038.015211
4038.016211
4038.01721
4038.01821
4038.01921
4038.02021
4038.02121
4038.022209
4038.023211
4038.024211
4038.025211
4038.02621
4038.02721
4038.02821
4038.02921
4038.03021
4038.031209
4038.032211
4038.033211
4038.03421
4038.03521
4038.03621
4038.03721
4038.03821
4038.03921
4038.040209
4038.041211
4038.042211
4038.04321
4038.04421
4038.04521
4038.04621
4038.04721
4038.048209
4038.049209
4038.050211
4038.051211
4038.05221
4038.05321
4038.05421
4038.05521
4038.05621
4038.057209
4038.058209
4038.059211
4038.060211
4038.06121
4038.06221
4038.06321
4038.06421
4038.06521
4038.066209
4038.067209
4038.068211
4038.069211
4038.07021
4038.07121
4038.07221
4038.07321
4038.07421
4038.075209
4038.076209
4038.077211
4038.078211
4038.07921
4038.08021
4038.08121
4038.08221
4038.08321
4038.084209
4038.085211
4038.086211
4038.087211
4038.08821
4038.08921
4038.09021
4038.09121
4038.09221
4038.093209
4038.094211
4038.095211
4038.09621
4038.09721
4038.09821
4038.09921
4038.10021
4038.10121
4038.102209
4038.103211
4038.104211
4038.10521
4038.10621
4038.10721
4038.10821
4038.10921
4038.110209
4038.111209
4038.112211
4038.113211
4038.11421
4038.11521
4038.11621
4038.11721
4038.11821
4038.119209
4038.120209
4038.121211
4038.122211
4038.12321
4038.12421
4038.12521
4038.12621
4038.12721
4038.128209
4038.129209
4038.130211
4038.131211
4038.13221
4038.13321
4038.13421
4038.13521
4038.13621
4038.137209
4038.138209
4038.139211
4038.140211
4038.14121
4038.14221
4038.14321
4038.14421
4038.14521
4038.146209
4038.147211
4038.148211
4038.149211
4038.15021
4038.15121
4038.15221
4038.15321
4038.15421
4038.155209
4038.156211
4038.157211
4038.15821
4038.15921
4038.16021
4038.16121
4038.16221
4038.16321
4038.164209
4038.165211
4038.166211
4038.16721
4038.16821
4038.16921
4038.17021
4038.17121
4038.172209
4038.173209
4038.174211
4038.175211
4038.17621
4038.17721
4038.17821
4038.17921
4038.18021
4038.181209
4038.182209
4038.183211
4038.184211
4038.18521
4038.18621
4038.18721
4038.18821
4038.18921
4038.190209
4038.191209
4038.192211
4038.193211
4038.19421
4038.19521
4038.19621
4038.19721
4038.19821
4038.199209
4038.200209
4038.201211
4038.202211
4038.20321
4038.20421
4038.20521
4038.20621
4038.20721
4038.208209
4038.209211
4038.210211
4038.211211
4038.21221
4038.21321
4038.21421
4038.21521
4038.21621
4038.217209
4038.218211
4038.219211
4038.22021
4038.22121
4038.22221
4038.22321
4038.22421
4038.22521
4038.226209
4038.227211
4038.228211
4038.22921
4038.23021
4038.23121
4038.23221
4038.23321
4038.234209
4038.235209
4038.236211
4038.237211
4038.23821
4038.23921
4038.24021
4038.24121
4038.24221
4038.243209
4038.244209
4038.245211
4038.246211
4038.24721
4038.24821
4038.24921
4038.25021
4038.25121
4038.252209
4038.253209
4038.254211
4038.255211
4038.25621
4038.25721
4038.25821
4038.25921
4038.26021
4038.261209
4038.262209
4038.263211
4038.264211
4038.26521
4038.26621
4038.26721
4038.26821
4038.26921
4038.270209
4038.271211
4038.272211
4038.273211
4038.27421
4038.27521
4038.27621
4038.27721
4038.27821
4038.279209
4038.280211
4038.281211
4038.28221
4038.28321
4038.28421
4038.28521
4038.28621
4038.28721
4038.288209
4038.289211
4038.290211
4038.29121
4038.29221
4038.29321
4038.29421
4038.29521
4038.296209
4038.297209
4038.298211
4038.299211
4038.30021
4038.30121
4038.30221
4038.30321
4038.30421
4038.305209
4038.306209
4038.307211
4038.308211
4038.30921
4038.31021
4038.31121
4038.31221
4038.31321
4038.314209
4038.315209
4038.316211
4038.317211
4038.31821
4038.31921
4038.32021
4038.32121
4038.32221
4038.323209
4038.324209
4038.325211
4038.326211
4038.32721
4038.32821
4038.32921
4038.33021
4038.33121
4038.332209
4038.333211
4038.334211
4038.335211
4038.33621
4038.33721
4038.33821
4038.33921
4038.34021
4038.341209
4038.342211
4038.343211
4038.34421
4038.34521
4038.34621
4038.34721
4038.34821
4038.34921
4038.350209
4038.351211
4038.352211
4038.35321
4038.35421
4038.35521
4038.35621
4038.35721
4038.358209
4038.359209
4038.360211
4038.361211
4038.36221
4038.36321
4038.36421
4038.36521
4038.36621
4038.367209
4038.368209
4038.369211
4038.370211
4038.37121
4038.37221
4038.37321
4038.37421
4038.37521
4038.376209
4038.377209
4038.378211
4038.379211
4038.38021
4038.38121
4038.38221
4038.38321
4038.38421
4038.385209
4038.386209
4038.387211
4038.388211
4038.38921
4038.39021
4038.39121
4038.39221
4038.39321
4038.394209
4038.395211
4038.396211
4038.397211
4038.39821
4038.39921
4038.40021
4038.40121
4038.40221
4038.403209
4038.404211
4038.405211
4038.40621
4038.40721
4038.40821
4038.40921
4038.41021
4038.41121
4038.412209
4038.413211
4038.414211
4038.41521
4038.41621
4038.41721
4038.41821
4038.41921
4038.420209
4038.421209
4038.422211
4038.423211
4038.42421
4038.42521
4038.42621
4038.42721
4038.42821
4038.429209
4038.430209
4038.431211
4038.432211
4038.43321
4038.43421
4038.43521
4038.43621
4038.43721
4038.438209
4038.439209
4038.440211
4038.441211
4038.44221
4038.44321
4038.44421
4038.44521
4038.44621
4038.447209
4038.448209
4038.449211
4038.450211
4038.45121
4038.45221
4038.45321
4038.45421
4038.45521
4038.456209
4038.457211
4038.458211
4038.459211
4038.46021
4038.46121
4038.46221
4038.46321
4038.46421
4038.465209
4038.466211
4038.467211
4038.46821
4038.46921
4038.47021
4038.47121
4038.47221
4038.47321
4038.474209
4038.475211
4038.476211
4038.47721
4038.47821
4038.47921
4038.48021
4038.48121
4038.482209
4038.483209
4038.484211
4038.485211
4038.48621
4038.48721
4038.48821
4038.48921
4038.49021
4038.491209
4038.492209
4038.493211
4038.494211
4038.49521
4038.49621
4038.49721
4038.49821
4038.49921
4038.500209
4038.501209
4038.502211
4038.503211
4038.50421
4038.50521
4038.50621
4038.50721
4038.50821
4038.509209
4038.510209
4038.511211
4038.512211
4038.51321
4038.51421
4038.51521
4038.51621
4038.51721
4038.518209
4038.519211
4038.520211
4038.521211
4038.52221
4038.52321
4038.52421
4038.52521
4038.52621
4038.527209
4038.528211
4038.529211
4038.53021
4038.53121
4038.53221
4038.53321
4038.53421
4038.53521
4038.536209
4038.537211
4038.538211
4038.53921
4038.54021
4038.54121
4038.54221
4038.54321
4038.544209
4038.545209
4038.546211
4038.547211
4038.54821
4038.54921
4038.55021
4038.55121
4038.55221
4038.553209
4038.554209
4038.555211
4038.556211
4038.55721
4038.55821
4038.55921
4038.56021
4038.56121
4038.562209
4038.563209
4038.564211
4038.565211
4038.56621
4038.56721
4038.56821
4038.56921
4038.57021
4038.571209
4038.572209
4038.573211
4038.574211
4038.57521
4038.57621
4038.57721
4038.57821
4038.57921
4038.580209
4038.581211
4038.582211
4038.583211
4038.58421
4038.58521
4038.58621
4038.58721
4038.58821
4038.589209
4038.590211
4038.591211
4038.59221
4038.59321
4038.59421
4038.59521
4038.59621
4038.59721
4038.598209
4038.599211
4038.600211
4038.60121
4038.60221
4038.60321
4038.60421
4038.60521
4038.606209
4038.607209
4038.608211
4038.609211
4038.61021
4038.61121
4038.61221
4038.61321
4038.61421
4038.615209
4038.616209
4038.617211
4038.618211
4038.61921
4038.62021
4038.62121
4038.62221
4038.62321
4038.624209
4038.625209
4038.626211
4038.627211
4038.62821
4038.62921
4038.63021
4038.63121
4038.63221
4038.633209
4038.634209
4038.635211
4038.636211
4038.63721
4038.63821
4038.63921
4038.64021
4038.64121
4038.642209
4038.643211
4038.644211
4038.645211
4038.64621
4038.64721
4038.64821
4038.64921
4038.65021
4038.651209
4038.652211
4038.653211
4038.65421
4038.65521
4038.65621
4038.65721
4038.65821
4038.65921
4038.660209
4038.661211
4038.662211
4038.66321
4038.66421
4038.66521
4038.66621
4038.66721
4038.668209
4038.669209
4038.670211
4038.671211
4038.67221
4038.67321
4038.67421
4038.67521
4038.67621
4038.677209
4038.678209
4038.679211
4038.680211
4038.68121
4038.68221
4038.68321
4038.68421
4038.68521
4038.686209
4038.687209
4038.688211
4038.689211
4038.69021
4038.69121
4038.69221
4038.69321
4038.69421
4038.695209
4038.696209
4038.697211
4038.698211
4038.69921
4038.70021
4038.70121
4038.70221
4038.70321
4038.704209
4038.705211
4038.706211
4038.707211
4038.70821
4038.70921
4038.71021
4038.71121
4038.71221
4038.713209
4038.714211
4038.715211
4038.71621
4038.71721
4038.71821
4038.71921
4038.72021
4038.72121
4038.722209
4038.723211
4038.724211
4038.72521
4038.72621
4038.72721
4038.72821
4038.72921
4038.730209
4038.731209
4038.732211
4038.733211
4038.73421
4038.73521
4038.73621
4038.73721
4038.73821
4038.739209
4038.740209
4038.741211
4038.742211
4038.74321
4038.74421
4038.74521
4038.74621
4038.74721
4038.748209
4038.749209
4038.750211
4038.751211
4038.75221
4038.75321
4038.75421
4038.75521
4038.75621
4038.757209
4038.758209
4038.759211
4038.760211
4038.76121
4038.76221
4038.76321
4038.76421
4038.76521
4038.766209
