1607.041895
1607.042896
1607.043896
1607.044896
1607.045896
1607.046896
1607.047895
1607.048895
1607.049895
1607.050895
1607.051896
1607.052896
1607.053896
1607.054896
1607.055896
1607.056895
1607.057895
1607.058895
1607.059895
1607.060896
1607.061896
1607.062896
1607.063896
1607.064896
1607.065895
1607.066895
1607.067895
1607.068897
1607.069896
1607.070896
1607.071896
1607.072896
1607.073896
1607.074895
1607.075895
1607.076895
1607.077897
1607.078896
1607.079896
1607.080896
1607.081896
1607.082896
1607.083895
1607.084895
1607.085895
1607.086897
1607.087896
1607.088896
1607.089896
1607.090896
1607.091896
1607.092895
1607.093895
1607.094895
1607.095896
1607.096896
1607.097896
1607.098896
1607.099896
1607.100896
1607.101895
1607.102895
1607.103895
1607.104896
1607.105896
1607.106896
1607.107896
1607.108896
1607.109895
1607.110895
1607.111895
1607.112895
1607.113896
1607.114896
1607.115896
1607.116896
1607.117896
1607.118895
1607.119895
1607.120895
1607.121895
1607.122896
1607.123896
1607.124896
1607.125896
1607.126896
1607.127895
1607.128895
1607.129895
1607.130897
1607.131896
1607.132896
1607.133896
1607.134896
1607.135896
1607.136895
1607.137895
1607.138895
1607.139897
1607.140896
1607.141896
1607.142896
1607.143896
1607.144896
1607.145895
1607.146895
1607.147895
1607.148897
1607.149896
1607.150896
1607.151896
1607.152896
1607.153896
1607.154895
1607.155895
1607.156895
1607.157896
1607.158896
1607.159896
1607.160896
1607.161896
1607.162896
1607.163895
1607.164895
1607.165895
1607.166896
1607.167896
1607.168896
1607.169896
1607.170896
1607.171895
1607.172895
1607.173895
1607.174895
1607.175896
1607.176896
1607.177896
1607.178896
1607.179896
1607.180895
1607.181895
1607.182895
1607.183895
1607.184896
1607.185896
1607.186896
1607.187896
1607.188896
1607.189895
1607.190895
1607.191895
1607.192897
1607.193896
1607.194896
1607.195896
1607.196896
1607.197896
1607.198895
1607.199895
1607.200895
1607.201897
1607.202896
1607.203896
1607.204896
1607.205896
1607.206896
1607.207895
1607.208895
1607.209895
1607.210897
1607.211896
1607.212896
1607.213896
1607.214896
1607.215896
1607.216895
1607.217895
1607.218895
1607.219896
1607.220896
1607.221896
1607.222896
1607.223896
1607.224896
1607.225895
1607.226895
1607.227895
1607.228896
1607.229896
1607.230896
1607.231896
1607.232896
1607.233895
1607.234895
1607.235895
1607.236895
1607.237896
1607.238896
1607.239896
1607.240896
1607.241896
1607.242895
1607.243895
1607.244895
1607.245895
1607.246896
1607.247896
1607.248896
1607.249896
1607.250896
1607.251895
1607.252895
1607.253895
1607.254897
1607.255896
1607.256896
1607.257896
1607.258896
1607.259896
1607.260895
1607.261895
1607.262895
1607.263897
1607.264896
1607.265896
1607.266896
1607.267896
1607.268896
1607.269895
1607.270895
1607.271895
1607.272897
1607.273896
1607.274896
1607.275896
1607.276896
1607.277896
1607.278895
1607.279895
1607.280895
1607.281896
1607.282896
1607.283896
1607.284896
1607.285896
1607.286896
1607.287895
1607.288895
1607.289895
1607.290896
1607.291896
1607.292896
1607.293896
1607.294896
1607.295895
1607.296895
1607.297895
1607.298895
1607.299896
1607.300896
1607.301896
1607.302896
1607.303896
1607.304895
1607.305895
1607.306895
1607.307895
1607.308896
1607.309896
1607.310896
1607.311896
1607.312896
1607.313895
1607.314895
1607.315895
1607.316897
1607.317896
1607.318896
1607.319896
1607.320896
1607.321896
1607.322895
1607.323895
1607.324895
1607.325897
1607.326896
1607.327896
1607.328896
1607.329896
1607.330896
1607.331895
1607.332895
1607.333895
1607.334897
1607.335896
1607.336896
1607.337896
1607.338896
1607.339896
1607.340895
1607.341895
1607.342895
1607.343896
1607.344896
1607.345896
1607.346896
1607.347896
1607.348896
1607.349895
1607.350895
1607.351895
1607.352896
1607.353896
1607.354896
1607.355896
1607.356896
1607.357895
1607.358895
1607.359895
1607.360895
1607.361896
1607.362896
1607.363896
1607.364896
1607.365896
1607.366895
1607.367895
1607.368895
1607.369895
1607.370896
1607.371896
1607.372896
1607.373896
1607.374896
1607.375895
1607.376895
1607.377895
1607.378897
1607.379896
1607.380896
1607.381896
1607.382896
1607.383896
1607.384895
1607.385895
1607.386895
1607.387897
1607.388896
1607.389896
1607.390896
1607.391896
1607.392896
1607.393895
1607.394895
1607.395895
1607.396897
1607.397896
1607.398896
1607.399896
1607.400896
1607.401896
1607.402895
1607.403895
1607.404895
1607.405896
1607.406896
1607.407896
1607.408896
1607.409896
1607.410896
1607.411895
1607.412895
1607.413895
1607.414896
1607.415896
1607.416896
1607.417896
1607.418896
1607.419895
1607.420895
1607.421895
1607.422895
1607.423896
1607.424896
1607.425896
1607.426896
1607.427896
1607.428895
1607.429895
1607.430895
1607.431897
1607.432896
1607.433896
1607.434896
1607.435896
1607.436896
1607.437895
1607.438895
1607.439895
1607.440897
1607.441896
1607.442896
1607.443896
1607.444896
1607.445896
1607.446895
1607.447895
1607.448895
1607.449897
1607.450896
1607.451896
1607.452896
1607.453896
1607.454896
1607.455895
1607.456895
1607.457895
1607.458897
1607.459896
1607.460896
1607.461896
1607.462896
1607.463896
1607.464895
1607.465895
1607.466895
1607.467896
1607.468896
1607.469896
1607.470896
1607.471896
1607.472896
1607.473895
1607.474895
1607.475895
1607.476896
1607.477896
1607.478896
1607.479896
1607.480896
1607.481895
1607.482895
1607.483895
1607.484895
1607.485896
1607.486896
1607.487896
1607.488896
1607.489896
1607.490895
1607.491895
1607.492895
1607.493895
1607.494896
1607.495896
1607.496896
1607.497896
1607.498896
1607.499895
1607.500895
1607.501895
1607.502897
1607.503896
1607.504896
1607.505896
1607.506896
1607.507896
1607.508895
1607.509895
1607.510895
1607.511897
1607.512896
1607.513896
1607.514896
1607.515896
1607.516896
1607.517895
1607.518895
1607.519895
1607.520897
1607.521896
1607.522896
1607.523896
1607.524896
1607.525896
1607.526895
1607.527895
1607.528895
1607.529896
1607.530896
1607.531896
1607.532896
1607.533896
1607.534896
1607.535895
1607.536895
1607.537895
1607.538896
1607.539896
1607.540896
1607.541896
1607.542896
1607.543895
1607.544895
1607.545895
1607.546895
1607.547896
1607.548896
1607.549896
1607.550896
1607.551896
1607.552895
1607.553895
1607.554895
1607.555895
1607.556896
1607.557896
1607.558896
1607.559896
1607.560896
1607.561895
1607.562895
1607.563895
1607.564897
1607.565896
1607.566896
1607.567896
1607.568896
1607.569896
1607.570895
1607.571895
1607.572895
1607.573897
1607.574896
1607.575896
1607.576896
1607.577896
1607.578896
1607.579895
1607.580895
1607.581895
1607.582897
1607.583896
1607.584896
1607.585896
1607.586896
1607.587896
1607.588895
1607.589895
1607.590895
1607.591896
1607.592896
1607.593896
1607.594896
1607.595896
1607.596896
1607.597895
1607.598895
1607.599895
1607.600896
1607.601896
1607.602896
1607.603896
1607.604896
1607.605895
1607.606895
1607.607895
1607.608895
1607.609896
1607.610896
1607.611896
1607.612896
1607.613896
1607.614895
1607.615895
1607.616895
1607.617895
1607.618896
1607.619896
1607.620896
1607.621896
1607.622896
1607.623895
1607.624895
1607.625895
1607.626897
1607.627896
1607.628896
1607.629896
1607.630896
1607.631896
1607.632895
1607.633895
1607.634895
1607.635897
1607.636896
1607.637896
1607.638896
1607.639896
1607.640896
1607.641895
1607.642895
1607.643895
1607.644897
1607.645896
1607.646896
1607.647896
1607.648896
1607.649896
1607.650895
1607.651895
1607.652895
1607.653896
1607.654896
1607.655896
1607.656896
1607.657896
1607.658896
1607.659895
1607.660895
1607.661895
1607.662896
1607.663896
1607.664896
1607.665896
1607.666896
1607.667895
1607.668895
1607.669895
1607.670895
1607.671896
1607.672896
1607.673896
1607.674896
1607.675896
1607.676895
1607.677895
1607.678895
1607.679895
1607.680896
1607.681896
1607.682896
1607.683896
1607.684896
1607.685895
1607.686895
1607.687895
1607.688897
1607.689896
1607.690896
1607.691896
1607.692896
1607.693896
1607.694895
1607.695895
1607.696895
1607.697897
1607.698896
1607.699896
1607.700896
1607.701896
1607.702896
1607.703895
1607.704895
1607.705895
1607.706897
1607.707896
1607.708896
1607.709896
1607.710896
1607.711896
1607.712895
1607.713895
1607.714895
1607.715896
1607.716896
1607.717896
1607.718896
1607.719896
1607.720896
1607.721895
1607.722895
1607.723895
1607.724896
1607.725896
1607.726896
1607.727896
1607.728896
1607.729895
1607.730895
1607.731895
1607.732895
1607.733896
1607.734896
1607.735896
1607.736896
1607.737896
1607.738895
1607.739895
1607.740895
1607.741895
1607.742896
1607.743896
1607.744896
1607.745896
1607.746896
1607.747895
1607.748895
1607.749895
1607.750897
1607.751896
1607.752896
1607.753896
1607.754896
1607.755896
1607.756895
1607.757895
1607.758895
1607.759897
1607.760896
1607.761896
1607.762896
1607.763896
1607.764896
1607.765895
1607.766895
1607.767895
1607.768897
1607.769896
1607.770896
1607.771896
1607.772896
1607.773896
1607.774895
1607.775895
1607.776895
1607.777896
1607.778896
1607.779896
1607.780896
1607.781896
1607.782896
1607.783895
1607.784895
1607.785895
1607.786896
1607.787896
1607.788896
1607.789896
1607.790896
1607.791895
1607.792895
1607.793895
1607.794895
1607.795896
1607.796896
1607.797896
1607.798896
1607.799896
1607.800895
1607.801895
1607.802895
1607.803895
1607.804896
1607.805896
1607.806896
1607.807896
1607.808896
1607.809895
1607.810895
1607.811895
1607.812897
1607.813896
1607.814896
1607.815896
1607.816896
1607.817896
1607.818895
1607.819895
1607.820895
1607.821897
1607.822896
1607.823896
1607.824896
1607.825896
1607.826896
1607.827895
1607.828895
1607.829895
1607.830897
1607.831896
1607.832896
1607.833896
1607.834896
1607.835896
1607.836895
1607.837895
1607.838895
1607.839896
1607.840896
1607.841896
1607.842896
1607.843896
1607.844896
1607.845895
1607.846895
1607.847895
1607.848896
1607.849896
1607.850896
1607.851896
1607.852896
1607.853895
1607.854895
1607.855895
1607.856895
1607.857896
1607.858896
1607.859896
1607.860896
1607.861896
1607.862895
1607.863895
1607.864895
1607.865895
1607.866896
1607.867896
1607.868896
1607.869896
1607.870896
1607.871895
1607.872895
1607.873895
1607.874897
1607.875896
1607.876896
1607.877896
1607.878896
1607.879896
1607.880895
1607.881895
1607.882895
1607.883897
1607.884896
1607.885896
1607.886896
1607.887896
1607.888896
1607.889895
1607.890895
1607.891895
1607.892897
1607.893896
1607.894896
1607.895896
1607.896896
1607.897896
1607.898895
1607.899895
1607.900895
1607.901896
1607.902896
1607.903896
1607.904896
1607.905896
1607.906896
1607.907895
1607.908895
1607.909895
1607.910896
1607.911896
1607.912896
1607.913896
1607.914896
1607.915895
1607.916895
1607.917895
1607.918895
1607.919896
1607.920896
1607.921896
1607.922896
1607.923896
1607.924895
1607.925895
1607.926895
1607.927895
1607.928896
1607.929896
1607.930896
1607.931896
1607.932896
1607.933895
1607.934895
1607.935895
1607.936897
1607.937896
1607.938896
1607.939896
1607.940896
1607.941896
1607.942895
1607.943895
1607.944895
1607.945897
1607.946896
1607.947896
1607.948896
1607.949896
1607.950896
1607.951895
1607.952895
1607.953895
1607.954897
1607.955896
1607.956896
1607.957896
1607.958896
1607.959896
1607.960895
1607.961895
1607.962895
1607.963896
1607.964896
1607.965896
1607.966896
1607.967896
1607.968896
1607.969895
1607.970895
1607.971895
1607.972896
1607.973896
1607.974896
1607.975896
1607.976896
1607.977895
1607.978895
1607.979895
1607.980895
1607.981896
1607.982896
1607.983896
1607.984896
1607.985896
1607.986895
1607.987895
1607.988895
1607.989895
1607.990896
1607.991896
1607.992896
1607.993896
1607.994896
1607.995895
1607.996895
1607.997895
1607.998897
1607.999896
1608.000896
1608.001896
1608.002896
1608.003896
1608.004895
1608.005895
1608.006895
1608.007897
1608.008896
1608.009896
1608.010896
1608.011896
1608.012896
1608.013895
1608.014895
1608.015895
1608.016897
1608.017896
1608.018896
1608.019896
1608.020896
1608.021896
1608.022895
1608.023895
1608.024895
1608.025896
1608.026896
1608.027896
1608.028896
1608.029896
1608.030896
1608.031895
1608.032895
1608.033895
1608.034896
1608.035896
1608.036896
1608.037896
1608.038896
1608.039895
1608.040895
1608.041895
1608.042895
1608.043896
1608.044896
1608.045896
1608.046896
1608.047896
1608.048895
1608.049895
1608.050895
1608.051895
1608.052896
1608.053896
1608.054896
1608.055896
1608.056896
1608.057895
1608.058895
1608.059895
1608.060897
1608.061896
1608.062896
1608.063896
1608.064896
1608.065896
1608.066895
1608.067895
1608.068895
1608.069897
1608.070896
1608.071896
1608.072896
1608.073896
1608.074896
1608.075895
1608.076895
1608.077895
1608.078897
1608.079896
1608.080896
1608.081896
1608.082896
1608.083896
1608.084895
1608.085895
1608.086895
1608.087896
1608.088896
1608.089896
1608.090896
1608.091896
1608.092896
1608.093895
1608.094895
1608.095895
1608.096896
1608.097896
1608.098896
1608.099896
1608.100896
1608.101895
1608.102895
1608.103895
1608.104895
1608.105896
1608.106896
1608.107896
1608.108896
1608.109896
1608.110895
1608.111895
1608.112895
1608.113895
1608.114896
1608.115896
1608.116896
1608.117896
1608.118896
1608.119895
1608.120895
1608.121895
1608.122897
1608.123896
1608.124896
1608.125896
1608.126896
1608.127896
1608.128895
1608.129895
1608.130895
1608.131897
1608.132896
1608.133896
1608.134896
1608.135896
1608.136896
1608.137895
1608.138895
1608.139895
1608.140897
1608.141896
1608.142896
1608.143896
1608.144896
1608.145896
1608.146895
1608.147895
1608.148895
1608.149896
1608.150896
1608.151896
1608.152896
1608.153896
1608.154896
1608.155895
1608.156895
1608.157895
1608.158896
1608.159896
1608.160896
1608.161896
1608.162896
1608.163895
1608.164895
1608.165895
1608.166895
1608.167896
1608.168896
1608.169896
1608.170896
1608.171896
1608.172895
1608.173895
1608.174895
1608.175895
1608.176896
1608.177896
1608.178896
1608.179896
1608.180896
1608.181895
1608.182895
1608.183895
1608.184897
1608.185896
1608.186896
1608.187896
1608.188896
1608.189896
1608.190895
1608.191895
1608.192895
1608.193897
1608.194896
1608.195896
1608.196896
1608.197896
1608.198896
1608.199895
1608.200895
1608.201895
1608.202897
1608.203896
1608.204896
1608.205896
1608.206896
1608.207896
1608.208895
1608.209895
1608.210895
1608.211896
1608.212896
1608.213896
1608.214896
1608.215896
1608.216896
1608.217895
1608.218895
1608.219895
1608.220896
1608.221896
1608.222896
1608.223896
1608.224896
1608.225895
1608.226895
1608.227895
1608.228895
1608.229896
1608.230896
1608.231896
1608.232896
1608.233896
1608.234895
1608.235895
1608.236895
1608.237895
1608.238896
1608.239896
1608.240896
1608.241896
1608.242896
1608.243895
1608.244895
1608.245895
1608.246897
1608.247896
1608.248896
1608.249896
1608.250896
1608.251896
1608.252895
1608.253895
1608.254895
1608.255897
1608.256896
1608.257896
1608.258896
1608.259896
1608.260896
1608.261895
1608.262895
1608.263895
1608.264897
1608.265896
1608.266896
1608.267896
1608.268896
1608.269896
1608.270895
1608.271895
1608.272895
1608.273896
1608.274896
1608.275896
1608.276896
1608.277896
1608.278896
1608.279895
1608.280895
1608.281895
1608.282896
1608.283896
1608.284896
1608.285896
1608.286896
1608.287895
1608.288895
1608.289895
1608.290895
1608.291896
1608.292896
1608.293896
1608.294896
1608.295896
1608.296895
1608.297895
1608.298895
1608.299895
1608.300896
1608.301896
1608.302896
1608.303896
1608.304896
1608.305895
1608.306895
1608.307895
1608.308897
1608.309896
1608.310896
1608.311896
1608.312896
1608.313896
1608.314895
1608.315895
1608.316895
1608.317897
1608.318896
1608.319896
1608.320896
1608.321896
1608.322896
1608.323895
1608.324895
1608.325895
1608.326897
1608.327896
1608.328896
1608.329896
1608.330896
1608.331896
1608.332895
1608.333895
1608.334895
1608.335896
1608.336896
1608.337896
1608.338896
1608.339896
1608.340896
1608.341895
1608.342895
1608.343895
1608.344896
1608.345896
1608.346896
1608.347896
1608.348896
1608.349895
1608.350895
1608.351895
1608.352895
1608.353896
1608.354896
1608.355896
1608.356896
1608.357896
1608.358895
1608.359895
1608.360895
1608.361895
1608.362896
1608.363896
1608.364896
1608.365896
1608.366896
1608.367895
1608.368895
1608.369895
1608.370897
1608.371896
1608.372896
1608.373896
1608.374896
1608.375896
1608.376895
1608.377895
1608.378895
1608.379897
1608.380896
1608.381896
1608.382896
1608.383896
1608.384896
1608.385895
1608.386895
1608.387895
1608.388897
1608.389896
1608.390896
1608.391896
1608.392896
1608.393896
1608.394895
1608.395895
1608.396895
1608.397896
1608.398896
1608.399896
1608.400896
1608.401896
1608.402896
1608.403895
1608.404895
1608.405895
1608.406896
1608.407896
1608.408896
1608.409896
1608.410896
1608.411895
1608.412895
1608.413895
1608.414895
1608.415896
1608.416896
1608.417896
1608.418896
1608.419896
1608.420895
1608.421895
1608.422895
1608.423895
1608.424896
1608.425896
1608.426896
1608.427896
1608.428896
1608.429895
1608.430895
1608.431895
1608.432897
1608.433896
1608.434896
1608.435896
1608.436896
1608.437896
1608.438895
1608.439895
1608.440895
1608.441897
1608.442896
1608.443896
1608.444896
1608.445896
1608.446896
1608.447895
1608.448895
1608.449895
1608.450897
1608.451896
1608.452896
1608.453896
1608.454896
1608.455896
1608.456895
1608.457895
1608.458895
1608.459896
1608.460896
1608.461896
1608.462896
1608.463896
1608.464896
1608.465895
1608.466895
1608.467895
1608.468896
1608.469896
1608.470896
1608.471896
1608.472896
1608.473895
1608.474895
1608.475895
1608.476895
1608.477896
1608.478896
1608.479896
1608.480896
1608.481896
1608.482895
1608.483895
1608.484895
1608.485895
1608.486896
1608.487896
1608.488896
1608.489896
1608.490896
1608.491895
1608.492895
1608.493895
1608.494897
1608.495896
1608.496896
1608.497896
1608.498896
1608.499896
1608.500895
1608.501895
1608.502895
1608.503897
1608.504896
1608.505896
1608.506896
1608.507896
1608.508896
1608.509895
1608.510895
1608.511895
1608.512897
1608.513896
1608.514896
1608.515896
1608.516896
1608.517896
1608.518895
1608.519895
1608.520895
1608.521896
1608.522896
1608.523896
1608.524896
1608.525896
1608.526896
1608.527895
1608.528895
1608.529895
1608.530896
1608.531896
1608.532896
1608.533896
1608.534896
1608.535895
1608.536895
1608.537895
1608.538895
1608.539896
1608.540896
1608.541896
1608.542896
1608.543896
1608.544895
1608.545895
1608.546895
1608.547895
1608.548896
1608.549896
1608.550896
1608.551896
1608.552896
1608.553895
1608.554895
1608.555895
1608.556897
1608.557896
1608.558896
1608.559896
1608.560896
1608.561896
1608.562895
1608.563895
1608.564895
1608.565897
1608.566896
1608.567896
1608.568896
1608.569896
1608.570896
1608.571895
1608.572895
1608.573895
1608.574897
1608.575896
1608.576896
1608.577896
1608.578896
1608.579896
1608.580895
1608.581895
1608.582895
1608.583896
1608.584896
1608.585896
1608.586896
1608.587896
1608.588896
1608.589895
1608.590895
1608.591895
1608.592896
1608.593896
1608.594896
1608.595896
1608.596896
1608.597895
1608.598895
1608.599895
1608.600895
1608.601896
1608.602896
1608.603896
1608.604896
1608.605896
1608.606895
1608.607895
1608.608895
1608.609895
1608.610896
1608.611896
1608.612896
1608.613896
1608.614896
1608.615895
1608.616895
1608.617895
1608.618897
1608.619896
1608.620896
1608.621896
1608.622896
1608.623896
1608.624895
1608.625895
1608.626895
1608.627897
1608.628896
1608.629896
1608.630896
1608.631896
1608.632896
1608.633895
1608.634895
1608.635895
1608.636897
1608.637896
1608.638896
1608.639896
1608.640896
1608.641896
1608.642895
1608.643895
1608.644895
1608.645896
1608.646896
1608.647896
1608.648896
1608.649896
1608.650896
1608.651895
1608.652895
1608.653895
1608.654896
1608.655896
1608.656896
1608.657896
1608.658896
1608.659895
1608.660895
1608.661895
1608.662895
1608.663896
1608.664896
1608.665896
1608.666896
1608.667896
1608.668895
1608.669895
1608.670895
1608.671895
1608.672896
1608.673896
1608.674896
1608.675896
1608.676896
1608.677895
1608.678895
1608.679895
1608.680897
1608.681896
1608.682896
1608.683896
1608.684896
1608.685896
1608.686895
1608.687895
1608.688895
1608.689897
1608.690896
1608.691896
1608.692896
1608.693896
1608.694896
1608.695895
1608.696895
1608.697895
1608.698897
1608.699896
1608.700896
1608.701896
1608.702896
1608.703896
1608.704895
1608.705895
1608.706895
1608.707896
1608.708896
1608.709896
1608.710896
1608.711896
1608.712896
1608.713895
1608.714895
1608.715895
1608.716896
1608.717896
1608.718896
1608.719896
1608.720896
1608.721895
1608.722895
1608.723895
1608.724895
1608.725896
1608.726896
1608.727896
1608.728896
1608.729896
1608.730895
1608.731895
1608.732895
1608.733895
1608.734896
1608.735896
1608.736896
1608.737896
1608.738896
1608.739895
1608.740895
1608.741895
1608.742897
1608.743896
1608.744896
1608.745896
1608.746896
1608.747896
1608.748895
1608.749895
1608.750895
1608.751897
1608.752896
1608.753896
1608.754896
1608.755896
1608.756896
1608.757895
1608.758895
1608.759895
1608.760897
1608.761896
1608.762896
1608.763896
1608.764896
1608.765896
1608.766895
1608.767895
1608.768895
1608.769896
1608.770896
1608.771896
1608.772896
1608.773896
1608.774896
1608.775895
1608.776895
1608.777895
1608.778896
1608.779896
1608.780896
1608.781896
1608.782896
1608.783895
1608.784895
1608.785895
1608.786895
1608.787896
1608.788896
1608.789896
1608.790896
1608.791896
1608.792895
1608.793895
1608.794895
1608.795895
1608.796896
1608.797896
1608.798896
1608.799896
1608.800896
1608.801895
1608.802895
1608.803895
1608.804897
1608.805896
1608.806896
1608.807896
1608.808896
1608.809896
1608.810895
1608.811895
1608.812895
1608.813897
1608.814896
1608.815896
1608.816896
1608.817896
1608.818896
1608.819895
1608.820895
1608.821895
1608.822897
1608.823896
1608.824896
1608.825896
1608.826896
1608.827896
1608.828895
1608.829895
1608.830895
1608.831896
1608.832896
1608.833896
1608.834896
1608.835896
1608.836896
1608.837895
1608.838895
1608.839895
1608.840896
1608.841896
1608.842896
1608.843896
1608.844896
1608.845895
1608.846895
1608.847895
1608.848895
1608.849896
1608.850896
1608.851896
1608.852896
1608.853896
1608.854895
1608.855895
1608.856895
1608.857895
1608.858896
1608.859896
1608.860896
1608.861896
1608.862896
1608.863895
1608.864895
1608.865895
1608.866897
1608.867896
1608.868896
1608.869896
1608.870896
1608.871896
1608.872895
1608.873895
1608.874895
1608.875897
1608.876896
1608.877896
1608.878896
1608.879896
1608.880896
1608.881895
1608.882895
1608.883895
1608.884897
1608.885896
1608.886896
1608.887896
1608.888896
1608.889896
1608.890895
1608.891895
1608.892895
1608.893896
1608.894896
1608.895896
1608.896896
1608.897896
1608.898896
1608.899895
1608.900895
1608.901895
1608.902896
1608.903896
1608.904896
1608.905896
1608.906896
1608.907895
1608.908895
1608.909895
1608.910895
1608.911896
1608.912896
1608.913896
1608.914896
1608.915896
1608.916895
1608.917895
1608.918895
1608.919895
1608.920896
1608.921896
1608.922896
1608.923896
1608.924896
1608.925895
1608.926895
1608.927895
1608.928897
1608.929896
1608.930896
1608.931896
1608.932896
1608.933896
1608.934895
1608.935895
1608.936895
1608.937897
1608.938896
1608.939896
1608.940896
1608.941896
1608.942896
1608.943895
1608.944895
1608.945895
1608.946897
1608.947896
1608.948896
1608.949896
1608.950896
1608.951896
1608.952895
1608.953895
1608.954895
1608.955896
1608.956896
1608.957896
1608.958896
1608.959896
1608.960896
1608.961895
1608.962895
1608.963895
1608.964896
1608.965896
1608.966896
1608.967896
1608.968896
1608.969895
1608.970895
1608.971895
1608.972895
1608.973896
1608.974896
1608.975896
1608.976896
1608.977896
1608.978895
1608.979895
1608.980895
1608.981895
1608.982896
1608.983896
1608.984896
1608.985896
1608.986896
1608.987895
1608.988895
1608.989895
1608.990897
1608.991896
1608.992896
1608.993896
1608.994896
1608.995896
1608.996895
1608.997895
1608.998895
1608.999897
1609.000896
1609.001896
1609.002896
1609.003896
1609.004896
1609.005895
1609.006895
1609.007895
1609.008897
1609.009896
1609.010896
1609.011896
1609.012896
1609.013896
1609.014895
1609.015895
1609.016895
1609.017896
1609.018896
1609.019896
1609.020896
1609.021896
1609.022896
1609.023895
1609.024895
1609.025895
1609.026896
1609.027896
1609.028896
1609.029896
1609.030896
1609.031895
1609.032895
1609.033895
1609.034895
1609.035896
1609.036896
1609.037896
1609.038896
1609.039896
1609.040895
1609.041895
1609.042895
1609.043895
1609.044896
1609.045896
1609.046896
1609.047896
1609.048896
1609.049895
1609.050895
1609.051895
1609.052897
1609.053896
1609.054896
