1262.722484
1262.723483
1262.724485
1262.725485
1262.726485
1262.727484
1262.728484
1262.729484
1262.730484
1262.731484
1262.732483
1262.733485
1262.734485
1262.735485
1262.736484
1262.737484
1262.738484
1262.739484
1262.740484
1262.741483
1262.742485
1262.743485
1262.744485
1262.745484
1262.746484
1262.747484
1262.748484
1262.749484
1262.750485
1262.751485
1262.752485
1262.753485
1262.754484
1262.755484
1262.756484
1262.757484
1262.758484
1262.759485
1262.760485
1262.761485
1262.762484
1262.763484
1262.764484
1262.765484
1262.766484
1262.767484
1262.768485
1262.769485
1262.770485
1262.771484
1262.772484
1262.773484
1262.774484
1262.775484
1262.776483
1262.777485
1262.778485
1262.779485
1262.780484
1262.781484
1262.782484
1262.783484
1262.784484
1262.785483
1262.786485
1262.787485
1262.788485
1262.789484
1262.790484
1262.791484
1262.792484
1262.793484
1262.794483
1262.795485
1262.796485
1262.797485
1262.798484
1262.799484
1262.800484
1262.801484
1262.802484
1262.803483
1262.804485
1262.805485
1262.806485
1262.807484
1262.808484
1262.809484
1262.810484
1262.811484
1262.812485
1262.813485
1262.814485
1262.815485
1262.816484
1262.817484
1262.818484
1262.819484
1262.820484
1262.821485
1262.822485
1262.823485
1262.824484
1262.825484
1262.826484
1262.827484
1262.828484
1262.829484
1262.830485
1262.831485
1262.832485
1262.833484
1262.834484
1262.835484
1262.836484
1262.837484
1262.838483
1262.839485
1262.840485
1262.841485
1262.842484
1262.843484
1262.844484
1262.845484
1262.846484
1262.847483
1262.848485
1262.849485
1262.850485
1262.851484
1262.852484
1262.853484
1262.854484
1262.855484
1262.856483
1262.857485
1262.858485
1262.859485
1262.860484
1262.861484
1262.862484
1262.863484
1262.864484
1262.865483
1262.866485
1262.867485
1262.868485
1262.869484
1262.870484
1262.871484
1262.872484
1262.873484
1262.874485
1262.875485
1262.876485
1262.877485
1262.878484
1262.879484
1262.880484
1262.881484
1262.882484
1262.883485
1262.884485
1262.885485
1262.886484
1262.887484
1262.888484
1262.889484
1262.890484
1262.891484
1262.892485
1262.893485
1262.894485
1262.895484
1262.896484
1262.897484
1262.898484
1262.899484
1262.900483
1262.901485
1262.902485
1262.903485
1262.904484
1262.905484
1262.906484
1262.907484
1262.908484
1262.909483
1262.910485
1262.911485
1262.912485
1262.913484
1262.914484
1262.915484
1262.916484
1262.917484
1262.918483
1262.919485
1262.920485
1262.921485
1262.922484
1262.923484
1262.924484
1262.925484
1262.926484
1262.927483
1262.928485
1262.929485
1262.930485
1262.931484
1262.932484
1262.933484
1262.934484
1262.935484
1262.936485
1262.937485
1262.938485
1262.939485
1262.940484
1262.941484
1262.942484
1262.943484
1262.944484
1262.945485
1262.946485
1262.947485
1262.948484
1262.949484
1262.950484
1262.951484
1262.952484
1262.953484
1262.954485
1262.955485
1262.956485
1262.957484
1262.958484
1262.959484
1262.960484
1262.961484
1262.962483
1262.963485
1262.964485
1262.965485
1262.966484
1262.967484
1262.968484
1262.969484
1262.970484
1262.971483
1262.972485
1262.973485
1262.974485
1262.975484
1262.976484
1262.977484
1262.978484
1262.979484
1262.980483
1262.981485
1262.982485
1262.983485
1262.984484
1262.985484
1262.986484
1262.987484
1262.988484
1262.989483
1262.990485
1262.991485
1262.992485
1262.993484
1262.994484
1262.995484
1262.996484
1262.997484
1262.998485
1262.999485
1263.000485
1263.001485
1263.002484
1263.003484
1263.004484
1263.005484
1263.006484
1263.007485
1263.008485
1263.009485
1263.010484
1263.011484
1263.012484
1263.013484
1263.014484
1263.015484
1263.016485
1263.017485
1263.018485
1263.019484
1263.020484
1263.021484
1263.022484
1263.023484
1263.024483
1263.025485
1263.026485
1263.027485
1263.028484
1263.029484
1263.030484
1263.031484
1263.032484
1263.033483
1263.034485
1263.035485
1263.036485
1263.037484
1263.038484
1263.039484
1263.040484
1263.041484
1263.042483
1263.043485
1263.044485
1263.045485
1263.046484
1263.047484
1263.048484
1263.049484
1263.050484
1263.051483
1263.052485
1263.053485
1263.054485
1263.055484
1263.056484
1263.057484
1263.058484
1263.059484
1263.060485
1263.061485
1263.062485
1263.063485
1263.064484
1263.065484
1263.066484
1263.067484
1263.068484
1263.069485
1263.070485
1263.071485
1263.072484
1263.073484
1263.074484
1263.075484
1263.076484
1263.077484
1263.078485
1263.079485
1263.080485
1263.081484
1263.082484
1263.083484
1263.084484
1263.085484
1263.086483
1263.087485
1263.088485
1263.089485
1263.090484
1263.091484
1263.092484
1263.093484
1263.094484
1263.095483
1263.096485
1263.097485
1263.098485
1263.099484
1263.100484
1263.101484
1263.102484
1263.103484
1263.104483
1263.105485
1263.106485
1263.107485
1263.108484
1263.109484
1263.110484
1263.111484
1263.112484
1263.113483
1263.114485
1263.115485
1263.116485
1263.117484
1263.118484
1263.119484
1263.120484
1263.121484
1263.122485
1263.123485
1263.124485
1263.125485
1263.126484
1263.127484
1263.128484
1263.129484
1263.130484
1263.131485
1263.132485
1263.133485
1263.134484
1263.135484
1263.136484
1263.137484
1263.138484
1263.139484
1263.140485
1263.141485
1263.142485
1263.143484
1263.144484
1263.145484
1263.146484
1263.147484
1263.148483
1263.149485
1263.150485
1263.151485
1263.152484
1263.153484
1263.154484
1263.155484
1263.156484
1263.157483
1263.158485
1263.159485
1263.160485
1263.161484
1263.162484
1263.163484
1263.164484
1263.165484
1263.166483
1263.167485
1263.168485
1263.169485
1263.170484
1263.171484
1263.172484
1263.173484
1263.174484
1263.175483
1263.176485
1263.177485
1263.178485
1263.179484
1263.180484
1263.181484
1263.182484
1263.183484
1263.184485
1263.185485
1263.186485
1263.187485
1263.188484
1263.189484
1263.190484
1263.191484
1263.192484
1263.193485
1263.194485
1263.195485
1263.196484
1263.197484
1263.198484
1263.199484
1263.200484
1263.201484
1263.202485
1263.203485
1263.204485
1263.205484
1263.206484
1263.207484
1263.208484
1263.209484
1263.210483
1263.211485
1263.212485
1263.213485
1263.214484
1263.215484
1263.216484
1263.217484
1263.218484
1263.219483
1263.220485
1263.221485
1263.222485
1263.223484
1263.224484
1263.225484
1263.226484
1263.227484
1263.228483
1263.229485
1263.230485
1263.231485
1263.232484
1263.233484
1263.234484
1263.235484
1263.236484
1263.237483
1263.238485
1263.239485
1263.240485
1263.241484
1263.242484
1263.243484
1263.244484
1263.245484
1263.246485
1263.247485
1263.248485
1263.249485
1263.250484
1263.251484
1263.252484
1263.253484
1263.254484
1263.255485
1263.256485
1263.257485
1263.258484
1263.259484
1263.260484
1263.261484
1263.262484
1263.263484
1263.264485
1263.265485
1263.266485
1263.267484
1263.268484
1263.269484
1263.270484
1263.271484
1263.272483
1263.273485
1263.274485
1263.275485
1263.276484
1263.277484
1263.278484
1263.279484
1263.280484
1263.281483
1263.282485
1263.283485
1263.284485
1263.285484
1263.286484
1263.287484
1263.288484
1263.289484
1263.290483
1263.291485
1263.292485
1263.293485
1263.294484
1263.295484
1263.296484
1263.297484
1263.298484
1263.299483
1263.300485
1263.301485
1263.302485
1263.303484
1263.304484
1263.305484
1263.306484
1263.307484
1263.308485
1263.309485
1263.310485
1263.311485
1263.312484
1263.313484
1263.314484
1263.315484
1263.316484
1263.317485
1263.318485
1263.319485
1263.320484
1263.321484
1263.322484
1263.323484
1263.324484
1263.325484
1263.326485
1263.327485
1263.328485
1263.329484
1263.330484
1263.331484
1263.332484
1263.333484
1263.334483
1263.335485
1263.336485
1263.337485
1263.338484
1263.339484
1263.340484
1263.341484
1263.342484
1263.343483
1263.344485
1263.345485
1263.346485
1263.347484
1263.348484
1263.349484
1263.350484
1263.351484
1263.352483
1263.353485
1263.354485
1263.355485
1263.356484
1263.357484
1263.358484
1263.359484
1263.360484
1263.361483
1263.362485
1263.363485
1263.364485
1263.365484
1263.366484
1263.367484
1263.368484
1263.369484
1263.370485
1263.371485
1263.372485
1263.373485
1263.374484
1263.375484
1263.376484
1263.377484
1263.378484
1263.379485
1263.380485
1263.381485
1263.382484
1263.383484
1263.384484
1263.385484
1263.386484
1263.387484
1263.388485
1263.389485
1263.390485
1263.391484
1263.392484
1263.393484
1263.394484
1263.395484
1263.396483
1263.397485
1263.398485
1263.399485
1263.400484
1263.401484
1263.402484
1263.403484
1263.404484
1263.405483
1263.406485
1263.407485
1263.408485
1263.409484
1263.410484
1263.411484
1263.412484
1263.413484
1263.414483
1263.415485
1263.416485
1263.417485
1263.418484
1263.419484
1263.420484
1263.421484
1263.422484
1263.423483
1263.424485
1263.425485
1263.426485
1263.427484
1263.428484
1263.429484
1263.430484
1263.431484
1263.432485
1263.433485
1263.434485
1263.435485
1263.436484
1263.437484
1263.438484
1263.439484
1263.440484
1263.441485
1263.442485
1263.443485
1263.444484
1263.445484
1263.446484
1263.447484
1263.448484
1263.449484
1263.450485
1263.451485
1263.452485
1263.453484
1263.454484
1263.455484
1263.456484
1263.457484
1263.458483
1263.459485
1263.460485
1263.461485
1263.462484
1263.463484
1263.464484
1263.465484
1263.466484
1263.467483
1263.468485
1263.469485
1263.470485
1263.471484
1263.472484
1263.473484
1263.474484
1263.475484
1263.476483
1263.477485
1263.478485
1263.479485
1263.480484
1263.481484
1263.482484
1263.483484
1263.484484
1263.485483
1263.486485
1263.487485
1263.488485
1263.489484
1263.490484
1263.491484
1263.492484
1263.493484
1263.494485
1263.495485
1263.496485
1263.497485
1263.498484
1263.499484
1263.500484
1263.501484
1263.502484
1263.503485
1263.504485
1263.505485
1263.506484
1263.507484
1263.508484
1263.509484
1263.510484
1263.511484
1263.512485
1263.513485
1263.514485
1263.515484
1263.516484
1263.517484
1263.518484
1263.519484
1263.520483
1263.521485
1263.522485
1263.523485
1263.524484
1263.525484
1263.526484
1263.527484
1263.528484
1263.529483
1263.530485
1263.531485
1263.532485
1263.533484
1263.534484
1263.535484
1263.536484
1263.537484
1263.538483
1263.539485
1263.540485
1263.541485
1263.542484
1263.543484
1263.544484
1263.545484
1263.546484
1263.547483
1263.548485
1263.549485
1263.550485
1263.551484
1263.552484
1263.553484
1263.554484
1263.555484
1263.556485
1263.557485
1263.558485
1263.559485
1263.560484
1263.561484
1263.562484
1263.563484
1263.564484
1263.565485
1263.566485
1263.567485
1263.568484
1263.569484
1263.570484
1263.571484
1263.572484
1263.573484
1263.574485
1263.575485
1263.576485
1263.577484
1263.578484
1263.579484
1263.580484
1263.581484
1263.582483
1263.583485
1263.584485
1263.585485
1263.586484
1263.587484
1263.588484
1263.589484
1263.590484
1263.591483
1263.592485
1263.593485
1263.594485
1263.595484
1263.596484
1263.597484
1263.598484
1263.599484
1263.600483
1263.601485
1263.602485
1263.603485
1263.604484
1263.605484
1263.606484
1263.607484
1263.608484
1263.609483
1263.610485
1263.611485
1263.612485
1263.613484
1263.614484
1263.615484
1263.616484
1263.617484
1263.618485
1263.619485
1263.620485
1263.621485
1263.622484
1263.623484
1263.624484
1263.625484
1263.626484
1263.627485
1263.628485
1263.629485
1263.630484
1263.631484
1263.632484
1263.633484
1263.634484
1263.635484
1263.636485
1263.637485
1263.638485
1263.639484
1263.640484
1263.641484
1263.642484
1263.643484
1263.644483
1263.645485
1263.646485
1263.647485
1263.648484
1263.649484
1263.650484
1263.651484
1263.652484
1263.653483
1263.654485
1263.655485
1263.656485
1263.657484
1263.658484
1263.659484
1263.660484
1263.661484
1263.662483
1263.663485
1263.664485
1263.665485
1263.666484
1263.667484
1263.668484
1263.669484
1263.670484
1263.671483
1263.672485
1263.673485
1263.674485
1263.675484
1263.676484
1263.677484
1263.678484
1263.679484
1263.680485
1263.681485
1263.682485
1263.683485
1263.684484
1263.685484
1263.686484
1263.687484
1263.688484
1263.689485
1263.690485
1263.691485
1263.692484
1263.693484
1263.694484
1263.695484
1263.696484
1263.697484
1263.698485
1263.699485
1263.700485
1263.701484
1263.702484
1263.703484
1263.704484
1263.705484
1263.706483
1263.707485
1263.708485
1263.709485
1263.710484
1263.711484
1263.712484
1263.713484
1263.714484
1263.715483
1263.716485
1263.717485
1263.718485
1263.719484
1263.720484
1263.721484
1263.722484
1263.723484
1263.724483
1263.725485
1263.726485
1263.727485
1263.728484
1263.729484
1263.730484
1263.731484
1263.732484
1263.733483
1263.734485
1263.735485
1263.736485
1263.737484
1263.738484
1263.739484
1263.740484
1263.741484
1263.742485
1263.743485
1263.744485
1263.745485
1263.746484
1263.747484
1263.748484
1263.749484
1263.750484
1263.751485
1263.752485
1263.753485
1263.754484
1263.755484
1263.756484
1263.757484
1263.758484
1263.759484
1263.760485
1263.761485
1263.762485
1263.763484
1263.764484
1263.765484
1263.766484
1263.767484
1263.768483
1263.769485
1263.770485
1263.771485
1263.772484
1263.773484
1263.774484
1263.775484
1263.776484
1263.777483
1263.778485
1263.779485
1263.780485
1263.781484
1263.782484
1263.783484
1263.784484
1263.785484
1263.786483
1263.787485
1263.788485
1263.789485
1263.790484
1263.791484
1263.792484
1263.793484
1263.794484
1263.795483
1263.796485
1263.797485
1263.798485
1263.799484
1263.800484
1263.801484
1263.802484
1263.803484
1263.804485
1263.805485
1263.806485
1263.807485
1263.808484
1263.809484
1263.810484
1263.811484
1263.812484
1263.813485
1263.814485
1263.815485
1263.816484
1263.817484
1263.818484
1263.819484
1263.820484
1263.821484
1263.822485
1263.823485
1263.824485
1263.825484
1263.826484
1263.827484
1263.828484
1263.829484
1263.830483
1263.831485
1263.832485
1263.833485
1263.834484
1263.835484
1263.836484
1263.837484
1263.838484
1263.839483
1263.840485
1263.841485
1263.842485
1263.843484
1263.844484
1263.845484
1263.846484
1263.847484
1263.848483
1263.849485
1263.850485
1263.851485
1263.852484
1263.853484
1263.854484
1263.855484
1263.856484
1263.857483
1263.858485
1263.859485
1263.860485
1263.861484
1263.862484
1263.863484
1263.864484
1263.865484
1263.866485
1263.867485
1263.868485
1263.869485
1263.870484
1263.871484
1263.872484
1263.873484
1263.874484
1263.875485
1263.876485
1263.877485
1263.878484
1263.879484
1263.880484
1263.881484
1263.882484
1263.883484
1263.884485
1263.885485
1263.886485
1263.887484
1263.888484
1263.889484
1263.890484
1263.891484
1263.892483
1263.893485
1263.894485
1263.895485
1263.896484
1263.897484
1263.898484
1263.899484
1263.900484
1263.901483
1263.902485
1263.903485
1263.904485
1263.905484
1263.906484
1263.907484
1263.908484
1263.909484
1263.910483
1263.911485
1263.912485
1263.913485
1263.914484
1263.915484
1263.916484
1263.917484
1263.918484
1263.919483
1263.920485
1263.921485
1263.922485
1263.923484
1263.924484
1263.925484
1263.926484
1263.927484
1263.928485
1263.929485
1263.930485
1263.931485
1263.932484
1263.933484
1263.934484
1263.935484
1263.936484
1263.937485
1263.938485
1263.939485
1263.940484
1263.941484
1263.942484
1263.943484
1263.944484
1263.945484
1263.946485
1263.947485
1263.948485
1263.949484
1263.950484
1263.951484
1263.952484
1263.953484
1263.954483
1263.955485
1263.956485
1263.957485
1263.958484
1263.959484
1263.960484
1263.961484
1263.962484
1263.963483
1263.964485
1263.965485
1263.966485
1263.967484
1263.968484
1263.969484
1263.970484
1263.971484
1263.972483
1263.973485
1263.974485
1263.975485
1263.976484
1263.977484
1263.978484
1263.979484
1263.980484
1263.981483
1263.982485
1263.983485
1263.984485
1263.985484
1263.986484
1263.987484
1263.988484
1263.989484
1263.990485
1263.991485
1263.992485
1263.993485
1263.994484
1263.995484
1263.996484
1263.997484
1263.998484
1263.999485
1264.000485
1264.001485
1264.002484
1264.003484
1264.004484
1264.005484
1264.006484
1264.007484
1264.008485
1264.009485
1264.010485
1264.011484
1264.012484
1264.013484
1264.014484
1264.015484
1264.016483
1264.017485
1264.018485
1264.019485
1264.020484
1264.021484
1264.022484
1264.023484
1264.024484
1264.025483
1264.026485
1264.027485
1264.028485
1264.029484
1264.030484
1264.031484
1264.032484
1264.033484
1264.034483
1264.035485
1264.036485
1264.037485
1264.038484
1264.039484
1264.040484
1264.041484
1264.042484
1264.043483
1264.044485
1264.045485
1264.046485
1264.047484
1264.048484
1264.049484
1264.050484
1264.051484
1264.052485
1264.053485
1264.054485
1264.055485
1264.056484
1264.057484
1264.058484
1264.059484
1264.060484
1264.061485
1264.062485
1264.063485
1264.064484
1264.065484
1264.066484
1264.067484
1264.068484
1264.069484
1264.070485
1264.071485
1264.072485
1264.073484
1264.074484
1264.075484
1264.076484
1264.077484
1264.078483
1264.079485
1264.080485
1264.081485
1264.082484
1264.083484
1264.084484
1264.085484
1264.086484
1264.087483
1264.088485
1264.089485
1264.090485
1264.091484
1264.092484
1264.093484
1264.094484
1264.095484
1264.096483
1264.097485
1264.098485
1264.099485
1264.100484
1264.101484
1264.102484
1264.103484
1264.104484
1264.105483
1264.106485
1264.107485
1264.108485
1264.109484
1264.110484
1264.111484
1264.112484
1264.113484
1264.114485
1264.115485
1264.116485
1264.117485
1264.118484
1264.119484
1264.120484
1264.121484
1264.122484
1264.123485
1264.124485
1264.125485
1264.126484
1264.127484
1264.128484
1264.129484
1264.130484
1264.131484
1264.132485
1264.133485
1264.134485
1264.135484
1264.136484
1264.137484
1264.138484
1264.139484
1264.140483
1264.141485
1264.142485
1264.143485
1264.144484
1264.145484
1264.146484
1264.147484
1264.148484
1264.149483
1264.150485
1264.151485
1264.152485
1264.153484
1264.154484
1264.155484
1264.156484
1264.157484
1264.158483
1264.159485
1264.160485
1264.161485
1264.162484
1264.163484
1264.164484
1264.165484
1264.166484
1264.167483
1264.168485
1264.169485
1264.170485
1264.171484
1264.172484
1264.173484
1264.174484
1264.175484
1264.176485
1264.177485
1264.178485
1264.179485
1264.180484
1264.181484
1264.182484
1264.183484
1264.184484
1264.185485
1264.186485
1264.187485
1264.188484
1264.189484
1264.190484
1264.191484
1264.192484
1264.193484
1264.194485
1264.195485
1264.196485
1264.197484
1264.198484
1264.199484
1264.200484
1264.201484
1264.202483
1264.203485
1264.204485
1264.205485
1264.206484
1264.207484
1264.208484
1264.209484
1264.210484
1264.211483
1264.212485
1264.213485
1264.214485
1264.215484
1264.216484
1264.217484
1264.218484
1264.219484
1264.220483
1264.221485
1264.222485
1264.223485
1264.224484
1264.225484
1264.226484
1264.227484
1264.228484
1264.229483
1264.230485
1264.231485
1264.232485
1264.233484
1264.234484
1264.235484
1264.236484
1264.237484
1264.238485
1264.239485
1264.240485
1264.241485
1264.242484
1264.243484
1264.244484
1264.245484
1264.246484
1264.247485
1264.248485
1264.249485
1264.250484
1264.251484
1264.252484
1264.253484
1264.254484
1264.255484
1264.256485
1264.257485
1264.258485
1264.259484
1264.260484
1264.261484
1264.262484
1264.263484
1264.264483
1264.265485
1264.266485
1264.267485
1264.268484
1264.269484
1264.270484
1264.271484
1264.272484
1264.273483
1264.274485
1264.275485
1264.276485
1264.277484
1264.278484
1264.279484
1264.280484
1264.281484
1264.282483
1264.283485
1264.284485
1264.285485
1264.286484
1264.287484
1264.288484
1264.289484
1264.290484
1264.291483
1264.292485
1264.293485
1264.294485
1264.295484
1264.296484
1264.297484
1264.298484
1264.299484
1264.300485
1264.301485
1264.302485
1264.303485
1264.304484
1264.305484
1264.306484
1264.307484
1264.308484
1264.309485
1264.310485
1264.311485
1264.312484
1264.313484
1264.314484
1264.315484
1264.316484
1264.317484
1264.318485
1264.319485
1264.320485
1264.321484
1264.322484
1264.323484
1264.324484
1264.325484
1264.326483
1264.327485
1264.328485
1264.329485
1264.330484
1264.331484
1264.332484
1264.333484
1264.334484
1264.335483
1264.336485
1264.337485
1264.338485
1264.339484
1264.340484
1264.341484
1264.342484
1264.343484
1264.344483
1264.345485
1264.346485
1264.347485
1264.348484
1264.349484
1264.350484
1264.351484
1264.352484
1264.353483
1264.354485
1264.355485
1264.356485
1264.357484
1264.358484
1264.359484
1264.360484
1264.361484
1264.362485
1264.363485
1264.364485
1264.365485
1264.366484
1264.367484
1264.368484
1264.369484
1264.370484
1264.371485
1264.372485
1264.373485
1264.374484
1264.375484
1264.376484
1264.377484
1264.378484
1264.379484
1264.380485
1264.381485
1264.382485
1264.383484
1264.384484
1264.385484
1264.386484
1264.387484
1264.388483
1264.389485
1264.390485
1264.391485
1264.392484
1264.393484
1264.394484
1264.395484
1264.396484
1264.397483
1264.398485
1264.399485
1264.400485
1264.401484
1264.402484
1264.403484
1264.404484
1264.405484
1264.406483
1264.407485
1264.408485
1264.409485
1264.410484
1264.411484
1264.412484
1264.413484
1264.414484
1264.415483
1264.416485
1264.417485
1264.418485
1264.419484
1264.420484
1264.421484
1264.422484
1264.423484
1264.424485
1264.425485
1264.426485
1264.427485
1264.428484
1264.429484
1264.430484
1264.431484
1264.432484
1264.433485
1264.434485
1264.435485
1264.436484
1264.437484
1264.438484
1264.439484
1264.440484
1264.441484
1264.442485
1264.443485
1264.444485
1264.445484
1264.446484
1264.447484
1264.448484
1264.449484
1264.450483
1264.451485
1264.452485
1264.453485
1264.454484
1264.455484
1264.456484
1264.457484
1264.458484
1264.459483
1264.460485
1264.461485
1264.462485
1264.463484
1264.464484
1264.465484
1264.466484
1264.467484
1264.468483
1264.469485
1264.470485
1264.471485
1264.472484
1264.473484
1264.474484
1264.475484
1264.476484
1264.477483
1264.478485
1264.479485
1264.480485
1264.481484
1264.482484
1264.483484
1264.484484
1264.485484
1264.486485
1264.487485
1264.488485
1264.489485
1264.490484
1264.491484
1264.492484
1264.493484
1264.494484
1264.495485
1264.496485
1264.497485
1264.498484
1264.499484
1264.500484
1264.501484
1264.502484
1264.503484
1264.504485
1264.505485
1264.506485
1264.507484
1264.508484
1264.509484
1264.510484
1264.511484
1264.512483
1264.513485
1264.514485
1264.515485
1264.516484
1264.517484
1264.518484
1264.519484
1264.520484
1264.521483
1264.522485
1264.523485
1264.524485
1264.525484
1264.526484
1264.527484
1264.528484
1264.529484
1264.530483
1264.531485
1264.532485
1264.533485
1264.534484
1264.535484
1264.536484
1264.537484
1264.538484
1264.539483
1264.540485
1264.541485
1264.542485
1264.543484
1264.544484
1264.545484
1264.546484
1264.547484
1264.548485
1264.549485
1264.550485
1264.551485
1264.552484
1264.553484
1264.554484
1264.555484
1264.556484
1264.557485
1264.558485
1264.559485
1264.560484
1264.561484
1264.562484
1264.563484
1264.564484
1264.565484
1264.566485
1264.567485
1264.568485
1264.569484
1264.570484
1264.571484
1264.572484
1264.573484
1264.574483
1264.575485
1264.576485
1264.577485
1264.578484
1264.579484
1264.580484
1264.581484
1264.582484
1264.583483
1264.584485
1264.585485
1264.586485
1264.587484
1264.588484
1264.589484
1264.590484
1264.591484
1264.592483
1264.593485
1264.594485
1264.595485
1264.596484
1264.597484
1264.598484
1264.599484
1264.600484
1264.601483
1264.602485
1264.603485
1264.604485
1264.605484
1264.606484
1264.607484
1264.608484
1264.609484
1264.610485
1264.611485
1264.612485
1264.613485
1264.614484
1264.615484
1264.616484
1264.617484
1264.618484
1264.619485
1264.620485
1264.621485
1264.622484
1264.623484
1264.624484
1264.625484
1264.626484
1264.627484
1264.628485
1264.629485
1264.630485
1264.631484
1264.632484
1264.633484
1264.634484
1264.635484
1264.636483
1264.637485
1264.638485
1264.639485
1264.640484
1264.641484
1264.642484
1264.643484
1264.644484
1264.645483
1264.646485
1264.647485
1264.648485
1264.649484
1264.650484
1264.651484
1264.652484
1264.653484
1264.654483
1264.655485
1264.656485
1264.657485
1264.658484
1264.659484
1264.660484
1264.661484
1264.662484
1264.663483
1264.664485
1264.665485
1264.666485
1264.667484
1264.668484
1264.669484
1264.670484
1264.671484
1264.672485
1264.673485
1264.674485
1264.675485
1264.676484
1264.677484
1264.678484
1264.679484
1264.680484
1264.681485
1264.682485
1264.683485
1264.684484
1264.685484
1264.686484
1264.687484
1264.688484
1264.689484
1264.690485
1264.691485
1264.692485
1264.693484
1264.694484
1264.695484
1264.696484
1264.697484
1264.698483
1264.699485
1264.700485
1264.701485
1264.702484
1264.703484
1264.704484
1264.705484
1264.706484
1264.707483
1264.708485
1264.709485
1264.710485
1264.711484
1264.712484
1264.713484
1264.714484
1264.715484
1264.716483
1264.717485
1264.718485
1264.719485
1264.720484
1264.721484
1264.722484
1264.723484
1264.724484
1264.725483
1264.726485
1264.727485
1264.728485
1264.729484
1264.730484
1264.731484
1264.732484
1264.733484
