1552.504418
1552.505418
1552.506417
1552.507417
1552.508417
1552.509419
1552.510418
1552.511418
1552.512418
1552.513418
1552.514418
1552.515417
1552.516417
1552.517417
1552.518419
1552.519418
1552.520418
1552.521418
1552.522418
1552.523418
1552.524417
1552.525417
1552.526417
1552.527419
1552.528418
1552.529418
1552.530418
1552.531418
1552.532418
1552.533417
1552.534417
1552.535417
1552.536419
1552.537418
1552.538418
1552.539418
1552.540418
1552.541418
1552.542417
1552.543417
1552.544419
1552.545418
1552.546418
1552.547418
1552.548418
1552.549418
1552.550418
1552.551417
1552.552417
1552.553419
1552.554418
1552.555418
1552.556418
1552.557418
1552.558418
1552.562419
1552.563418
1552.564418
1552.565418
1552.566418
1552.567418
1552.568417
1552.569417
1552.570417
1552.571419
1552.572418
1552.573418
1552.574418
1552.575418
1552.576418
1552.577417
1552.578417
1552.579417
1552.580419
1552.581418
1552.582418
1552.583418
1552.584418
1552.585418
1552.586417
1552.587417
1552.588417
1552.589419
1552.590418
1552.591418
1552.592418
1552.593418
1552.594418
1552.595417
1552.596417
1552.597417
1552.598419
1552.599418
1552.600418
1552.601418
1552.602418
1552.603418
1552.604417
1552.605417
1552.606419
1552.607418
1552.608418
1552.609418
1552.610418
1552.611418
1552.612418
1552.613417
1552.614417
1552.615419
1552.616418
1552.617418
1552.618418
1552.619418
1552.620418
1552.621417
1552.622417
1552.623417
1552.624419
1552.625418
1552.626418
1552.627418
1552.628418
1552.629418
1552.630417
1552.631417
1552.632417
1552.633419
1552.634418
1552.635418
1552.636418
1552.637418
1552.638418
1552.639417
1552.640417
1552.641417
1552.642419
1552.643418
1552.644418
1552.645418
1552.646418
1552.647418
1552.648417
1552.649417
1552.650417
1552.651419
1552.652418
1552.653418
1552.654418
1552.655418
1552.656418
1552.657417
1552.658417
1552.659417
1552.660419
1552.661418
1552.662418
1552.663418
1552.664418
1552.665418
1552.666417
1552.667417
1552.668419
1552.669418
1552.670418
1552.671418
1552.672418
1552.673418
1552.674418
1552.675417
1552.676417
1552.677419
1552.678418
1552.679418
1552.680418
1552.681418
1552.682418
1552.683417
1552.684417
1552.685417
1552.686419
1552.687418
1552.688418
1552.689418
1552.690418
1552.691418
1552.692417
1552.693417
1552.694417
1552.695419
1552.696418
1552.697418
1552.698418
1552.699418
1552.700418
1552.701417
1552.702417
1552.703417
1552.704419
1552.705418
1552.706418
1552.707418
1552.708418
1552.709418
1552.710417
1552.711417
1552.712417
1552.713419
1552.714418
1552.715418
1552.716418
1552.717418
1552.718418
1552.719417
1552.720417
1552.721417
1552.722419
1552.723418
1552.724418
1552.725418
1552.726418
1552.727418
1552.728417
1552.729417
1552.730419
1552.731418
1552.732418
1552.733418
1552.734418
1552.735418
1552.736418
1552.737417
1552.738417
1552.739419
1552.740418
1552.741418
1552.742418
1552.743418
1552.744418
1552.745417
1552.746417
1552.747417
1552.748419
1552.749418
1552.750418
1552.751418
1552.752418
1552.753418
1552.754417
1552.755417
1552.756417
1552.757419
1552.758418
1552.759418
1552.760418
1552.761418
1552.762418
1552.763417
1552.764417
1552.765417
1552.766419
1552.767418
1552.768418
1552.769418
1552.770418
1552.771418
1552.772417
1552.773417
1552.774417
1552.775419
1552.776418
1552.777418
1552.778418
1552.779418
1552.780418
1552.781417
1552.782417
1552.783417
1552.784419
1552.785418
1552.786418
1552.787418
1552.788418
1552.789418
1552.790417
1552.791417
1552.792419
1552.793418
1552.794418
1552.795418
1552.796418
1552.797418
1552.798418
1552.799417
1552.800417
1552.801419
1552.802418
1552.803418
1552.804418
1552.805418
1552.806418
1552.807417
1552.808417
1552.809417
1552.810419
1552.811418
1552.812418
1552.813418
1552.814418
1552.815418
1552.816417
1552.817417
1552.818417
1552.819419
1552.820418
1552.821418
1552.822418
1552.823418
1552.824418
1552.825417
1552.826417
1552.827417
1552.828419
1552.829418
1552.830418
1552.831418
1552.832418
1552.833418
1552.834417
1552.835417
1552.836417
1552.837419
1552.838418
1552.839418
1552.840418
1552.841418
1552.842418
1552.843417
1552.844417
1552.845417
1552.846419
1552.847418
1552.848418
1552.849418
1552.850418
1552.851418
1552.852417
1552.853417
1552.854419
1552.855418
1552.856418
1552.857418
1552.858418
1552.859418
1552.860418
1552.861417
1552.862417
1552.863419
1552.864418
1552.865418
1552.866418
1552.867418
1552.868418
1552.869417
1552.870417
1552.871417
1552.872419
1552.873418
1552.874418
1552.875418
1552.876418
1552.877418
1552.878417
1552.879417
1552.880417
1552.881419
1552.882418
1552.883418
1552.884418
1552.885418
1552.886418
1552.887417
1552.888417
1552.889417
1552.890419
1552.891418
1552.892418
1552.893418
1552.894418
1552.895418
1552.896417
1552.897417
1552.898417
1552.899419
1552.900418
1552.901418
1552.902418
1552.903418
1552.904418
1552.905417
1552.906417
1552.907417
1552.908419
1552.909418
1552.910418
1552.911418
1552.912418
1552.913418
1552.914417
1552.915417
1552.916419
1552.917418
1552.918418
1552.919418
1552.920418
1552.921418
1552.922418
1552.923417
1552.924417
1552.925419
1552.926418
1552.927418
1552.928418
1552.929418
1552.930418
1552.931417
1552.932417
1552.933417
1552.934419
1552.935418
1552.936418
1552.937418
1552.938418
1552.939418
1552.940417
1552.941417
1552.942417
1552.943419
1552.944418
1552.945418
1552.946418
1552.947418
1552.948418
1552.949417
1552.950417
1552.951417
1552.952419
1552.953418
1552.954418
1552.955418
1552.956418
1552.957418
1552.958417
1552.959417
1552.960417
1552.961419
1552.962418
1552.963418
1552.964418
1552.965418
1552.966418
1552.967417
1552.968417
1552.969417
1552.970419
1552.971418
1552.972418
1552.973418
1552.974418
1552.975418
1552.976417
1552.977417
1552.978419
1552.979418
1552.980418
1552.981418
1552.982418
1552.983418
1552.984418
1552.985417
1552.986417
1552.987419
1552.988418
1552.989418
1552.990418
1552.991418
1552.992418
1552.993417
1552.994417
1552.995417
1552.996419
1552.997418
1552.998418
1552.999418
1553.000418
1553.001418
1553.002417
1553.003417
1553.004417
1553.005419
1553.006418
1553.007418
1553.008418
1553.009418
1553.010418
1553.011417
1553.012417
1553.013417
1553.014419
1553.015418
1553.016418
1553.017418
1553.018418
1553.019418
1553.020417
1553.021417
1553.022417
1553.023419
1553.024418
1553.025418
1553.026418
1553.027418
1553.028418
1553.029417
1553.030417
1553.031417
1553.032419
1553.033418
1553.034418
1553.035418
1553.036418
1553.037418
1553.038417
1553.039417
1553.040419
1553.041418
1553.042418
1553.043418
1553.044418
1553.045418
1553.046418
1553.047417
1553.048417
1553.049419
1553.050418
1553.051418
1553.052418
1553.053418
1553.054418
1553.055417
1553.056417
1553.057417
1553.058419
1553.059418
1553.060418
1553.061418
1553.062418
1553.063418
1553.064417
1553.065417
1553.066417
1553.067419
1553.068418
1553.069418
1553.070418
1553.071418
1553.072418
1553.073417
1553.074417
1553.075417
1553.076419
1553.077418
1553.078418
1553.079418
1553.080418
1553.081418
1553.082417
1553.083417
1553.084417
1553.085419
1553.086418
1553.087418
1553.088418
1553.089418
1553.090418
1553.091417
1553.092417
1553.093417
1553.094419
1553.095418
1553.096418
1553.097418
1553.098418
1553.099418
1553.100417
1553.101417
1553.102419
1553.103418
1553.104418
1553.105418
1553.106418
1553.107418
1553.108418
1553.109417
1553.110417
1553.111419
1553.112418
1553.113418
1553.114418
1553.115418
1553.116418
1553.117417
1553.118417
1553.119417
1553.120419
1553.121418
1553.122418
1553.123418
1553.124418
1553.125418
1553.126417
1553.127417
1553.128417
1553.129419
1553.130418
1553.131418
1553.132418
1553.133418
1553.134418
1553.135417
1553.136417
1553.137417
1553.138419
1553.139418
1553.140418
1553.141418
1553.142418
1553.143418
1553.144417
1553.145417
1553.146417
1553.147419
1553.148418
1553.149418
1553.150418
1553.151418
1553.152418
1553.160418
1553.161418
1553.162417
1553.163417
1553.164419
1553.165418
1553.166418
1553.167418
1553.168418
1553.169418
1553.170418
1553.171417
1553.172417
1553.173419
1553.174418
1553.175418
1553.176418
1553.177418
1553.178418
1553.179417
1553.180417
1553.181417
1553.182419
1553.183418
1553.184418
1553.185418
1553.186418
1553.187418
1553.188417
1553.189417
1553.190417
1553.191419
1553.192418
1553.193418
1553.194418
1553.195418
1553.196418
1553.197417
1553.198417
1553.199417
1553.200419
1553.201418
1553.202418
1553.203418
1553.204418
1553.205418
1553.206417
1553.207417
1553.208417
1553.209419
1553.210418
1553.211418
1553.212418
1553.213418
1553.214418
1553.215417
1553.216417
1553.217417
1553.218419
1553.219418
1553.220418
1553.221418
1553.222418
1553.223418
1553.224417
1553.225417
1553.226419
1553.227418
1553.228418
1553.229418
1553.230418
1553.231418
1553.232418
1553.233417
1553.234417
1553.235419
1553.236418
1553.237418
1553.238418
1553.239418
1553.240418
1553.241417
1553.242417
1553.243417
1553.244419
1553.245418
1553.246418
1553.247418
1553.248418
1553.249418
1553.250417
1553.251417
1553.252417
1553.253419
1553.254418
1553.255418
1553.256418
1553.257418
1553.258418
1553.259417
1553.260417
1553.261417
1553.262419
1553.263418
1553.264418
1553.265418
1553.266418
1553.267418
1553.268417
1553.269417
1553.270417
1553.271419
1553.272418
1553.273418
1553.274418
1553.275418
1553.276418
1553.277417
1553.278417
1553.279417
1553.280419
1553.281418
1553.282418
1553.283418
1553.284418
1553.285418
1553.286417
1553.287417
1553.288419
1553.289418
1553.290418
1553.291418
1553.292418
1553.293418
1553.294418
1553.295417
1553.296417
1553.297419
1553.298418
1553.299418
1553.300418
1553.301418
1553.302418
1553.303417
1553.304417
1553.305417
1553.306419
1553.307418
1553.308418
1553.309418
1553.310418
1553.311418
1553.312417
1553.313417
1553.314417
1553.315419
1553.316418
1553.317418
1553.318418
1553.319418
1553.320418
1553.321417
1553.322417
1553.323417
1553.324419
1553.325418
1553.326418
1553.327418
1553.328418
1553.329418
1553.330417
1553.331417
1553.332417
1553.333419
1553.334418
1553.335418
1553.336418
1553.337418
1553.338418
1553.339417
1553.340417
1553.341417
1553.342419
1553.343418
1553.344418
1553.345418
1553.346418
1553.347418
1553.348417
1553.349417
1553.350419
1553.351418
1553.352418
1553.353418
1553.354418
1553.355418
1553.356418
1553.357417
1553.358417
1553.359419
1553.360418
1553.361418
1553.362418
1553.363418
1553.364418
1553.365417
1553.366417
1553.367417
1553.368419
1553.369418
1553.370418
1553.371418
1553.372418
1553.373418
1553.374417
1553.375417
1553.376417
1553.377419
1553.378418
1553.379418
1553.380418
1553.381418
1553.382418
1553.383417
1553.384417
1553.385417
1553.386419
1553.387418
1553.388418
1553.389418
1553.390418
1553.391418
1553.392417
1553.393417
1553.394417
1553.395419
1553.396418
1553.397418
1553.398418
1553.399418
1553.400418
1553.401417
1553.402417
1553.403417
1553.404419
1553.405418
1553.406418
1553.407418
1553.408418
1553.409418
1553.410417
1553.411417
1553.412419
1553.413418
1553.414418
1553.415418
1553.416418
1553.417418
1553.418418
1553.419417
1553.420417
1553.421419
1553.422418
1553.423418
1553.424418
1553.425418
1553.426418
1553.427417
1553.428417
1553.429417
1553.430419
1553.431418
1553.432418
1553.433418
1553.434418
1553.435418
1553.436417
1553.437417
1553.438417
1553.439419
1553.440418
1553.441418
1553.442418
1553.443418
1553.444418
1553.445417
1553.446417
1553.447417
1553.448419
1553.449418
1553.450418
1553.451418
1553.452418
1553.453418
1553.454417
1553.455417
1553.456417
1553.457419
1553.458418
1553.459418
1553.460418
1553.461418
1553.462418
1553.463417
1553.464417
1553.465417
1553.466419
1553.467418
1553.468418
1553.469418
1553.470418
1553.471418
1553.472417
1553.473417
1553.474419
1553.475418
1553.476418
1553.477418
1553.478418
1553.479418
1553.480418
1553.481417
1553.482417
1553.483419
1553.484418
1553.485418
1553.486418
1553.487418
1553.488418
1553.489417
1553.490417
1553.491417
1553.492419
1553.493418
1553.494418
1553.495418
1553.496418
1553.497418
1553.498417
1553.499417
1553.500417
1553.501419
1553.502418
1553.503418
1553.504418
1553.505418
1553.506418
1553.507417
1553.508417
1553.509417
1553.510419
1553.511418
1553.512418
1553.513418
1553.514418
1553.515418
1553.516417
1553.517417
1553.518417
1553.519419
1553.520418
1553.521418
1553.522418
1553.523418
1553.524418
1553.525417
1553.526417
1553.527417
1553.528419
1553.529418
1553.530418
1553.531418
1553.532418
1553.533418
1553.534417
1553.535417
1553.536419
1553.537418
1553.538418
1553.539418
1553.540418
1553.541418
1553.542418
1553.543417
1553.544417
1553.545419
1553.546418
1553.547418
1553.548418
1553.549418
1553.550418
1553.551417
1553.552417
1553.553417
1553.554419
1553.555418
1553.556418
1553.557418
1553.558418
1553.559418
1553.560417
1553.561417
1553.562417
1553.563419
1553.564418
1553.565418
1553.566418
1553.567418
1553.568418
1553.569417
1553.570417
1553.571417
1553.572419
1553.573418
1553.574418
1553.575418
1553.576418
1553.577418
1553.578417
1553.579417
1553.580417
1553.581419
1553.582418
1553.583418
1553.584418
1553.585418
1553.586418
1553.587417
1553.588417
1553.589417
1553.590419
1553.591418
1553.592418
1553.593418
1553.594418
1553.595418
1553.596417
1553.597417
1553.598419
1553.599418
1553.600418
1553.601418
1553.602418
1553.603418
1553.604418
1553.605417
1553.606417
1553.607419
1553.608418
1553.609418
1553.610418
1553.611418
1553.612418
1553.613417
1553.614417
1553.615417
1553.616419
1553.617418
1553.618418
1553.619418
1553.620418
1553.621418
1553.622417
1553.623417
1553.624417
1553.625419
1553.626418
1553.627418
1553.628418
1553.629418
1553.630418
1553.631417
1553.632417
1553.633417
1553.634419
1553.635418
1553.636418
1553.637418
1553.638418
1553.639418
1553.640417
1553.641417
1553.642417
1553.643419
1553.644418
1553.645418
1553.646418
1553.647418
1553.648418
1553.649417
1553.650417
1553.651417
1553.652419
1553.653418
1553.654418
1553.655418
1553.656418
1553.657418
1553.658417
1553.659417
1553.660419
1553.661418
1553.662418
1553.663418
1553.664418
1553.665418
1553.666418
1553.667417
1553.668417
1553.669419
1553.670418
1553.671418
1553.672418
1553.673418
1553.674418
1553.675417
1553.676417
1553.677417
1553.678419
1553.679418
1553.680418
1553.681418
1553.682418
1553.683418
1553.684417
1553.685417
1553.686417
1553.687419
1553.688418
1553.689418
1553.690418
1553.691418
1553.692418
1553.693417
1553.694417
1553.695417
1553.696419
1553.697418
1553.698418
1553.699418
1553.700418
1553.701418
1553.702417
1553.703417
1553.704417
1553.705419
1553.706418
1553.707418
1553.708418
1553.709418
1553.710418
1553.711417
1553.712417
1553.713417
1553.714419
1553.715418
1553.716418
1553.717418
1553.718418
1553.719418
1553.720417
1553.721417
1553.722419
1553.723418
1553.724418
1553.725418
1553.726418
1553.727418
1553.728418
1553.729417
1553.730417
1553.731419
1553.732418
1553.733418
1553.734418
1553.735418
1553.736418
1553.737417
1553.738417
1553.739417
1553.740419
1553.741418
1553.742418
1553.743418
1553.744418
1553.745418
1553.746417
1553.747417
1553.748417
1553.749419
1553.750418
1553.751418
1553.752418
1553.753418
1553.754418
1553.755417
1553.756417
1553.757417
1553.758419
1553.759418
1553.760418
1553.761418
1553.762418
1553.763418
1553.764417
1553.765417
1553.766417
1553.767419
1553.768418
1553.769418
1553.770418
1553.771418
1553.772418
1553.773417
1553.774417
1553.775417
1553.776419
1553.777418
1553.778418
1553.779418
1553.780418
1553.781418
1553.782417
1553.783417
1553.784419
1553.785418
1553.786418
1553.787418
1553.788418
1553.789418
1553.790418
1553.791417
1553.792417
1553.793419
1553.794418
1553.795418
1553.796418
1553.797418
1553.798418
1553.799417
1553.800417
1553.801417
1553.802419
1553.803418
1553.804418
1553.805418
1553.806418
1553.807418
1553.808417
1553.809417
1553.810417
1553.811419
1553.812418
1553.813418
1553.814418
1553.815418
1553.816418
1553.817417
1553.818417
1553.819417
1553.820419
1553.821418
1553.822418
1553.823418
1553.824418
1553.825418
1553.826417
1553.827417
1553.828417
1553.829419
1553.830418
1553.831418
1553.832418
1553.833418
1553.834418
1553.835417
1553.836417
1553.837417
1553.838419
1553.839418
1553.840418
1553.841418
1553.842418
1553.843418
1553.844417
1553.845417
1553.846419
1553.847418
1553.848418
1553.849418
1553.850418
1553.851418
1553.852418
1553.853417
1553.854417
1553.855419
1553.856418
1553.857418
1553.858418
1553.859418
1553.860418
1553.861417
1553.862417
1553.863417
1553.864419
1553.865418
1553.866418
1553.867418
1553.868418
1553.869418
1553.870417
1553.871417
1553.872417
1553.873419
1553.874418
1553.875418
1553.876418
1553.877418
1553.878418
1553.879417
1553.880417
1553.881417
1553.882419
1553.883418
1553.884418
1553.885418
1553.886418
1553.887418
1553.888417
1553.889417
1553.890417
1553.891419
1553.892418
1553.893418
1553.894418
1553.895418
1553.896418
1553.897417
1553.898417
1553.899417
1553.900419
1553.901418
1553.902418
1553.903418
1553.904418
1553.905418
1553.906417
1553.907417
1553.908419
1553.909418
1553.910418
1553.911418
1553.912418
1553.913418
1553.914418
1553.915417
1553.916417
1553.917419
1553.918418
1553.919418
1553.920418
1553.921418
1553.922418
1553.923417
1553.924417
1553.925417
1553.926419
1553.927418
1553.928418
1553.929418
1553.930418
1553.931418
1553.932417
1553.933417
1553.934417
1553.935419
1553.936418
1553.937418
1553.938418
1553.939418
1553.940418
1553.941417
1553.942417
1553.943417
1553.944419
1553.945418
1553.946418
1553.947418
1553.948418
1553.949418
1553.950417
1553.951417
1553.952417
1553.953419
1553.954418
1553.955418
1553.956418
1553.957418
1553.958418
1553.959417
1553.960417
1553.961417
1553.962419
1553.963418
1553.964418
1553.965418
1553.966418
1553.967418
1553.968417
1553.969417
1553.970419
1553.971418
1553.972418
1553.973418
1553.974418
1553.975418
1553.976418
1553.977417
1553.978417
1553.979419
1553.980418
1553.981418
1553.982418
1553.983418
1553.984418
1553.985417
1553.986417
1553.987417
1553.988419
1553.989418
1553.990418
1553.991418
1553.992418
1553.993418
1553.994417
1553.995417
1553.996417
1553.997419
1553.998418
1553.999418
1554.000418
1554.001418
1554.002418
1554.003417
1554.004417
1554.005417
1554.006419
1554.007418
1554.008418
1554.009418
1554.010418
1554.011418
1554.012417
1554.013417
1554.014417
1554.015419
1554.016418
1554.017418
1554.018418
1554.019418
1554.020418
1554.021417
1554.022417
1554.023417
1554.024419
1554.025418
1554.026418
1554.027418
1554.028418
1554.029418
1554.030417
1554.031417
1554.032419
1554.033418
1554.034418
1554.035418
1554.036418
1554.037418
1554.038418
1554.039417
1554.040417
1554.041419
1554.042418
1554.043418
1554.044418
1554.045418
1554.046418
1554.047417
1554.048417
1554.049417
1554.050419
1554.051418
1554.052418
1554.053418
1554.054418
1554.055418
1554.056417
1554.057417
1554.058417
1554.059419
1554.060418
1554.061418
1554.062418
1554.063418
1554.064418
1554.065417
1554.066417
1554.067417
1554.068419
1554.069418
1554.070418
1554.071418
1554.072418
1554.073418
1554.074417
1554.075417
1554.076417
1554.077419
1554.078418
1554.079418
1554.080418
1554.081418
1554.082418
1554.083417
1554.084417
1554.085417
1554.086419
1554.087418
1554.088418
1554.089418
1554.090418
1554.091418
1554.092417
1554.093417
1554.094419
1554.095418
1554.096418
1554.097418
1554.098418
1554.099418
1554.100418
1554.101417
1554.102417
1554.103419
1554.104418
1554.105418
1554.106418
1554.107418
1554.108418
1554.109417
1554.110417
1554.111417
1554.112419
1554.113418
1554.114418
1554.115418
1554.116418
1554.117418
1554.118417
1554.119417
1554.120417
1554.121419
1554.122418
1554.123418
1554.124418
1554.125418
1554.126418
1554.127417
1554.128417
1554.129417
1554.130419
1554.131418
1554.132418
1554.133418
1554.134418
1554.135418
1554.136417
1554.137417
1554.138417
1554.139419
1554.140418
1554.141418
1554.142418
1554.143418
1554.144418
1554.145417
1554.146417
1554.147417
1554.148419
1554.149418
1554.150418
1554.151418
1554.152418
1554.153418
1554.154417
1554.155417
1554.156419
1554.157418
1554.158418
1554.159418
1554.160418
1554.161418
1554.162418
1554.163417
1554.164417
1554.165419
1554.166418
1554.167418
1554.168418
1554.169418
1554.170418
1554.171417
1554.172417
1554.173417
1554.174419
1554.175418
1554.176418
1554.177418
1554.178418
1554.179418
1554.180417
1554.181417
1554.182417
1554.183419
1554.184418
1554.185418
1554.186418
1554.187418
1554.188418
1554.189417
1554.190417
1554.191417
1554.192419
1554.193418
1554.194418
1554.195418
1554.196418
1554.197418
1554.198417
1554.199417
1554.200417
1554.201419
1554.202418
1554.203418
1554.204418
1554.205418
1554.206418
1554.207417
1554.208417
1554.209417
1554.210419
1554.211418
1554.212418
1554.213418
1554.214418
1554.215418
1554.216417
1554.217417
1554.218419
1554.219418
1554.220418
1554.221418
1554.222418
1554.223418
1554.224418
1554.225417
1554.226417
1554.227419
1554.228418
1554.229418
1554.230418
1554.231418
1554.232418
1554.233417
1554.234417
1554.235417
1554.236419
1554.237418
1554.238418
1554.239418
