1888.634806
1888.635806
1888.636805
1888.637805
1888.638805
1888.639806
1888.640806
1888.641806
1888.642806
1888.643806
1888.644805
1888.645805
1888.646805
1888.647807
1888.648806
1888.649806
1888.650806
1888.651806
1888.652806
1888.653805
1888.654805
1888.655805
1888.656807
1888.657806
1888.658806
1888.659806
1888.660806
1888.661806
1888.662805
1888.663805
1888.664805
1888.665807
1888.666806
1888.667806
1888.668806
1888.669806
1888.670806
1888.671805
1888.672805
1888.673805
1888.674807
1888.675806
1888.676806
1888.677806
1888.678806
1888.679806
1888.680805
1888.681805
1888.682805
1888.683807
1888.684806
1888.685806
1888.686806
1888.687806
1888.688806
1888.689805
1888.690805
1888.691805
1888.692806
1888.693806
1888.694806
1888.695806
1888.696806
1888.697805
1888.698805
1888.699805
1888.700805
1888.701806
1888.702806
1888.703806
1888.704806
1888.705806
1888.706805
1888.707805
1888.708805
1888.709807
1888.710806
1888.711806
1888.712806
1888.713806
1888.714806
1888.715805
1888.716805
1888.717805
1888.718807
1888.719806
1888.720806
1888.721806
1888.722806
1888.723806
1888.724805
1888.725805
1888.726805
1888.727807
1888.728806
1888.729806
1888.730806
1888.731806
1888.732806
1888.733805
1888.734805
1888.735805
1888.736807
1888.737806
1888.738806
1888.739806
1888.740806
1888.741806
1888.742805
1888.743805
1888.744805
1888.745807
1888.746806
1888.747806
1888.748806
1888.749806
1888.750806
1888.751805
1888.752805
1888.753805
1888.754806
1888.755806
1888.756806
1888.757806
1888.758806
1888.759806
1888.760805
1888.761805
1888.762805
1888.763806
1888.764806
1888.765806
1888.766806
1888.767806
1888.768805
1888.769805
1888.770805
1888.771807
1888.772806
1888.773806
1888.774806
1888.775806
1888.776806
1888.777805
1888.778805
1888.779805
1888.780807
1888.781806
1888.782806
1888.783806
1888.784806
1888.785806
1888.786805
1888.787805
1888.788805
1888.789807
1888.790806
1888.791806
1888.792806
1888.793806
1888.794806
1888.795805
1888.796805
1888.797805
1888.798807
1888.799806
1888.800806
1888.801806
1888.802806
1888.803806
1888.804805
1888.805805
1888.806805
1888.807807
1888.808806
1888.809806
1888.810806
1888.811806
1888.812806
1888.813805
1888.814805
1888.815805
1888.816806
1888.817806
1888.818806
1888.819806
1888.820806
1888.821806
1888.822805
1888.823805
1888.824805
1888.825806
1888.826806
1888.827806
1888.828806
1888.829806
1888.830805
1888.831805
1888.832805
1888.833807
1888.834806
1888.835806
1888.836806
1888.837806
1888.838806
1888.839805
1888.840805
1888.841805
1888.842807
1888.843806
1888.844806
1888.845806
1888.846806
1888.847806
1888.848805
1888.849805
1888.850805
1888.851807
1888.852806
1888.853806
1888.854806
1888.855806
1888.856806
1888.857805
1888.858805
1888.859805
1888.860807
1888.861806
1888.862806
1888.863806
1888.864806
1888.865806
1888.866805
1888.867805
1888.868805
1888.869807
1888.870806
1888.871806
1888.872806
1888.873806
1888.874806
1888.875805
1888.876805
1888.877805
1888.878806
1888.879806
1888.880806
1888.881806
1888.882806
1888.883805
1888.884805
1888.885805
1888.886805
1888.887806
1888.888806
1888.889806
1888.890806
1888.891806
1888.892805
1888.893805
1888.894805
1888.895807
1888.896806
1888.897806
1888.898806
1888.899806
1888.900806
1888.901805
1888.902805
1888.903805
1888.904807
1888.905806
1888.906806
1888.907806
1888.908806
1888.909806
1888.910805
1888.911805
1888.912805
1888.913807
1888.914806
1888.915806
1888.916806
1888.917806
1888.918806
1888.919805
1888.920805
1888.921805
1888.922807
1888.923806
1888.924806
1888.925806
1888.926806
1888.927806
1888.928805
1888.929805
1888.930805
1888.931806
1888.932806
1888.933806
1888.934806
1888.935806
1888.936806
1888.937805
1888.938805
1888.939805
1888.940806
1888.941806
1888.942806
1888.943806
1888.944806
1888.945806
1888.946805
1888.947805
1888.948805
1888.949806
1888.950806
1888.951806
1888.952806
1888.953806
1888.954805
1888.955805
1888.956805
1888.957807
1888.958806
1888.959806
1888.960806
1888.961806
1888.962806
1888.963805
1888.964805
1888.965805
1888.966807
1888.967806
1888.968806
1888.969806
1888.970806
1888.971806
1888.972805
1888.973805
1888.974805
1888.975807
1888.976806
1888.977806
1888.978806
1888.979806
1888.980806
1888.981805
1888.982805
1888.983805
1888.984807
1888.985806
1888.986806
1888.987806
1888.988806
1888.989806
1888.990805
1888.991805
1888.992805
1888.993806
1888.994806
1888.995806
1888.996806
1888.997806
1888.998806
1888.999805
1889.000805
1889.001805
1889.002806
1889.003806
1889.004806
1889.005806
1889.006806
1889.007806
1889.008805
1889.009805
1889.010805
1889.011806
1889.012806
1889.013806
1889.014806
1889.015806
1889.016805
1889.017805
1889.018805
1889.019807
1889.020806
1889.021806
1889.022806
1889.023806
1889.024806
1889.025805
1889.026805
1889.027805
1889.028807
1889.029806
1889.030806
1889.031806
1889.032806
1889.033806
1889.034805
1889.035805
1889.036805
1889.037807
1889.038806
1889.039806
1889.040806
1889.041806
1889.042806
1889.043805
1889.044805
1889.045805
1889.046807
1889.047806
1889.048806
1889.049806
1889.050806
1889.051806
1889.052805
1889.053805
1889.054805
1889.055806
1889.056806
1889.057806
1889.058806
1889.059806
1889.060806
1889.061805
1889.062805
1889.063805
1889.064806
1889.065806
1889.066806
1889.067806
1889.068806
1889.069806
1889.070805
1889.071805
1889.072805
1889.073806
1889.074806
1889.075806
1889.076806
1889.077806
1889.078805
1889.079805
1889.080805
1889.081807
1889.082806
1889.083806
1889.084806
1889.085806
1889.086806
1889.087805
1889.088805
1889.089805
1889.090807
1889.091806
1889.092806
1889.093806
1889.094806
1889.095806
1889.096805
1889.097805
1889.098805
1889.099807
1889.100806
1889.101806
1889.102806
1889.103806
1889.104806
1889.105805
1889.106805
1889.107805
1889.108807
1889.109806
1889.110806
1889.111806
1889.112806
1889.113806
1889.114805
1889.115805
1889.116805
1889.117806
1889.118806
1889.119806
1889.120806
1889.121806
1889.122806
1889.123805
1889.124805
1889.125805
1889.126806
1889.127806
1889.128806
1889.129806
1889.130806
1889.131806
1889.132805
1889.133805
1889.134805
1889.135806
1889.136806
1889.137806
1889.138806
1889.139806
1889.140805
1889.141805
1889.142805
1889.143807
1889.144806
1889.145806
1889.146806
1889.147806
1889.148806
1889.149805
1889.150805
1889.151805
1889.152807
1889.153806
1889.154806
1889.155806
1889.156806
1889.157806
1889.158805
1889.159805
1889.160805
1889.161807
1889.162806
1889.163806
1889.164806
1889.165806
1889.166806
1889.167805
1889.168805
1889.169805
1889.170807
1889.171806
1889.172806
1889.173806
1889.174806
1889.175806
1889.176805
1889.177805
1889.178805
1889.179806
1889.180806
1889.181806
1889.182806
1889.183806
1889.184806
1889.185805
1889.186805
1889.187805
1889.188806
1889.189806
1889.190806
1889.191806
1889.192806
1889.193805
1889.194805
1889.195805
1889.196805
1889.197806
1889.198806
1889.199806
1889.200806
1889.201806
1889.202805
1889.203805
1889.204805
1889.205807
1889.206806
1889.207806
1889.208806
1889.209806
1889.210806
1889.211805
1889.212805
1889.213805
1889.214807
1889.215806
1889.216806
1889.217806
1889.218806
1889.219806
1889.220805
1889.221805
1889.222805
1889.223807
1889.224806
1889.225806
1889.226806
1889.227806
1889.228806
1889.229805
1889.230805
1889.231805
1889.232807
1889.233806
1889.234806
1889.235806
1889.236806
1889.237806
1889.238805
1889.239805
1889.240805
1889.241807
1889.242806
1889.243806
1889.244806
1889.245806
1889.246806
1889.247805
1889.248805
1889.249805
1889.250806
1889.251806
1889.252806
1889.253806
1889.254806
1889.255805
1889.256805
1889.257805
1889.258805
1889.259806
1889.260806
1889.261806
1889.262806
1889.263806
1889.264805
1889.265805
1889.266805
1889.267807
1889.268806
1889.269806
1889.270806
1889.271806
1889.272806
1889.273805
1889.274805
1889.275805
1889.276807
1889.277806
1889.278806
1889.279806
1889.280806
1889.281806
1889.282805
1889.283805
1889.284805
1889.285807
1889.286806
1889.287806
1889.288806
1889.289806
1889.290806
1889.291805
1889.292805
1889.293805
1889.294807
1889.295806
1889.296806
1889.297806
1889.298806
1889.299806
1889.300805
1889.301805
1889.302805
1889.303807
1889.304806
1889.305806
1889.306806
1889.307806
1889.308806
1889.309805
1889.310805
1889.311805
1889.312806
1889.313806
1889.314806
1889.315806
1889.316806
1889.317805
1889.318805
1889.319805
1889.320805
1889.321806
1889.322806
1889.323806
1889.324806
1889.325806
1889.326805
1889.327805
1889.328805
1889.329807
1889.330806
1889.331806
1889.332806
1889.333806
1889.334806
1889.335805
1889.336805
1889.337805
1889.338807
1889.339806
1889.340806
1889.341806
1889.342806
1889.343806
1889.344805
1889.345805
1889.346805
1889.347807
1889.348806
1889.349806
1889.350806
1889.351806
1889.352806
1889.353805
1889.354805
1889.355805
1889.356807
1889.357806
1889.358806
1889.359806
1889.360806
1889.361806
1889.362805
1889.363805
1889.364805
1889.365807
1889.366806
1889.367806
1889.368806
1889.369806
1889.370806
1889.371805
1889.372805
1889.373805
1889.374806
1889.375806
1889.376806
1889.377806
1889.378806
1889.379806
1889.380805
1889.381805
1889.382805
1889.383806
1889.384806
1889.385806
1889.386806
1889.387806
1889.388805
1889.389805
1889.390805
1889.391807
1889.392806
1889.393806
1889.394806
1889.395806
1889.396806
1889.397805
1889.398805
1889.399805
1889.400807
1889.401806
1889.402806
1889.403806
1889.404806
1889.405806
1889.406805
1889.407805
1889.408805
1889.409807
1889.410806
1889.411806
1889.412806
1889.413806
1889.414806
1889.415805
1889.416805
1889.417805
1889.418807
1889.419806
1889.420806
1889.421806
1889.422806
1889.423806
1889.424805
1889.425805
1889.426805
1889.427806
1889.428806
1889.429806
1889.430806
1889.431806
1889.432806
1889.433805
1889.434805
1889.435805
1889.436806
1889.437806
1889.438806
1889.439806
1889.440806
1889.441806
1889.442805
1889.443805
1889.444805
1889.445806
1889.446806
1889.447806
1889.448806
1889.449806
1889.450805
1889.451805
1889.452805
1889.453807
1889.454806
1889.455806
1889.456806
1889.457806
1889.458806
1889.459805
1889.460805
1889.461805
1889.462807
1889.463806
1889.464806
1889.465806
1889.466806
1889.467806
1889.468805
1889.469805
1889.470805
1889.471807
1889.472806
1889.473806
1889.474806
1889.475806
1889.476806
1889.477805
1889.478805
1889.479805
1889.480807
1889.481806
1889.482806
1889.483806
1889.484806
1889.485806
1889.486805
1889.487805
1889.488805
1889.489807
1889.490806
1889.491806
1889.492806
1889.493806
1889.494806
1889.495805
1889.496805
1889.497805
1889.498806
1889.499806
1889.500806
1889.501806
1889.502806
1889.503805
1889.504805
1889.505805
1889.506805
1889.507806
1889.508806
1889.509806
1889.510806
1889.511806
1889.512805
1889.513805
1889.514805
1889.515807
1889.516806
1889.517806
1889.518806
1889.519806
1889.520806
1889.521805
1889.522805
1889.523805
1889.524807
1889.525806
1889.526806
1889.527806
1889.528806
1889.529806
1889.530805
1889.531805
1889.532805
1889.533807
1889.534806
1889.535806
1889.536806
1889.537806
1889.538806
1889.539805
1889.540805
1889.541805
1889.542807
1889.543806
1889.544806
1889.545806
1889.546806
1889.547806
1889.548805
1889.549805
1889.550805
1889.551807
1889.552806
1889.553806
1889.554806
1889.555806
1889.556806
1889.557805
1889.558805
1889.559805
1889.560806
1889.561806
1889.562806
1889.563806
1889.564806
1889.565805
1889.566805
1889.567805
1889.568805
1889.569806
1889.570806
1889.571806
1889.572806
1889.573806
1889.574805
1889.575805
1889.576805
1889.577807
1889.578806
1889.579806
1889.580806
1889.581806
1889.582806
1889.583805
1889.584805
1889.585805
1889.586807
1889.587806
1889.588806
1889.589806
1889.590806
1889.591806
1889.592805
1889.593805
1889.594805
1889.595807
1889.596806
1889.597806
1889.598806
1889.599806
1889.600806
1889.601805
1889.602805
1889.603805
1889.604807
1889.605806
1889.606806
1889.607806
1889.608806
1889.609806
1889.610805
1889.611805
1889.612805
1889.613807
1889.614806
1889.615806
1889.616806
1889.617806
1889.618806
1889.619805
1889.620805
1889.621805
1889.622806
1889.623806
1889.624806
1889.625806
1889.626806
1889.627806
1889.628805
1889.629805
1889.630805
1889.631806
1889.632806
1889.633806
1889.634806
1889.635806
1889.636805
1889.637805
1889.638805
1889.639807
1889.640806
1889.641806
1889.642806
1889.643806
1889.644806
1889.645805
1889.646805
1889.647805
1889.648807
1889.649806
1889.650806
1889.651806
1889.652806
1889.653806
1889.654805
1889.655805
1889.656805
1889.657807
1889.658806
1889.659806
1889.660806
1889.661806
1889.662806
1889.663805
1889.664805
1889.665805
1889.666807
1889.667806
1889.668806
1889.669806
1889.670806
1889.671806
1889.672805
1889.673805
1889.674805
1889.675807
1889.676806
1889.677806
1889.678806
1889.679806
1889.680806
1889.681805
1889.682805
1889.683805
1889.684806
1889.685806
1889.686806
1889.687806
1889.688806
1889.689805
1889.690805
1889.691805
1889.692805
1889.693806
1889.694806
1889.695806
1889.696806
1889.697806
1889.698805
1889.699805
1889.700805
1889.701807
1889.702806
1889.703806
1889.704806
1889.705806
1889.706806
1889.707805
1889.708805
1889.709805
1889.710807
1889.711806
1889.712806
1889.713806
1889.714806
1889.715806
1889.716805
1889.717805
1889.718805
1889.719807
1889.720806
1889.721806
1889.722806
1889.723806
1889.724806
1889.725805
1889.726805
1889.727805
1889.728807
1889.729806
1889.730806
1889.731806
1889.732806
1889.733806
1889.734805
1889.735805
1889.736805
1889.737806
1889.738806
1889.739806
1889.740806
1889.741806
1889.742806
1889.743805
1889.744805
1889.745805
1889.746806
1889.747806
1889.748806
1889.749806
1889.750806
1889.751805
1889.752805
1889.753805
1889.754805
1889.755806
1889.756806
1889.757806
1889.758806
1889.759806
1889.760805
1889.761805
1889.762805
1889.763807
1889.764806
1889.765806
1889.766806
1889.767806
1889.768806
1889.769805
1889.770805
1889.771805
1889.772807
1889.773806
1889.774806
1889.775806
1889.776806
1889.777806
1889.778805
1889.779805
1889.780805
1889.781807
1889.782806
1889.783806
1889.784806
1889.785806
1889.786806
1889.787805
1889.788805
1889.789805
1889.790807
1889.791806
1889.792806
1889.793806
1889.794806
1889.795806
1889.796805
1889.797805
1889.798805
1889.799807
1889.800806
1889.801806
1889.802806
1889.803806
1889.804806
1889.805805
1889.806805
1889.807805
1889.808806
1889.809806
1889.810806
1889.811806
1889.812806
1889.813806
1889.814805
1889.815805
1889.816805
1889.817806
1889.818806
1889.819806
1889.820806
1889.821806
1889.822805
1889.823805
1889.824805
1889.825807
1889.826806
1889.827806
1889.828806
1889.829806
1889.830806
1889.831805
1889.832805
1889.833805
1889.834807
1889.835806
1889.836806
1889.837806
1889.838806
1889.839806
1889.840805
1889.841805
1889.842805
1889.843807
1889.844806
1889.845806
1889.846806
1889.847806
1889.848806
1889.849805
1889.850805
1889.851805
1889.852807
1889.853806
1889.854806
1889.855806
1889.856806
1889.857806
1889.858805
1889.859805
1889.860805
1889.861806
1889.862806
1889.863806
1889.864806
1889.865806
1889.866806
1889.867805
1889.868805
1889.869805
1889.870806
1889.871806
1889.872806
1889.873806
1889.874806
1889.875805
1889.876805
1889.877805
1889.878805
1889.879806
1889.880806
1889.881806
1889.882806
1889.883806
1889.884805
1889.885805
1889.886805
1889.887807
1889.888806
1889.889806
1889.890806
1889.891806
1889.892806
1889.893805
1889.894805
1889.895805
1889.896807
1889.897806
1889.898806
1889.899806
1889.900806
1889.901806
1889.902805
1889.903805
1889.904805
1889.905807
1889.906806
1889.907806
1889.908806
1889.909806
1889.910806
1889.911805
1889.912805
1889.913805
1889.914807
1889.915806
1889.916806
1889.917806
1889.918806
1889.919806
1889.920805
1889.921805
1889.922805
1889.923807
1889.924806
1889.925806
1889.926806
1889.927806
1889.928806
1889.929805
1889.930805
1889.931805
1889.932806
1889.933806
1889.934806
1889.935806
1889.936806
1889.937805
1889.938805
1889.939805
1889.940805
1889.941806
1889.942806
1889.943806
1889.944806
1889.945806
1889.946805
1889.947805
1889.948805
1889.949807
1889.950806
1889.951806
1889.952806
1889.953806
1889.954806
1889.955805
1889.956805
1889.957805
1889.958807
1889.959806
1889.960806
1889.961806
1889.962806
1889.963806
1889.964805
1889.965805
1889.966805
1889.967807
1889.968806
1889.969806
1889.970806
1889.971806
1889.972806
1889.973805
1889.974805
1889.975805
1889.976807
1889.977806
1889.978806
1889.979806
1889.980806
1889.981806
1889.982805
1889.983805
1889.984805
1889.985807
1889.986806
1889.987806
1889.988806
1889.989806
1889.990806
1889.991805
1889.992805
1889.993805
1889.994806
1889.995806
1889.996806
1889.997806
1889.998806
1889.999806
1890.000805
1890.001805
1890.002805
1890.003806
1890.004806
1890.005806
1890.006806
1890.007806
1890.008805
1890.009805
1890.010805
1890.011807
1890.012806
1890.013806
1890.014806
1890.015806
1890.016806
1890.017805
1890.018805
1890.019805
1890.020807
1890.021806
1890.022806
1890.023806
1890.024806
1890.025806
1890.026805
1890.027805
1890.028805
1890.029807
1890.030806
1890.031806
1890.032806
1890.033806
1890.034806
1890.035805
1890.036805
1890.037805
1890.038807
1890.039806
1890.040806
1890.041806
1890.042806
1890.043806
1890.044805
1890.045805
1890.046805
1890.047806
1890.048806
1890.049806
1890.050806
1890.051806
1890.052806
1890.053805
1890.054805
1890.055805
1890.056806
1890.057806
1890.058806
1890.059806
1890.060806
1890.061806
1890.062805
1890.063805
1890.064805
1890.065806
1890.066806
1890.067806
1890.068806
1890.069806
1890.070805
1890.071805
1890.072805
1890.073807
1890.074806
1890.075806
1890.076806
1890.077806
1890.078806
1890.079805
1890.080805
1890.081805
1890.082807
1890.083806
1890.084806
1890.085806
1890.086806
1890.087806
1890.088805
1890.089805
1890.090805
1890.091807
1890.092806
1890.093806
1890.094806
1890.095806
1890.096806
1890.097805
1890.098805
1890.099805
1890.100807
1890.101806
1890.102806
1890.103806
1890.104806
1890.105806
1890.106805
1890.107805
1890.108805
1890.109807
1890.110806
1890.111806
1890.112806
1890.113806
1890.114806
1890.115805
1890.116805
1890.117805
1890.118806
1890.119806
1890.120806
1890.121806
1890.122806
1890.123806
1890.124805
1890.125805
1890.126805
1890.127806
1890.128806
1890.129806
1890.130806
1890.131806
1890.132805
1890.133805
1890.134805
1890.135807
1890.136806
1890.137806
1890.138806
1890.139806
1890.140806
1890.141805
1890.142805
1890.143805
1890.144807
1890.145806
1890.146806
1890.147806
1890.148806
1890.149806
1890.150805
1890.151805
1890.152805
1890.153807
1890.154806
1890.155806
1890.156806
1890.157806
1890.158806
1890.159805
1890.160805
1890.161805
1890.162807
1890.163806
1890.164806
1890.165806
1890.166806
1890.167806
1890.168805
1890.169805
1890.170805
1890.171807
1890.172806
1890.173806
1890.174806
1890.175806
1890.176806
1890.177805
1890.178805
1890.179805
1890.180806
1890.181806
1890.182806
1890.183806
1890.184806
1890.185806
1890.186805
1890.187805
1890.188805
1890.189806
1890.190806
1890.191806
1890.192806
1890.193806
1890.194805
1890.195805
1890.196805
1890.197807
1890.198806
1890.199806
1890.200806
1890.201806
1890.202806
1890.203805
1890.204805
1890.205805
1890.206807
1890.207806
1890.208806
1890.209806
1890.210806
1890.211806
1890.212805
1890.213805
1890.214805
1890.215807
1890.216806
1890.217806
1890.218806
1890.219806
1890.220806
1890.221805
1890.222805
1890.223805
1890.224807
1890.225806
1890.226806
1890.227806
1890.228806
1890.229806
1890.230805
1890.231805
1890.232805
1890.233806
1890.234806
1890.235806
1890.236806
1890.237806
1890.238806
1890.239805
1890.240805
1890.241805
1890.242806
1890.243806
1890.244806
1890.245806
1890.246806
1890.247806
1890.248805
1890.249805
1890.250805
1890.251806
1890.252806
1890.253806
1890.254806
1890.255806
1890.256805
1890.257805
1890.258805
1890.259807
1890.260806
1890.261806
1890.262806
1890.263806
1890.264806
1890.265805
1890.266805
1890.267805
1890.268807
1890.269806
1890.270806
1890.271806
1890.272806
1890.273806
1890.274805
1890.275805
1890.276805
1890.277807
1890.278806
1890.279806
1890.280806
1890.281806
1890.282806
1890.283805
1890.284805
1890.285805
1890.286807
1890.287806
1890.288806
1890.289806
1890.290806
1890.291806
1890.292805
1890.293805
1890.294805
1890.295806
1890.296806
1890.297806
1890.298806
1890.299806
1890.300806
1890.301805
1890.302805
1890.303805
1890.304806
1890.305806
1890.306806
1890.307806
1890.308806
1890.309806
1890.310805
1890.311805
1890.312805
1890.313806
1890.314806
1890.315806
1890.316806
1890.317806
1890.318805
1890.319805
1890.320805
1890.321807
1890.322806
1890.323806
1890.324806
1890.325806
1890.326806
1890.327805
1890.328805
1890.329805
1890.330807
1890.331806
1890.332806
1890.333806
1890.334806
1890.335806
1890.336805
1890.337805
1890.338805
1890.339807
1890.340806
1890.341806
1890.342806
1890.343806
1890.344806
1890.345805
1890.346805
1890.347805
1890.348807
1890.349806
1890.350806
1890.351806
1890.352806
1890.353806
1890.354805
1890.355805
1890.356805
1890.357807
1890.358806
1890.359806
1890.360806
1890.361806
1890.362806
1890.363805
1890.364805
1890.365805
1890.366806
1890.367806
1890.368806
1890.369806
1890.370806
1890.371806
1890.372805
1890.373805
1890.374805
1890.375806
1890.376806
1890.377806
1890.378806
1890.379806
1890.380805
1890.381805
1890.382805
1890.383807
1890.384806
1890.385806
1890.386806
1890.387806
1890.388806
1890.389805
1890.390805
1890.391805
1890.392807
1890.393806
1890.394806
1890.395806
1890.396806
1890.397806
1890.398805
1890.399805
1890.400805
1890.401807
1890.402806
1890.403806
1890.404806
1890.405806
1890.406806
1890.407805
1890.408805
1890.409805
1890.410807
1890.411806
1890.412806
1890.413806
1890.414806
1890.415806
1890.416805
1890.417805
1890.418805
1890.419807
1890.420806
1890.421806
1890.422806
1890.423806
1890.424806
1890.425805
1890.426805
1890.427805
1890.428806
1890.429806
1890.430806
1890.431806
1890.432806
1890.433806
1890.434805
1890.435805
1890.436805
1890.437806
1890.438806
1890.439806
1890.440806
1890.441806
1890.442805
1890.443805
1890.444805
1890.445807
1890.446806
1890.447806
1890.448806
1890.449806
1890.450806
1890.451805
1890.452805
1890.453805
1890.454807
1890.455806
1890.456806
1890.457806
1890.458806
1890.459806
1890.460805
1890.461805
1890.462805
1890.463807
1890.464806
1890.465806
1890.466806
1890.467806
1890.468806
1890.469805
1890.470805
1890.471805
1890.472807
1890.473806
1890.474806
1890.475806
1890.476806
1890.477806
1890.478805
1890.479805
1890.480805
1890.481806
1890.482806
1890.483806
1890.484806
1890.485806
1890.486806
1890.487805
1890.488805
1890.489805
1890.490806
1890.491806
1890.492806
1890.493806
1890.494806
1890.495806
1890.496805
1890.497805
1890.498805
1890.499806
1890.500806
1890.501806
1890.502806
1890.503806
1890.504805
1890.505805
1890.506805
1890.507807
1890.508806
1890.509806
1890.510806
1890.511806
1890.512806
1890.513805
1890.514805
1890.515805
1890.516807
1890.517806
1890.518806
1890.519806
1890.520806
1890.521806
1890.522805
1890.523805
1890.524805
1890.525807
1890.526806
1890.527806
1890.528806
1890.529806
1890.530806
1890.531805
1890.532805
1890.533805
1890.534807
1890.535806
1890.536806
1890.537806
1890.538806
1890.539806
1890.540805
1890.541805
1890.542805
1890.543806
1890.544806
1890.545806
1890.546806
1890.547806
1890.548806
1890.549805
1890.550805
1890.551805
1890.552806
1890.553806
1890.554806
1890.555806
1890.556806
1890.557805
1890.558805
1890.559805
1890.560805
1890.561806
1890.562806
1890.563806
1890.564806
1890.565806
1890.566805
1890.567805
1890.568805
1890.569807
1890.570806
1890.571806
1890.572806
1890.573806
1890.574806
1890.575805
1890.576805
1890.577805
1890.578807
1890.579806
1890.580806
1890.581806
1890.582806
1890.583806
1890.584805
1890.585805
1890.586805
1890.587807
1890.588806
1890.589806
1890.590806
1890.591806
1890.592806
1890.593805
1890.594805
1890.595805
1890.596807
1890.597806
1890.598806
1890.599806
1890.600806
1890.601806
1890.602805
1890.603805
1890.604805
1890.605807
1890.606806
1890.607806
1890.608806
1890.609806
1890.610806
1890.611805
1890.612805
1890.613805
1890.614806
1890.615806
1890.616806
1890.617806
1890.618806
1890.619805
1890.620805
1890.621805
1890.622805
1890.623806
1890.624806
1890.625806
1890.626806
1890.627806
1890.628805
1890.629805
1890.630805
1890.631807
1890.632806
1890.633806
1890.634806
1890.635806
1890.636806
1890.637805
1890.638805
1890.639805
1890.640807
1890.641806
1890.642806
1890.643806
1890.644806
