994.213324
994.214324
994.215324
994.216324
994.217323
994.218323
994.219325
994.220324
994.221324
994.222324
994.223324
994.224324
994.225323
994.226323
994.227323
994.228325
994.229324
994.230324
994.231324
994.232324
994.233324
994.234323
994.235323
994.236323
994.237325
994.238324
994.239324
994.240324
994.241324
994.242324
994.243323
994.244323
994.245325
994.246325
994.247324
994.248324
994.249324
994.250324
994.251324
994.252323
994.253323
994.254325
994.255325
994.256324
994.257324
994.258324
994.259324
994.260324
994.261323
994.262323
994.263325
994.264325
994.265324
994.266324
994.267324
994.268324
994.269324
994.270323
994.271323
994.272325
994.273324
994.274324
994.275324
994.276324
994.277324
994.278324
994.279323
994.280323
994.281325
994.282324
994.283324
994.284324
994.285324
994.286324
994.287323
994.288323
994.289323
994.290325
994.291324
994.292324
994.293324
994.294324
994.295324
994.296323
994.297323
994.298323
994.299325
994.300324
994.301324
994.302324
994.303324
994.304324
994.305323
994.306323
994.307325
994.308325
994.309324
994.310324
994.311324
994.312324
994.313324
994.314323
994.315323
994.316325
994.317325
994.318324
994.319324
994.320324
994.321324
994.322324
994.323323
994.324323
994.325325
994.326325
994.327324
994.328324
994.329324
994.330324
994.331324
994.332323
994.333323
994.334325
994.335324
994.336324
994.337324
994.338324
994.339324
994.340324
994.341323
994.342323
994.343325
994.344324
994.345324
994.346324
994.347324
994.348324
994.349323
994.350323
994.351323
994.352325
994.353324
994.354324
994.355324
994.356324
994.357324
994.358323
994.359323
994.360323
994.361325
994.362324
994.363324
994.364324
994.365324
994.366324
994.367323
994.368323
994.369325
994.370325
994.371324
994.372324
994.373324
994.374324
994.375324
994.376323
994.377323
994.378325
994.379325
994.380324
994.381324
994.382324
994.383324
994.384324
994.385323
994.386323
994.387325
994.388325
994.389324
994.390324
994.391324
994.392324
994.393324
994.394323
994.395323
994.396325
994.397324
994.398324
994.399324
994.400324
994.401324
994.402324
994.403323
994.404323
994.405325
994.406324
994.407324
994.408324
994.409324
994.410324
994.411323
994.412323
994.413323
994.414325
994.415324
994.416324
994.417324
994.418324
994.419324
994.420323
994.421323
994.422323
994.423325
994.424324
994.425324
994.426324
994.427324
994.428324
994.429323
994.430323
994.431325
994.432325
994.433324
994.434324
994.435324
994.436324
994.437324
994.438323
994.439323
994.440325
994.441325
994.442324
994.443324
994.444324
994.445324
994.446324
994.447323
994.448323
994.449325
994.450325
994.451324
994.452324
994.453324
994.454324
994.455324
994.456323
994.457323
994.458325
994.459324
994.460324
994.461324
994.462324
994.463324
994.464324
994.465323
994.466323
994.467325
994.468324
994.469324
994.470324
994.471324
994.472324
994.473323
994.474323
994.475323
994.476325
994.477324
994.478324
994.479324
994.480324
994.481324
994.482323
994.483323
994.484323
994.485325
994.486324
994.487324
994.488324
994.489324
994.490324
994.491323
994.492323
994.493325
994.494325
994.495324
994.496324
994.497324
994.498324
994.499324
994.500323
994.501323
994.502325
994.503325
994.504324
994.505324
994.506324
994.507324
994.508324
994.509323
994.510323
994.511325
994.512325
994.513324
994.514324
994.515324
994.516324
994.517324
994.518323
994.519323
994.520325
994.521324
994.522324
994.523324
994.524324
994.525324
994.526324
994.527323
994.528323
994.529325
994.530324
994.531324
994.532324
994.533324
994.534324
994.535323
994.536323
994.537323
994.538325
994.539324
994.540324
994.541324
994.542324
994.543324
994.544323
994.545323
994.546323
994.547325
994.548324
994.549324
994.550324
994.551324
994.552324
994.553323
994.554323
994.555325
994.556325
994.557324
994.558324
994.559324
994.560324
994.561324
994.562323
994.563323
994.564325
994.565325
994.566324
994.567324
994.568324
994.569324
994.570324
994.571323
994.572323
994.573325
994.574325
994.575324
994.576324
994.577324
994.578324
994.579324
994.580323
994.581323
994.582325
994.583324
994.584324
994.585324
994.586324
994.587324
994.588324
994.589323
994.590323
994.591325
994.592324
994.593324
994.594324
994.595324
994.596324
994.597323
994.598323
994.599323
994.600325
994.601324
994.602324
994.603324
994.604324
994.605324
994.606323
994.607323
994.608323
994.609325
994.610324
994.611324
994.612324
994.613324
994.614324
994.615323
994.616323
994.617325
994.618325
994.619324
994.620324
994.621324
994.622324
994.623324
994.624323
994.625323
994.626325
994.627325
994.628324
994.629324
994.630324
994.631324
994.632324
994.633323
994.634323
994.635325
994.636325
994.637324
994.638324
994.639324
994.640324
994.641324
994.642323
994.643323
994.644325
994.645324
994.646324
994.647324
994.648324
994.649324
994.650324
994.651323
994.652323
994.653325
994.654324
994.655324
994.656324
994.657324
994.658324
994.659323
994.660323
994.661323
994.662325
994.663324
994.664324
994.665324
994.666324
994.667324
994.668323
994.669323
994.670323
994.671325
994.672324
994.673324
994.674324
994.675324
994.676324
994.677323
994.678323
994.679325
994.680325
994.681324
994.682324
994.683324
994.684324
994.685324
994.686323
994.687323
994.688325
994.689325
994.690324
994.691324
994.692324
994.693324
994.694324
994.695323
994.696323
994.697325
994.698325
994.699324
994.700324
994.701324
994.702324
994.703324
994.704323
994.705323
994.706325
994.707324
994.708324
994.709324
994.710324
994.711324
994.712324
994.713323
994.714323
994.715325
994.716324
994.717324
994.718324
994.719324
994.720324
994.721323
994.722323
994.723323
994.724325
994.725324
994.726324
994.727324
994.728324
994.729324
994.730323
994.731323
994.732323
994.733325
994.734324
994.735324
994.736324
994.737324
994.738324
994.739323
994.740323
994.741325
994.742325
994.743324
994.744324
994.745324
994.746324
994.747324
994.748323
994.749323
994.750325
994.751325
994.752324
994.753324
994.754324
994.755324
994.756324
994.757323
994.758323
994.759325
994.760325
994.761324
994.762324
994.763324
994.764324
994.765324
994.766323
994.767323
994.768325
994.769324
994.770324
994.771324
994.772324
994.773324
994.774324
994.775323
994.776323
994.777325
994.778324
994.779324
994.780324
994.781324
994.782324
994.783323
994.784323
994.785323
994.786325
994.787324
994.788324
994.789324
994.790324
994.791324
994.792323
994.793323
994.794323
994.795325
994.796324
994.797324
994.798324
994.799324
994.800324
994.801323
994.802323
994.803325
994.804325
994.805324
994.806324
994.807324
994.808324
994.809324
994.810323
994.811323
994.812325
994.813325
994.814324
994.815324
994.816324
994.817324
994.818324
994.819323
994.820323
994.821325
994.822325
994.823324
994.824324
994.825324
994.826324
994.827324
994.828323
994.829323
994.830325
994.831324
994.832324
994.833324
994.834324
994.835324
994.836324
994.837323
994.838323
994.839325
994.840324
994.841324
994.842324
994.843324
994.844324
994.845323
994.846323
994.847323
994.848325
994.849324
994.850324
994.851324
994.852324
994.853324
994.854323
994.855323
994.856323
994.857325
994.858324
994.859324
994.860324
994.861324
994.862324
994.863323
994.864323
994.865325
994.866325
994.867324
994.868324
994.869324
994.870324
994.871324
994.872323
994.873323
994.874325
994.875325
994.876324
994.877324
994.878324
994.879324
994.880324
994.881323
994.882323
994.883325
994.884325
994.885324
994.886324
994.887324
994.888324
994.889324
994.890323
994.891323
994.892325
994.893324
994.894324
994.895324
994.896324
994.897324
994.898324
994.899323
994.900323
994.901325
994.902324
994.903324
994.904324
994.905324
994.906324
994.907323
994.908323
994.909323
994.910325
994.911324
994.912324
994.913324
994.914324
994.915324
994.916323
994.917323
994.918323
994.919325
994.920324
994.921324
994.922324
994.923324
994.924324
994.925323
994.926323
994.927325
994.928325
994.929324
994.930324
994.931324
994.932324
994.933324
994.934323
994.935323
994.936325
994.937325
994.938324
994.939324
994.940324
994.941324
994.942324
994.943323
994.944323
994.945325
994.946325
994.947324
994.948324
994.949324
994.950324
994.951324
994.952323
994.953323
994.954325
994.955324
994.956324
994.957324
994.958324
994.959324
994.960324
994.961323
994.962323
994.963325
994.964324
994.965324
994.966324
994.967324
994.968324
994.969323
994.970323
994.971323
994.972325
994.973324
994.974324
994.975324
994.976324
994.977324
994.978323
994.979323
994.980323
994.981325
994.982324
994.983324
994.984324
994.985324
994.986324
994.987323
994.988323
994.989325
994.990325
994.991324
994.992324
994.993324
994.994324
994.995324
994.996323
994.997323
994.998325
994.999325
995.000324
995.001324
995.002324
995.003324
995.004324
995.005323
995.006323
995.007325
995.008325
995.009324
995.010324
995.011324
995.012324
995.013324
995.014323
995.015323
995.016325
995.017324
995.018324
995.019324
995.020324
995.021324
995.022324
995.023323
995.024323
995.025325
995.026324
995.027324
995.028324
995.029324
995.030324
995.031323
995.032323
995.033323
995.034325
995.035324
995.036324
995.037324
995.038324
995.039324
995.040323
995.041323
995.042323
995.043325
995.044324
995.045324
995.046324
995.047324
995.048324
995.049323
995.050323
995.051325
995.052325
995.053324
995.054324
995.055324
995.056324
995.057324
995.058323
995.059323
995.060325
995.061325
995.062324
995.063324
995.064324
995.065324
995.066324
995.067323
995.068323
995.069325
995.070325
995.071324
995.072324
995.073324
995.074324
995.075324
995.076323
995.077323
995.078325
995.079324
995.080324
995.081324
995.082324
995.083324
995.084324
995.085323
995.086323
995.087325
995.088324
995.089324
995.090324
995.091324
995.092324
995.093323
995.094323
995.095323
995.096325
995.097324
995.098324
995.099324
995.100324
995.101324
995.102323
995.103323
995.104323
995.105325
995.106324
995.107324
995.108324
995.109324
995.110324
995.111323
995.112323
995.113325
995.114325
995.115324
995.116324
995.117324
995.118324
995.119324
995.120323
995.121323
995.122325
995.123325
995.124324
995.125324
995.126324
995.127324
995.128324
995.129323
995.130323
995.131325
995.132325
995.133324
995.134324
995.135324
995.136324
995.137324
995.138323
995.139323
995.140325
995.141324
995.142324
995.143324
995.144324
995.145324
995.146324
995.147323
995.148323
995.149325
995.150324
995.151324
995.152324
995.153324
995.154324
995.155323
995.156323
995.157323
995.158325
995.159324
995.160324
995.161324
995.162324
995.163324
995.164323
995.165323
995.166323
995.167325
995.168324
995.169324
995.170324
995.171324
995.172324
995.173323
995.174323
995.175325
995.176325
995.177324
995.178324
995.179324
995.180324
995.181324
995.182323
995.183323
995.184325
995.185325
995.186324
995.187324
995.188324
995.189324
995.190324
995.191323
995.192323
995.193325
995.194325
995.195324
995.196324
995.197324
995.198324
995.199324
995.200323
995.201323
995.202325
995.203324
995.204324
995.205324
995.206324
995.207324
995.208324
995.209323
995.210323
995.211325
995.212324
995.213324
995.214324
995.215324
995.216324
995.217323
995.218323
995.219323
995.220325
995.221324
995.222324
995.223324
995.224324
995.225324
995.226323
995.227323
995.228323
995.229325
995.230324
995.231324
995.232324
995.233324
995.234324
995.235323
995.236323
995.237325
995.238325
995.239324
995.240324
995.241324
995.242324
995.243324
995.244323
995.245323
995.246325
995.247325
995.248324
995.249324
995.250324
995.251324
995.252324
995.253323
995.254323
995.255325
995.256325
995.257324
995.258324
995.259324
995.260324
995.261324
995.262323
995.263323
995.264325
995.265324
995.266324
995.267324
995.268324
995.269324
995.270324
995.271323
995.272323
995.273325
995.274324
995.275324
995.276324
995.277324
995.278324
995.279323
995.280323
995.281323
995.282325
995.283324
995.284324
995.285324
995.286324
995.287324
995.288323
995.289323
995.290323
995.291325
995.292324
995.293324
995.294324
995.295324
995.296324
995.297323
995.298323
995.299325
995.300325
995.301324
995.302324
995.303324
995.304324
995.305324
995.306323
995.307323
995.308325
995.309325
995.310324
995.311324
995.312324
995.313324
995.314324
995.315323
995.316323
995.317325
995.318325
995.319324
995.320324
995.321324
995.322324
995.323324
995.324323
995.325323
995.326325
995.327324
995.328324
995.329324
995.330324
995.331324
995.332324
995.333323
995.334323
995.335325
995.336324
995.337324
995.338324
995.339324
995.340324
995.341323
995.342323
995.343323
995.344325
995.345324
995.346324
995.347324
995.348324
995.349324
995.350323
995.351323
995.352323
995.353325
995.354324
995.355324
995.356324
995.357324
995.358324
995.359323
995.360323
995.361325
995.362325
995.363324
995.364324
995.365324
995.366324
995.367324
995.368323
995.369323
995.370325
995.371325
995.372324
995.373324
995.374324
995.375324
995.376324
995.377323
995.378323
995.379325
995.380325
995.381324
995.382324
995.383324
995.384324
995.385324
995.386323
995.387323
995.388325
995.389324
995.390324
995.391324
995.392324
995.393324
995.394324
995.395323
995.396323
995.397325
995.398324
995.399324
995.400324
995.401324
995.402324
995.403323
995.404323
995.405323
995.406325
995.407324
995.408324
995.409324
995.410324
995.411324
995.412323
995.413323
995.414323
995.415325
995.416324
995.417324
995.418324
995.419324
995.420324
995.421323
995.422323
995.423325
995.424325
995.425324
995.426324
995.427324
995.428324
995.429324
995.430323
995.431323
995.432325
995.433325
995.434324
995.435324
995.436324
995.437324
995.438324
995.439323
995.440323
995.441325
995.442325
995.443324
995.444324
995.445324
995.446324
995.447324
995.448323
995.449323
995.450325
995.451324
995.452324
995.453324
995.454324
995.455324
995.456324
995.457323
995.458323
995.459325
995.460324
995.461324
995.462324
995.463324
995.464324
995.465323
995.466323
995.467323
995.468325
995.469324
995.470324
995.471324
995.472324
995.473324
995.474323
995.475323
995.476323
995.477325
995.478324
995.479324
995.480324
995.481324
995.482324
995.483323
995.484323
995.485325
995.486325
995.487324
995.488324
995.489324
995.490324
995.491324
995.492323
995.493323
995.494325
995.495325
995.496324
995.497324
995.498324
995.499324
995.500324
995.501323
995.502323
995.503325
995.504325
995.505324
995.506324
995.507324
995.508324
995.509324
995.510323
995.511323
995.512325
995.513324
995.514324
995.515324
995.516324
995.517324
995.518324
995.519323
995.520323
995.521325
995.522324
995.523324
995.524324
995.525324
995.526324
995.527323
995.528323
995.529323
995.530325
995.531324
995.532324
995.533324
995.534324
995.535324
995.536323
995.537323
995.538323
995.539325
995.540324
995.541324
995.542324
995.543324
995.544324
995.545323
995.546323
995.547325
995.548325
995.549324
995.550324
995.551324
995.552324
995.553324
995.554323
995.555323
995.556325
995.557325
995.558324
995.559324
995.560324
995.561324
995.562324
995.563323
995.564323
995.565325
995.566325
995.567324
995.568324
995.569324
995.570324
995.571324
995.572323
995.573323
995.574325
995.575324
995.576324
995.577324
995.578324
995.579324
995.580324
995.581323
995.582323
995.583325
995.584324
995.585324
995.586324
995.587324
995.588324
995.589323
995.590323
995.591323
995.592325
995.593324
995.594324
995.595324
995.596324
995.597324
995.598323
995.599323
995.600323
995.601325
995.602324
995.603324
995.604324
995.605324
995.606324
995.607323
995.608323
995.609325
995.610325
995.611324
995.612324
995.613324
995.614324
995.615324
995.616323
995.617323
995.618325
995.619325
995.620324
995.621324
995.622324
995.623324
995.624324
995.625323
995.626323
995.627325
995.628325
995.629324
995.630324
995.631324
995.632324
995.633324
995.634323
995.635323
995.636325
995.637324
995.638324
995.639324
995.640324
995.641324
995.642324
995.643323
995.644323
995.645325
995.646324
995.647324
995.648324
995.649324
995.650324
995.651323
995.652323
995.653323
995.654325
995.655324
995.656324
995.657324
995.658324
995.659324
995.660323
995.661323
995.662323
995.663325
995.664324
995.665324
995.666324
995.667324
995.668324
995.669323
995.670323
995.671325
995.672325
995.673324
995.674324
995.675324
995.676324
995.677324
995.678323
995.679323
995.680325
995.681325
995.682324
995.683324
995.684324
995.685324
995.686324
995.687323
995.688323
995.689325
995.690325
995.691324
995.692324
995.693324
995.694324
995.695324
995.696323
995.697323
995.698325
995.699324
995.700324
995.701324
995.702324
995.703324
995.704324
995.705323
995.706323
995.707325
995.708324
995.709324
995.710324
995.711324
995.712324
995.713323
995.714323
995.715323
995.716325
995.717324
995.718324
995.719324
995.720324
995.721324
995.722323
995.723323
995.724323
995.725325
995.726324
995.727324
995.728324
995.729324
995.730324
995.731323
995.732323
995.733325
995.734325
995.735324
995.736324
995.737324
995.738324
995.739324
995.740323
995.741323
995.742325
995.743325
995.744324
995.745324
995.746324
995.747324
995.748324
995.749323
995.750323
995.751325
995.752325
995.753324
995.754324
995.755324
995.756324
995.757324
995.758323
995.759323
995.760325
995.761324
995.762324
995.763324
995.764324
995.765324
995.766324
995.767323
995.768323
995.769325
995.770324
995.771324
995.772324
995.773324
995.774324
995.775323
995.776323
995.777323
995.778325
995.779324
995.780324
995.781324
995.782324
995.783324
995.784323
995.785323
995.786323
995.787325
995.788324
995.789324
995.790324
995.791324
995.792324
995.793323
995.794323
995.795325
995.796325
995.797324
995.798324
995.799324
995.800324
995.801324
995.802323
995.803323
995.804325
995.805325
995.806324
995.807324
995.808324
995.809324
995.810324
995.811323
995.812323
995.813325
995.814325
995.815324
995.816324
995.817324
995.818324
995.819324
995.820323
995.821323
995.822325
995.823324
995.824324
995.825324
995.826324
995.827324
995.828324
995.829323
995.830323
995.831325
995.832324
995.833324
995.834324
995.835324
995.836324
995.837323
995.838323
995.839323
995.840325
995.841324
995.842324
995.843324
995.844324
995.845324
995.846323
995.847323
995.848323
995.849325
995.850324
995.851324
995.852324
995.853324
995.854324
995.855323
995.856323
995.857325
995.858325
995.859324
995.860324
995.861324
995.862324
995.863324
995.864323
995.865323
995.866325
995.867325
995.868324
995.869324
995.870324
995.871324
995.872324
995.873323
995.874323
995.875325
995.876325
995.877324
995.878324
995.879324
995.880324
995.881324
995.882323
995.883323
995.884325
995.885324
995.886324
995.887324
995.888324
995.889324
995.890324
995.891323
995.892323
995.893325
995.894324
995.895324
995.896324
995.897324
995.898324
995.899323
995.900323
995.901323
995.902325
995.903324
995.904324
995.905324
995.906324
995.907324
995.908323
995.909323
995.910323
995.911325
995.912324
995.913324
995.914324
995.915324
995.916324
995.917323
995.918323
995.919325
995.920325
995.921324
995.922324
995.923324
995.924324
995.925324
995.926323
995.927323
995.928325
995.929325
995.930324
995.931324
995.932324
995.933324
995.934324
995.935323
995.936323
995.937325
995.938325
995.939324
995.940324
995.941324
995.942324
995.943324
995.944323
995.945323
995.946325
995.947324
995.948324
995.949324
995.950324
995.951324
995.952324
995.953323
995.954323
995.955325
995.956324
995.957324
995.958324
995.959324
995.960324
995.961323
995.962323
995.963323
995.964325
995.965324
995.966324
995.967324
995.968324
995.969324
995.970323
995.971323
995.972323
995.973325
995.974324
995.975324
995.976324
995.977324
995.978324
995.979323
995.980323
995.981325
995.982325
995.983324
995.984324
995.985324
995.986324
995.987324
995.988323
995.989323
995.990325
995.991325
995.992324
995.993324
995.994324
995.995324
995.996324
995.997323
995.998323
995.999325
996.000325
996.001324
996.002324
996.003324
996.004324
996.005324
996.006323
996.007323
996.008325
996.009324
996.010324
996.011324
996.012324
996.013324
996.014324
996.015323
996.016323
996.017325
996.018324
996.019324
996.020324
996.021324
996.022324
996.023323
996.024323
996.025323
996.026325
996.027324
996.028324
996.029324
996.030324
996.031324
996.032323
996.033323
996.034323
996.035325
996.036324
996.037324
996.038324
996.039324
996.040324
996.041323
996.042323
996.043325
996.044325
996.045324
996.046324
996.047324
996.048324
996.049324
996.050323
996.051323
996.052325
996.053325
996.054324
996.055324
996.056324
996.057324
996.058324
996.059323
996.060323
996.061325
996.062325
996.063324
996.064324
996.065324
996.066324
996.067324
996.068323
996.069323
996.070325
996.071324
996.072324
996.073324
996.074324
996.075324
996.076324
996.077323
996.078323
996.079325
996.080324
996.081324
996.082324
996.083324
996.084324
996.085323
996.086323
996.087323
996.088325
996.089324
996.090324
996.091324
996.092324
996.093324
996.094323
996.095323
996.096323
996.097325
996.098324
996.099324
996.100324
996.101324
996.102324
996.103323
996.104323
996.105325
996.106325
996.107324
996.108324
996.109324
996.110324
996.111324
996.112323
996.113323
996.114325
996.115325
996.116324
996.117324
996.118324
996.119324
996.120324
996.121323
996.122323
996.123325
996.124325
