1766.140806
1766.141805
1766.142805
1766.143805
1766.144807
1766.145806
1766.146806
1766.147806
1766.148806
1766.149806
1766.150805
1766.151805
1766.152805
1766.153807
1766.154806
1766.155806
1766.156806
1766.157806
1766.158806
1766.159805
1766.160805
1766.161805
1766.162807
1766.163806
1766.164806
1766.165806
1766.166806
1766.167806
1766.168805
1766.169805
1766.170805
1766.171807
1766.172806
1766.173806
1766.174806
1766.175806
1766.176806
1766.177805
1766.178805
1766.179805
1766.180806
1766.181806
1766.182806
1766.183806
1766.184806
1766.185806
1766.186805
1766.187805
1766.188805
1766.189806
1766.190806
1766.191806
1766.192806
1766.193806
1766.194805
1766.195805
1766.196805
1766.197807
1766.198806
1766.199806
1766.200806
1766.201806
1766.202806
1766.203805
1766.204805
1766.205805
1766.206807
1766.207806
1766.208806
1766.209806
1766.210806
1766.211806
1766.212805
1766.213805
1766.214805
1766.215807
1766.216806
1766.217806
1766.218806
1766.219806
1766.220806
1766.221805
1766.222805
1766.223805
1766.224807
1766.225806
1766.226806
1766.227806
1766.228806
1766.229806
1766.230805
1766.231805
1766.232805
1766.233807
1766.234806
1766.235806
1766.236806
1766.237806
1766.238806
1766.239805
1766.240805
1766.241805
1766.242806
1766.243806
1766.244806
1766.245806
1766.246806
1766.247806
1766.248805
1766.249805
1766.250805
1766.251806
1766.252806
1766.253806
1766.254806
1766.255806
1766.256805
1766.257805
1766.258805
1766.259807
1766.260806
1766.261806
1766.262806
1766.263806
1766.264806
1766.265805
1766.266805
1766.267805
1766.268807
1766.269806
1766.270806
1766.271806
1766.272806
1766.273806
1766.274805
1766.275805
1766.276805
1766.277807
1766.278806
1766.279806
1766.280806
1766.281806
1766.282806
1766.283805
1766.284805
1766.285805
1766.286807
1766.287806
1766.288806
1766.289806
1766.290806
1766.291806
1766.292805
1766.293805
1766.294805
1766.295807
1766.296806
1766.297806
1766.298806
1766.299806
1766.300806
1766.301805
1766.302805
1766.303805
1766.304806
1766.305806
1766.306806
1766.307806
1766.308806
1766.309805
1766.310805
1766.311805
1766.312805
1766.313806
1766.314806
1766.315806
1766.316806
1766.317806
1766.318805
1766.319805
1766.320805
1766.321807
1766.322806
1766.323806
1766.324806
1766.325806
1766.326806
1766.327805
1766.328805
1766.329805
1766.330807
1766.331806
1766.332806
1766.333806
1766.334806
1766.335806
1766.336805
1766.337805
1766.338805
1766.339807
1766.340806
1766.341806
1766.342806
1766.343806
1766.344806
1766.345805
1766.346805
1766.347805
1766.348807
1766.349806
1766.350806
1766.351806
1766.352806
1766.353806
1766.354805
1766.355805
1766.356805
1766.357807
1766.358806
1766.359806
1766.360806
1766.361806
1766.362806
1766.363805
1766.364805
1766.365805
1766.366806
1766.367806
1766.368806
1766.369806
1766.370806
1766.371806
1766.372805
1766.373805
1766.374805
1766.375806
1766.376806
1766.377806
1766.378806
1766.379806
1766.380805
1766.381805
1766.382805
1766.383807
1766.384806
1766.385806
1766.386806
1766.387806
1766.388806
1766.389805
1766.390805
1766.391805
1766.392807
1766.393806
1766.394806
1766.395806
1766.396806
1766.397806
1766.398805
1766.399805
1766.400805
1766.401807
1766.402806
1766.403806
1766.404806
1766.405806
1766.406806
1766.407805
1766.408805
1766.409805
1766.410807
1766.411806
1766.412806
1766.413806
1766.414806
1766.415806
1766.416805
1766.417805
1766.418805
1766.419807
1766.420806
1766.421806
1766.422806
1766.423806
1766.424806
1766.425805
1766.426805
1766.427805
1766.428806
1766.429806
1766.430806
1766.431806
1766.432806
1766.433806
1766.434805
1766.435805
1766.436805
1766.437806
1766.438806
1766.439806
1766.440806
1766.441806
1766.442805
1766.443805
1766.444805
1766.445807
1766.446806
1766.447806
1766.448806
1766.449806
1766.450806
1766.451805
1766.452805
1766.453805
1766.454807
1766.455806
1766.456806
1766.457806
1766.458806
1766.459806
1766.460805
1766.461805
1766.462805
1766.463807
1766.464806
1766.465806
1766.466806
1766.467806
1766.468806
1766.469805
1766.470805
1766.471805
1766.472807
1766.473806
1766.474806
1766.475806
1766.476806
1766.477806
1766.478805
1766.479805
1766.480805
1766.481807
1766.482806
1766.483806
1766.484806
1766.485806
1766.486806
1766.487805
1766.488805
1766.489805
1766.490806
1766.491806
1766.492806
1766.493806
1766.494806
1766.495806
1766.496805
1766.497805
1766.498805
1766.499806
1766.500806
1766.501806
1766.502806
1766.503806
1766.504805
1766.505805
1766.506805
1766.507807
1766.508806
1766.509806
1766.510806
1766.511806
1766.512806
1766.513805
1766.514805
1766.515805
1766.516807
1766.517806
1766.518806
1766.519806
1766.520806
1766.521806
1766.522805
1766.523805
1766.524805
1766.525807
1766.526806
1766.527806
1766.528806
1766.529806
1766.530806
1766.531805
1766.532805
1766.533805
1766.534807
1766.535806
1766.536806
1766.537806
1766.538806
1766.539806
1766.540805
1766.541805
1766.542805
1766.543806
1766.544806
1766.545806
1766.546806
1766.547806
1766.548806
1766.549805
1766.550805
1766.551805
1766.552806
1766.553806
1766.554806
1766.555806
1766.556806
1766.557805
1766.558805
1766.559805
1766.560805
1766.561806
1766.562806
1766.563806
1766.564806
1766.565806
1766.566805
1766.567805
1766.568805
1766.569807
1766.570806
1766.571806
1766.572806
1766.573806
1766.574806
1766.575805
1766.576805
1766.577805
1766.578807
1766.579806
1766.580806
1766.581806
1766.582806
1766.583806
1766.584805
1766.585805
1766.586805
1766.587807
1766.588806
1766.589806
1766.590806
1766.591806
1766.592806
1766.593805
1766.594805
1766.595805
1766.596807
1766.597806
1766.598806
1766.599806
1766.600806
1766.601806
1766.602805
1766.603805
1766.604805
1766.605806
1766.606806
1766.607806
1766.608806
1766.609806
1766.610806
1766.611805
1766.612805
1766.613805
1766.614806
1766.615806
1766.616806
1766.617806
1766.618806
1766.619806
1766.620805
1766.621805
1766.622805
1766.623806
1766.624806
1766.625806
1766.626806
1766.627806
1766.628805
1766.629805
1766.630805
1766.631807
1766.632806
1766.633806
1766.634806
1766.635806
1766.636806
1766.637805
1766.638805
1766.639805
1766.640807
1766.641806
1766.642806
1766.643806
1766.644806
1766.645806
1766.646805
1766.647805
1766.648805
1766.649807
1766.650806
1766.651806
1766.652806
1766.653806
1766.654806
1766.655805
1766.656805
1766.657805
1766.658807
1766.659806
1766.660806
1766.661806
1766.662806
1766.663806
1766.664805
1766.665805
1766.666805
1766.667807
1766.668806
1766.669806
1766.670806
1766.671806
1766.672806
1766.673805
1766.674805
1766.675805
1766.676806
1766.677806
1766.678806
1766.679806
1766.680806
1766.681806
1766.682805
1766.683805
1766.684805
1766.685806
1766.686806
1766.687806
1766.688806
1766.689806
1766.690805
1766.691805
1766.692805
1766.693807
1766.694806
1766.695806
1766.696806
1766.697806
1766.698806
1766.699805
1766.700805
1766.701805
1766.702807
1766.703806
1766.704806
1766.705806
1766.706806
1766.707806
1766.708805
1766.709805
1766.710805
1766.711807
1766.712806
1766.713806
1766.714806
1766.715806
1766.716806
1766.717805
1766.718805
1766.719805
1766.720807
1766.721806
1766.722806
1766.723806
1766.724806
1766.725806
1766.726805
1766.727805
1766.728805
1766.729806
1766.730806
1766.731806
1766.732806
1766.733806
1766.734806
1766.735805
1766.736805
1766.737805
1766.738806
1766.739806
1766.740806
1766.741806
1766.742806
1766.743806
1766.744805
1766.745805
1766.746805
1766.747806
1766.748806
1766.749806
1766.750806
1766.751806
1766.752805
1766.753805
1766.754805
1766.755807
1766.756806
1766.757806
1766.758806
1766.759806
1766.760806
1766.761805
1766.762805
1766.763805
1766.764807
1766.765806
1766.766806
1766.767806
1766.768806
1766.769806
1766.770805
1766.771805
1766.772805
1766.773807
1766.774806
1766.775806
1766.776806
1766.777806
1766.778806
1766.779805
1766.780805
1766.781805
1766.782807
1766.783806
1766.784806
1766.785806
1766.786806
1766.787806
1766.788805
1766.789805
1766.790805
1766.791807
1766.792806
1766.793806
1766.794806
1766.795806
1766.796806
1766.797805
1766.798805
1766.799805
1766.800806
1766.801806
1766.802806
1766.803806
1766.804806
1766.805806
1766.806805
1766.807805
1766.808805
1766.809806
1766.810806
1766.811806
1766.812806
1766.813806
1766.814805
1766.815805
1766.816805
1766.817807
1766.818806
1766.819806
1766.820806
1766.821806
1766.822806
1766.823805
1766.824805
1766.825805
1766.826807
1766.827806
1766.828806
1766.829806
1766.830806
1766.831806
1766.832805
1766.833805
1766.834805
1766.835807
1766.836806
1766.837806
1766.838806
1766.839806
1766.840806
1766.841805
1766.842805
1766.843805
1766.844807
1766.845806
1766.846806
1766.847806
1766.848806
1766.849806
1766.850805
1766.851805
1766.852805
1766.853806
1766.854806
1766.855806
1766.856806
1766.857806
1766.858806
1766.859805
1766.860805
1766.861805
1766.862806
1766.863806
1766.864806
1766.865806
1766.866806
1766.867806
1766.868805
1766.869805
1766.870805
1766.871806
1766.872806
1766.873806
1766.874806
1766.875806
1766.876805
1766.877805
1766.878805
1766.879807
1766.880806
1766.881806
1766.882806
1766.883806
1766.884806
1766.885805
1766.886805
1766.887805
1766.888807
1766.889806
1766.890806
1766.891806
1766.892806
1766.893806
1766.894805
1766.895805
1766.896805
1766.897807
1766.898806
1766.899806
1766.900806
1766.901806
1766.902806
1766.903805
1766.904805
1766.905805
1766.906807
1766.907806
1766.908806
1766.909806
1766.910806
1766.911806
1766.912805
1766.913805
1766.914805
1766.915807
1766.916806
1766.917806
1766.918806
1766.919806
1766.920806
1766.921805
1766.922805
1766.923805
1766.924806
1766.925806
1766.926806
1766.927806
1766.928806
1766.929806
1766.930805
1766.931805
1766.932805
1766.933806
1766.934806
1766.935806
1766.936806
1766.937806
1766.938805
1766.939805
1766.940805
1766.941807
1766.942806
1766.943806
1766.944806
1766.945806
1766.946806
1766.947805
1766.948805
1766.949805
1766.950807
1766.951806
1766.952806
1766.953806
1766.954806
1766.955806
1766.956805
1766.957805
1766.958805
1766.959807
1766.960806
1766.961806
1766.962806
1766.963806
1766.964806
1766.965805
1766.966805
1766.967805
1766.968807
1766.969806
1766.970806
1766.971806
1766.972806
1766.973806
1766.974805
1766.975805
1766.976805
1766.977807
1766.978806
1766.979806
1766.980806
1766.981806
1766.982806
1766.983805
1766.984805
1766.985805
1766.986806
1766.987806
1766.988806
1766.989806
1766.990806
1766.991806
1766.992805
1766.993805
1766.994805
1766.995806
1766.996806
1766.997806
1766.998806
1766.999806
1767.000805
1767.001805
1767.002805
1767.003807
1767.004806
1767.005806
1767.006806
1767.007806
1767.008806
1767.009805
1767.010805
1767.011805
1767.012807
1767.013806
1767.014806
1767.015806
1767.016806
1767.017806
1767.018805
1767.019805
1767.020805
1767.021807
1767.022806
1767.023806
1767.024806
1767.025806
1767.026806
1767.027805
1767.028805
1767.029805
1767.030807
1767.031806
1767.032806
1767.033806
1767.034806
1767.035806
1767.036805
1767.037805
1767.038805
1767.039807
1767.040806
1767.041806
1767.042806
1767.043806
1767.044806
1767.045805
1767.046805
1767.047805
1767.048806
1767.049806
1767.050806
1767.051806
1767.052806
1767.053806
1767.054805
1767.055805
1767.056805
1767.057806
1767.058806
1767.059806
1767.060806
1767.061806
1767.062805
1767.063805
1767.064805
1767.065807
1767.066806
1767.067806
1767.068806
1767.069806
1767.070806
1767.071805
1767.072805
1767.073805
1767.074807
1767.075806
1767.076806
1767.077806
1767.078806
1767.079806
1767.080805
1767.081805
1767.082805
1767.083807
1767.084806
1767.085806
1767.086806
1767.087806
1767.088806
1767.089805
1767.090805
1767.091805
1767.092807
1767.093806
1767.094806
1767.095806
1767.096806
1767.097806
1767.098805
1767.099805
1767.100805
1767.101806
1767.102806
1767.103806
1767.104806
1767.105806
1767.106806
1767.107805
1767.108805
1767.109805
1767.110806
1767.111806
1767.112806
1767.113806
1767.114806
1767.115806
1767.116805
1767.117805
1767.118805
1767.119806
1767.120806
1767.121806
1767.122806
1767.123806
1767.124805
1767.125805
1767.126805
1767.127807
1767.128806
1767.129806
1767.130806
1767.131806
1767.132806
1767.133805
1767.134805
1767.135805
1767.136807
1767.137806
1767.138806
1767.139806
1767.140806
1767.141806
1767.142805
1767.143805
1767.144805
1767.145807
1767.146806
1767.147806
1767.148806
1767.149806
1767.150806
1767.151805
1767.152805
1767.153805
1767.154807
1767.155806
1767.156806
1767.157806
1767.158806
1767.159806
1767.160805
1767.161805
1767.162805
1767.163806
1767.164806
1767.165806
1767.166806
1767.167806
1767.168806
1767.169805
1767.170805
1767.171805
1767.172806
1767.173806
1767.174806
1767.175806
1767.176806
1767.177806
1767.178805
1767.179805
1767.180805
1767.181806
1767.182806
1767.183806
1767.184806
1767.185806
1767.186805
1767.187805
1767.188805
1767.189807
1767.190806
1767.191806
1767.192806
1767.193806
1767.194806
1767.195805
1767.196805
1767.197805
1767.198807
1767.199806
1767.200806
1767.201806
1767.202806
1767.203806
1767.204805
1767.205805
1767.206805
1767.207807
1767.208806
1767.209806
1767.210806
1767.211806
1767.212806
1767.213805
1767.214805
1767.215805
1767.216807
1767.217806
1767.218806
1767.219806
1767.220806
1767.221806
1767.222805
1767.223805
1767.224805
1767.225807
1767.226806
1767.227806
1767.228806
1767.229806
1767.230806
1767.231805
1767.232805
1767.233805
1767.234806
1767.235806
1767.236806
1767.237806
1767.238806
1767.239806
1767.240805
1767.241805
1767.242805
1767.243806
1767.244806
1767.245806
1767.246806
1767.247806
1767.248805
1767.249805
1767.250805
1767.251807
1767.252806
1767.253806
1767.254806
1767.255806
1767.256806
1767.257805
1767.258805
1767.259805
1767.260807
1767.261806
1767.262806
1767.263806
1767.264806
1767.265806
1767.266805
1767.267805
1767.268805
1767.269807
1767.270806
1767.271806
1767.272806
1767.273806
1767.274806
1767.275805
1767.276805
1767.277805
1767.278807
1767.279806
1767.280806
1767.281806
1767.282806
1767.283806
1767.284805
1767.285805
1767.286805
1767.287806
1767.288806
1767.289806
1767.290806
1767.291806
1767.292806
1767.293805
1767.294805
1767.295805
1767.296806
1767.297806
1767.298806
1767.299806
1767.300806
1767.301806
1767.302805
1767.303805
1767.304805
1767.305806
1767.306806
1767.307806
1767.308806
1767.309806
1767.310805
1767.311805
1767.312805
1767.313807
1767.314806
1767.315806
1767.316806
1767.317806
1767.318806
1767.319805
1767.320805
1767.321805
1767.322807
1767.323806
1767.324806
1767.325806
1767.326806
1767.327806
1767.328805
1767.329805
1767.330805
1767.331807
1767.332806
1767.333806
1767.334806
1767.335806
1767.336806
1767.337805
1767.338805
1767.339805
1767.340807
1767.341806
1767.342806
1767.343806
1767.344806
1767.345806
1767.346805
1767.347805
1767.348805
1767.349807
1767.350806
1767.351806
1767.352806
1767.353806
1767.354806
1767.355805
1767.356805
1767.357805
1767.358806
1767.359806
1767.360806
1767.361806
1767.362806
1767.363806
1767.364805
1767.365805
1767.366805
1767.367806
1767.368806
1767.369806
1767.370806
1767.371806
1767.372805
1767.373805
1767.374805
1767.375807
1767.376806
1767.377806
1767.378806
1767.379806
1767.380806
1767.381805
1767.382805
1767.383805
1767.384807
1767.385806
1767.386806
1767.387806
1767.388806
1767.389806
1767.390805
1767.391805
1767.392805
1767.393807
1767.394806
1767.395806
1767.396806
1767.397806
1767.398806
1767.399805
1767.400805
1767.401805
1767.402807
1767.403806
1767.404806
1767.405806
1767.406806
1767.407806
1767.408805
1767.409805
1767.410805
1767.411806
1767.412806
1767.413806
1767.414806
1767.415806
1767.416806
1767.417805
1767.418805
1767.419805
1767.420806
1767.421806
1767.422806
1767.423806
1767.424806
1767.425806
1767.426805
1767.427805
1767.428805
1767.429806
1767.430806
1767.431806
1767.432806
1767.433806
1767.434805
1767.435805
1767.436805
1767.437807
1767.438806
1767.439806
1767.440806
1767.441806
1767.442806
1767.443805
1767.444805
1767.445805
1767.446807
1767.447806
1767.448806
1767.449806
1767.450806
1767.451806
1767.452805
1767.453805
1767.454805
1767.455807
1767.456806
1767.457806
1767.458806
1767.459806
1767.460806
1767.461805
1767.462805
1767.463805
1767.464807
1767.465806
1767.466806
1767.467806
1767.468806
1767.469806
1767.470805
1767.471805
1767.472805
1767.473806
1767.474806
1767.475806
1767.476806
1767.477806
1767.478806
1767.479805
1767.480805
1767.481805
1767.482806
1767.483806
1767.484806
1767.485806
1767.486806
1767.487806
1767.488805
1767.489805
1767.490805
1767.491806
1767.492806
1767.493806
1767.494806
1767.495806
1767.496805
1767.497805
1767.498805
1767.499807
1767.500806
1767.501806
1767.502806
1767.503806
1767.504806
1767.505805
1767.506805
1767.507805
1767.508807
1767.509806
1767.510806
1767.511806
1767.512806
1767.513806
1767.514805
1767.515805
1767.516805
1767.517807
1767.518806
1767.519806
1767.520806
1767.521806
1767.522806
1767.523805
1767.524805
1767.525805
1767.526807
1767.527806
1767.528806
1767.529806
1767.530806
1767.531806
1767.532805
1767.533805
1767.534805
1767.535806
1767.536806
1767.537806
1767.538806
1767.539806
1767.540806
1767.541805
1767.542805
1767.543805
1767.544806
1767.545806
1767.546806
1767.547806
1767.548806
1767.549806
1767.550805
1767.551805
1767.552805
1767.553806
1767.554806
1767.555806
1767.556806
1767.557806
1767.558805
1767.559805
1767.560805
1767.561807
1767.562806
1767.563806
1767.564806
1767.565806
1767.566806
1767.567805
1767.568805
1767.569805
1767.570807
1767.571806
1767.572806
1767.573806
1767.574806
1767.575806
1767.576805
1767.577805
1767.578805
1767.579807
1767.580806
1767.581806
1767.582806
1767.583806
1767.584806
1767.585805
1767.586805
1767.587805
1767.588807
1767.589806
1767.590806
1767.591806
1767.592806
1767.593806
1767.594805
1767.595805
1767.596805
1767.597806
1767.598806
1767.599806
1767.600806
1767.601806
1767.602806
1767.603805
1767.604805
1767.605805
1767.606806
1767.607806
1767.608806
1767.609806
1767.610806
1767.611806
1767.612805
1767.613805
1767.614805
1767.615806
1767.616806
1767.617806
1767.618806
1767.619806
1767.620805
1767.621805
1767.622805
1767.623807
1767.624806
1767.625806
1767.626806
1767.627806
1767.628806
1767.629805
1767.630805
1767.631805
1767.632807
1767.633806
1767.634806
1767.635806
1767.636806
1767.637806
1767.638805
1767.639805
1767.640805
1767.641807
1767.642806
1767.643806
1767.644806
1767.645806
1767.646806
1767.647805
1767.648805
1767.649805
1767.650807
1767.651806
1767.652806
1767.653806
1767.654806
1767.655806
1767.656805
1767.657805
1767.658805
1767.659807
1767.660806
1767.661806
1767.662806
1767.663806
1767.664806
1767.665805
1767.666805
1767.667805
1767.668806
1767.669806
1767.670806
1767.671806
1767.672806
1767.673806
1767.674805
1767.675805
1767.676805
1767.677806
1767.678806
1767.679806
1767.680806
1767.681806
1767.682805
1767.683805
1767.684805
1767.685807
1767.686806
1767.687806
1767.688806
1767.689806
1767.690806
1767.691805
1767.692805
1767.693805
1767.694807
1767.695806
1767.696806
1767.697806
1767.698806
1767.699806
1767.700805
1767.701805
1767.702805
1767.703807
1767.704806
1767.705806
1767.706806
1767.707806
1767.708806
1767.709805
1767.710805
1767.711805
1767.712807
1767.713806
1767.714806
1767.715806
1767.716806
1767.717806
1767.718805
1767.719805
1767.720805
1767.721807
1767.722806
1767.723806
1767.724806
1767.725806
1767.726806
1767.727805
1767.728805
1767.729805
1767.730806
1767.731806
1767.732806
1767.733806
1767.734806
1767.735806
1767.736805
1767.737805
1767.738805
1767.739806
1767.740806
1767.741806
1767.742806
1767.743806
1767.744805
1767.745805
1767.746805
1767.747807
1767.748806
1767.749806
1767.750806
1767.751806
1767.752806
1767.753805
1767.754805
1767.755805
1767.756807
1767.757806
1767.758806
1767.759806
1767.760806
1767.761806
1767.762805
1767.763805
1767.764805
1767.765807
1767.766806
1767.767806
1767.768806
1767.769806
1767.770806
1767.771805
1767.772805
1767.773805
1767.774807
1767.775806
1767.776806
1767.777806
1767.778806
1767.779806
1767.780805
1767.781805
1767.782805
1767.783807
1767.784806
1767.785806
1767.786806
1767.787806
1767.788806
1767.789805
1767.790805
1767.791805
1767.792806
1767.793806
1767.794806
1767.795806
1767.796806
1767.797806
1767.798805
1767.799805
1767.800805
1767.801806
1767.802806
1767.803806
1767.804806
1767.805806
1767.806805
1767.807805
1767.808805
1767.809807
1767.810806
1767.811806
1767.812806
1767.813806
1767.814806
1767.815805
1767.816805
1767.817805
1767.818807
1767.819806
1767.820806
1767.821806
1767.822806
1767.823806
1767.824805
1767.825805
1767.826805
1767.827807
1767.828806
1767.829806
1767.830806
1767.831806
1767.832806
1767.833805
1767.834805
1767.835805
1767.836807
1767.837806
1767.838806
1767.839806
1767.840806
1767.841806
1767.842805
1767.843805
1767.844805
1767.845807
1767.846806
1767.847806
1767.848806
1767.849806
1767.850806
1767.851805
1767.852805
1767.853805
1767.854806
1767.855806
1767.856806
1767.857806
1767.858806
1767.859806
1767.860805
1767.861805
1767.862805
1767.863806
1767.864806
1767.865806
1767.866806
1767.867806
1767.868805
1767.869805
1767.870805
1767.871807
1767.872806
1767.873806
1767.874806
1767.875806
1767.876806
1767.877805
1767.878805
1767.879805
1767.880807
1767.881806
1767.882806
1767.883806
1767.884806
1767.885806
1767.886805
1767.887805
1767.888805
1767.889807
1767.890806
1767.891806
1767.892806
1767.893806
1767.894806
1767.895805
1767.896805
1767.897805
1767.898807
1767.899806
1767.900806
1767.901806
1767.902806
1767.903806
1767.904805
1767.905805
1767.906805
1767.907807
1767.908806
1767.909806
1767.910806
1767.911806
1767.912806
1767.913805
1767.914805
1767.915805
1767.916806
1767.917806
1767.918806
1767.919806
1767.920806
1767.921806
1767.922805
1767.923805
1767.924805
1767.925806
1767.926806
1767.927806
1767.928806
1767.929806
1767.930805
1767.931805
1767.932805
1767.933807
1767.934806
1767.935806
1767.936806
1767.937806
1767.938806
1767.939805
1767.940805
1767.941805
1767.942807
1767.943806
1767.944806
1767.945806
1767.946806
1767.947806
1767.948805
1767.949805
1767.950805
1767.951807
1767.952806
1767.953806
1767.954806
1767.955806
1767.956806
1767.957805
1767.958805
1767.959805
1767.960807
1767.961806
1767.962806
1767.963806
1767.964806
1767.965806
1767.966805
1767.967805
1767.968805
1767.969806
1767.970806
1767.971806
1767.972806
1767.973806
1767.974806
1767.975805
1767.976805
1767.977805
1767.978806
1767.979806
1767.980806
1767.981806
1767.982806
1767.983806
1767.984805
1767.985805
1767.986805
1767.987806
1767.988806
1767.989806
1767.990806
1767.991806
1767.992805
1767.993805
1767.994805
1767.995807
1767.996806
1767.997806
1767.998806
1767.999806
1768.000806
1768.001805
1768.002805
1768.003805
1768.004807
1768.005806
1768.006806
1768.007806
1768.008806
1768.009806
1768.010805
1768.011805
1768.012805
1768.013807
1768.014806
1768.015806
1768.016806
1768.017806
1768.018806
1768.019805
1768.020805
1768.021805
1768.022807
1768.023806
1768.024806
1768.025806
1768.026806
1768.027806
1768.028805
1768.029805
1768.030805
1768.031806
1768.032806
1768.033806
1768.034806
1768.035806
1768.036806
1768.037805
1768.038805
1768.039805
1768.040806
1768.041806
1768.042806
1768.043806
1768.044806
1768.045806
1768.046805
1768.047805
1768.048805
1768.049806
1768.050806
1768.051806
1768.052806
1768.053806
1768.054805
1768.055805
1768.056805
1768.057807
1768.058806
1768.059806
1768.060806
1768.061806
1768.062806
1768.063805
1768.064805
1768.065805
1768.066807
1768.067806
1768.068806
1768.069806
1768.070806
1768.071806
1768.072805
1768.073805
1768.074805
1768.075807
1768.076806
1768.077806
1768.078806
1768.079806
1768.080806
1768.081805
1768.082805
1768.083805
1768.084807
1768.085806
1768.086806
1768.087806
1768.088806
1768.089806
1768.090805
1768.091805
1768.092805
1768.093807
1768.094806
1768.095806
1768.096806
1768.097806
1768.098806
1768.099805
1768.100805
1768.101805
1768.102806
1768.103806
1768.104806
1768.105806
1768.106806
1768.107806
1768.108805
1768.109805
1768.110805
1768.111806
1768.112806
1768.113806
1768.114806
1768.115806
1768.116805
1768.117805
1768.118805
1768.119807
1768.120806
1768.121806
1768.122806
1768.123806
1768.124806
1768.125805
1768.126805
1768.127805
1768.128807
1768.129806
1768.130806
1768.131806
1768.132806
1768.133806
1768.134805
1768.135805
1768.136805
1768.137807
1768.138806
1768.139806
1768.140806
1768.141806
1768.142806
1768.143805
1768.144805
1768.145805
1768.146807
1768.147806
1768.148806
1768.149806
1768.150806
1768.151806
1768.152805
1768.153805
1768.154805
1768.155806
1768.156806
1768.157806
1768.158806
1768.159806
1768.160806
1768.161805
1768.162805
1768.163805
1768.164806
1768.165806
1768.166806
1768.167806
1768.168806
1768.169805
1768.170805
1768.171805
1768.172805
1768.173806
1768.174806
1768.175806
1768.176806
1768.177806
1768.178805
1768.179805
1768.180805
1768.181807
1768.182806
1768.183806
1768.184806
1768.185806
1768.186806
1768.187805
1768.188805
1768.189805
1768.190807
1768.191806
1768.192806
1768.193806
1768.194806
1768.195806
1768.196805
1768.197805
1768.198805
1768.199807
1768.200806
1768.201806
1768.202806
1768.203806
1768.204806
1768.205805
1768.206805
1768.207805
1768.208807
1768.209806
1768.210806
1768.211806
1768.212806
1768.213806
1768.214805
1768.215805
1768.216805
1768.217806
1768.218806
1768.219806
1768.220806
1768.221806
1768.222806
1768.223805
1768.224805
1768.225805
1768.226806
1768.227806
1768.228806
1768.229806
1768.230806
1768.231805
1768.232805
1768.233805
1768.234805
1768.235806
1768.236806
1768.237806
1768.238806
1768.239806
1768.240805
1768.241805
1768.242805
1768.243807
1768.244806
1768.245806
1768.246806
1768.247806
1768.248806
1768.249805
1768.250805
1768.251805
1768.252807
1768.253806
1768.254806
1768.255806
1768.256806
1768.257806
1768.258805
1768.259805
1768.260805
1768.261807
1768.262806
1768.263806
1768.264806
1768.265806
1768.266806
1768.267805
1768.268805
1768.269805
1768.270807
1768.271806
1768.272806
1768.273806
1768.274806
1768.275806
1768.276805
1768.277805
1768.278805
1768.279807
1768.280806
1768.281806
1768.282806
1768.283806
1768.284806
1768.285805
1768.286805
1768.287805
1768.288806
1768.289806
1768.290806
1768.291806
1768.292806
1768.293805
1768.294805
1768.295805
1768.296805
1768.297806
1768.298806
1768.299806
1768.300806
1768.301806
1768.302805
1768.303805
1768.304805
1768.305807
1768.306806
1768.307806
1768.308806
1768.309806
1768.310806
1768.311805
1768.312805
1768.313805
1768.314807
1768.315806
1768.316806
1768.317806
1768.318806
1768.319806
1768.320805
1768.321805
1768.322805
1768.323807
1768.324806
1768.325806
1768.326806
1768.327806
1768.328806
1768.329805
1768.330805
1768.331805
1768.332807
1768.333806
1768.334806
1768.335806
1768.336806
1768.337806
1768.338805
1768.339805
1768.340805
1768.341807
1768.342806
1768.343806
1768.344806
1768.345806
1768.346806
1768.347805
1768.348805
1768.349805
1768.350806
1768.351806
1768.352806
1768.353806
1768.354806
1768.355806
1768.356805
1768.357805
1768.358805
1768.359806
1768.360806
1768.361806
1768.362806
1768.363806
1768.364805
1768.365805
1768.366805
1768.367807
1768.368806
1768.369806
1768.370806
1768.371806
1768.372806
1768.373805
1768.374805
1768.375805
1768.376807
1768.377806
1768.378806
1768.379806
1768.380806
1768.381806
1768.382805
1768.383805
1768.384805
1768.385807
1768.386806
1768.387806
1768.388806
1768.389806
1768.390806
1768.391805
1768.392805
1768.393805
1768.394807
1768.395806
1768.396806
1768.397806
1768.398806
1768.399806
1768.400805
1768.401805
1768.402805
1768.403807
1768.404806
1768.405806
1768.406806
1768.407806
1768.408806
1768.409805
1768.410805
1768.411805
1768.412806
1768.413806
1768.414806
1768.415806
1768.416806
1768.417806
1768.418805
1768.419805
1768.420805
1768.421806
1768.422806
1768.423806
1768.424806
1768.425806
1768.426805
1768.427805
1768.428805
1768.429807
1768.430806
1768.431806
1768.432806
1768.433806
1768.434806
1768.435805
1768.436805
1768.437805
1768.438807
1768.439806
1768.440806
1768.441806
1768.442806
1768.443806
1768.444805
1768.445805
1768.446805
1768.447807
1768.448806
1768.449806
1768.450806
1768.451806
1768.452806
1768.453805
1768.454805
1768.455805
1768.456807
1768.457806
1768.458806
1768.459806
1768.460806
1768.461806
1768.462805
1768.463805
1768.464805
1768.465807
1768.466806
1768.467806
1768.468806
1768.469806
1768.470806
1768.471805
1768.472805
1768.473805
1768.474806
1768.475806
1768.476806
1768.477806
1768.478806
1768.479806
1768.480805
1768.481805
1768.482805
1768.483806
1768.484806
1768.485806
1768.486806
1768.487806
1768.488805
1768.489805
1768.490805
1768.491807
1768.492806
1768.493806
1768.494806
1768.495806
1768.496806
1768.497805
1768.498805
1768.499805
1768.500807
1768.501806
1768.502806
1768.503806
1768.504806
1768.505806
1768.506805
1768.507805
1768.508805
1768.509807
1768.510806
1768.511806
1768.512806
1768.513806
1768.514806
1768.515805
1768.516805
1768.517805
1768.518807
1768.519806
1768.520806
1768.521806
1768.522806
1768.523806
1768.524805
1768.525805
1768.526805
1768.527807
1768.528806
1768.529806
1768.530806
1768.531806
1768.532806
1768.533805
1768.534805
1768.535805
1768.536806
1768.537806
1768.538806
1768.539806
1768.540806
1768.541806
1768.542805
1768.543805
1768.544805
1768.545806
1768.546806
1768.547806
1768.548806
1768.549806
1768.550805
1768.551805
1768.552805
1768.553807
1768.554806
1768.555806
1768.556806
1768.557806
1768.558806
1768.559805
1768.560805
1768.561805
1768.562807
1768.563806
1768.564806
1768.565806
1768.566806
1768.567806
1768.568805
1768.569805
1768.570805
1768.571807
1768.572806
1768.573806
1768.574806
1768.575806
1768.576806
1768.577805
1768.578805
1768.579805
1768.580807
1768.581806
1768.582806
1768.583806
1768.584806
1768.585806
1768.586805
1768.587805
1768.588805
1768.589806
1768.590806
1768.591806
1768.592806
1768.593806
1768.594806
1768.595805
1768.596805
1768.597805
1768.598806
1768.599806
1768.600806
1768.601806
1768.602806
1768.603806
1768.604805
1768.605805
1768.606805
1768.607806
1768.608806
1768.609806
1768.610806
1768.611806
1768.612805
1768.613805
1768.614805
1768.615807
1768.616806
1768.617806
1768.618806
1768.619806
1768.620806
1768.621805
1768.622805
1768.623805
1768.624807
1768.625806
1768.626806
1768.627806
1768.628806
1768.629806
1768.630805
1768.631805
1768.632805
1768.633807
1768.634806
1768.635806
1768.636806
1768.637806
1768.638806
1768.639805
1768.640805
1768.641805
1768.642807
1768.643806
1768.644806
1768.645806
1768.646806
1768.647806
1768.648805
1768.649805
1768.650805
1768.651806
1768.652806
1768.653806
1768.654806
1768.655806
1768.656806
1768.657805
1768.658805
1768.659805
1768.660806
1768.661806
1768.662806
1768.663806
1768.664806
1768.665806
1768.666805
1768.667805
1768.668805
1768.669806
1768.670806
1768.671806
1768.672806
1768.673806
1768.674805
1768.675805
1768.676805
1768.677807
1768.678806
1768.679806
1768.680806
1768.681806
1768.682806
1768.683805
1768.684805
1768.685805
1768.686807
1768.687806
1768.688806
1768.689806
1768.690806
1768.691806
1768.692805
1768.693805
1768.694805
1768.695807
1768.696806
1768.697806
1768.698806
1768.699806
1768.700806
1768.701805
1768.702805
1768.703805
1768.704807
1768.705806
1768.706806
1768.707806
1768.708806
1768.709806
1768.710805
1768.711805
1768.712805
1768.713807
1768.714806
1768.715806
1768.716806
1768.717806
1768.718806
1768.719805
1768.720805
1768.721805
1768.722806
1768.723806
1768.724806
1768.725806
1768.726806
1768.727806
1768.728805
1768.729805
1768.730805
1768.731806
1768.732806
1768.733806
1768.734806
1768.735806
1768.736805
1768.737805
1768.738805
1768.739807
1768.740806
1768.741806
1768.742806
1768.743806
1768.744806
1768.745805
1768.746805
1768.747805
1768.748807
1768.749806
1768.750806
1768.751806
1768.752806
1768.753806
1768.754805
1768.755805
1768.756805
1768.757807
1768.758806
1768.759806
1768.760806
1768.761806
1768.762806
1768.763805
1768.764805
1768.765805
1768.766807
1768.767806
1768.768806
1768.769806
1768.770806
1768.771806
1768.772805
1768.773805
1768.774805
1768.775807
1768.776806
1768.777806
1768.778806
1768.779806
1768.780806
1768.781805
1768.782805
1768.783805
1768.784806
1768.785806
1768.786806
1768.787806
1768.788806
1768.789806
1768.790805
1768.791805
1768.792805
1768.793806
1768.794806
1768.795806
1768.796806
1768.797806
1768.798805
1768.799805
1768.800805
1768.801807
1768.802806
1768.803806
1768.804806
1768.805806
1768.806806
1768.807805
1768.808805
1768.809805
1768.810807
1768.811806
1768.812806
1768.813806
1768.814806
1768.815806
1768.816805
1768.817805
1768.818805
1768.819807
1768.820806
1768.821806
1768.822806
1768.823806
1768.824806
1768.825805
1768.826805
1768.827805
1768.828807
1768.829806
1768.830806
1768.831806
1768.832806
1768.833806
1768.834805
1768.835805
1768.836805
1768.837806
1768.838806
1768.839806
1768.840806
1768.841806
1768.842806
1768.843805
1768.844805
1768.845805
1768.846806
1768.847806
1768.848806
1768.849806
1768.850806
1768.851806
1768.852805
1768.853805
1768.854805
1768.855806
1768.856806
1768.857806
1768.858806
1768.859806
1768.860805
1768.861805
1768.862805
1768.863807
1768.864806
1768.865806
1768.866806
1768.867806
1768.868806
1768.869805
1768.870805
1768.871805
1768.872807
1768.873806
1768.874806
1768.875806
1768.876806
1768.877806
1768.878805
1768.879805
1768.880805
1768.881807
1768.882806
1768.883806
1768.884806
1768.885806
1768.886806
1768.887805
1768.888805
1768.889805
1768.890807
1768.891806
1768.892806
1768.893806
1768.894806
1768.895806
1768.896805
1768.897805
1768.898805
1768.899807
1768.900806
1768.901806
1768.902806
1768.903806
1768.904806
1768.905805
1768.906805
1768.907805
1768.908806
1768.909806
1768.910806
1768.911806
1768.912806
1768.913806
1768.914805
1768.915805
1768.916805
1768.917806
1768.918806
1768.919806
1768.920806
1768.921806
1768.922805
1768.923805
1768.924805
1768.925807
1768.926806
1768.927806
1768.928806
1768.929806
1768.930806
1768.931805
1768.932805
1768.933805
1768.934807
1768.935806
1768.936806
1768.937806
1768.938806
1768.939806
1768.940805
1768.941805
1768.942805
1768.943807
1768.944806
1768.945806
1768.946806
1768.947806
1768.948806
1768.949805
1768.950805
1768.951805
1768.952807
1768.953806
1768.954806
1768.955806
1768.956806
1768.957806
1768.958805
1768.959805
1768.960805
1768.961806
1768.962806
1768.963806
1768.964806
1768.965806
1768.966806
1768.967805
1768.968805
1768.969805
1768.970806
1768.971806
1768.972806
1768.973806
1768.974806
1768.975806
1768.976805
1768.977805
1768.978805
1768.979806
1768.980806
1768.981806
1768.982806
1768.983806
1768.984805
1768.985805
1768.986805
1768.987807
1768.988806
1768.989806
1768.990806
1768.991806
1768.992806
1768.993805
1768.994805
1768.995805
1768.996807
1768.997806
1768.998806
1768.999806
1769.000806
1769.001806
1769.002805
1769.003805
1769.004805
1769.005807
1769.006806
1769.007806
1769.008806
1769.009806
1769.010806
1769.011805
1769.012805
1769.013805
1769.014807
1769.015806
1769.016806
1769.017806
1769.018806
1769.019806
1769.020805
1769.021805
1769.022805
1769.023806
1769.024806
1769.025806
1769.026806
1769.027806
1769.028806
1769.029805
1769.030805
1769.031805
1769.032806
1769.033806
1769.034806
1769.035806
1769.036806
1769.037806
1769.038805
1769.039805
1769.040805
1769.041806
1769.042806
1769.043806
1769.044806
1769.045806
1769.046805
1769.047805
1769.048805
1769.049807
1769.050806
1769.051806
1769.052806
1769.053806
1769.054806
1769.055805
1769.056805
1769.057805
1769.058807
1769.059806
1769.060806
1769.061806
1769.062806
1769.063806
1769.064805
1769.065805
1769.066805
1769.067807
1769.068806
1769.069806
1769.070806
1769.071806
1769.072806
1769.073805
1769.074805
1769.075805
1769.076807
1769.077806
1769.078806
1769.079806
1769.080806
1769.081806
1769.082805
1769.083805
1769.084805
1769.085806
1769.086806
1769.087806
1769.088806
1769.089806
1769.090806
1769.091805
1769.092805
1769.093805
1769.094806
1769.095806
1769.096806
1769.097806
1769.098806
1769.099806
1769.100805
1769.101805
1769.102805
1769.103806
1769.104806
1769.105806
1769.106806
1769.107806
1769.108805
1769.109805
1769.110805
1769.111807
1769.112806
1769.113806
1769.114806
1769.115806
1769.116806
1769.117805
1769.118805
1769.119805
1769.120807
1769.121806
1769.122806
1769.123806
1769.124806
1769.125806
1769.126805
1769.127805
1769.128805
1769.129807
1769.130806
1769.131806
1769.132806
1769.133806
1769.134806
1769.135805
1769.136805
1769.137805
1769.138807
1769.139806
1769.140806
1769.141806
1769.142806
1769.143806
1769.144805
1769.145805
1769.146805
1769.147807
1769.148806
1769.149806
1769.150806
1769.151806
1769.152806
1769.153805
1769.154805
1769.155805
1769.156806
1769.157806
1769.158806
1769.159806
1769.160806
1769.161806
1769.162805
1769.163805
1769.164805
1769.165806
1769.166806
1769.167806
1769.168806
1769.169806
1769.170805
1769.171805
1769.172805
1769.173807
1769.174806
1769.175806
1769.176806
1769.177806
1769.178806
1769.179805
1769.180805
1769.181805
1769.182807
1769.183806
1769.184806
1769.185806
1769.186806
1769.187806
1769.188805
1769.189805
1769.190805
1769.191807
1769.192806
1769.193806
1769.194806
1769.195806
1769.196806
1769.197805
1769.198805
1769.199805
1769.200807
1769.201806
1769.202806
1769.203806
1769.204806
1769.205806
1769.206805
1769.207805
1769.208805
1769.209807
1769.210806
1769.211806
1769.212806
1769.213806
1769.214806
1769.215805
1769.216805
1769.217805
1769.218806
1769.219806
1769.220806
1769.221806
1769.222806
1769.223806
1769.224805
1769.225805
1769.226805
1769.227806
1769.228806
1769.229806
1769.230806
1769.231806
1769.232805
1769.233805
1769.234805
1769.235807
1769.236806
1769.237806
1769.238806
1769.239806
1769.240806
1769.241805
1769.242805
1769.243805
1769.244807
1769.245806
1769.246806
1769.247806
1769.248806
1769.249806
1769.250805
1769.251805
1769.252805
1769.253807
1769.254806
1769.255806
1769.256806
1769.257806
1769.258806
1769.259805
1769.260805
1769.261805
1769.262807
1769.263806
1769.264806
1769.265806
1769.266806
1769.267806
1769.268805
1769.269805
1769.270805
1769.271806
1769.272806
1769.273806
1769.274806
1769.275806
1769.276806
1769.277805
1769.278805
1769.279805
1769.280806
1769.281806
1769.282806
1769.283806
1769.284806
1769.285806
1769.286805
1769.287805
1769.288805
1769.289806
1769.290806
1769.291806
1769.292806
1769.293806
1769.294805
1769.295805
1769.296805
1769.297807
1769.298806
1769.299806
1769.300806
1769.301806
1769.302806
1769.303805
1769.304805
1769.305805
1769.306807
1769.307806
1769.308806
1769.309806
1769.310806
1769.311806
1769.312805
1769.313805
1769.314805
1769.315807
1769.316806
1769.317806
1769.318806
1769.319806
1769.320806
1769.321805
1769.322805
1769.323805
1769.324807
1769.325806
1769.326806
1769.327806
1769.328806
1769.329806
1769.330805
1769.331805
1769.332805
1769.333807
1769.334806
1769.335806
1769.336806
1769.337806
1769.338806
1769.339805
1769.340805
1769.341805
1769.342806
1769.343806
1769.344806
1769.345806
1769.346806
1769.347805
1769.348805
1769.349805
1769.350805
1769.351806
1769.352806
1769.353806
1769.354806
1769.355806
1769.356805
1769.357805
1769.358805
1769.359807
1769.360806
1769.361806
1769.362806
1769.363806
1769.364806
1769.365805
1769.366805
1769.367805
1769.368807
1769.369806
1769.370806
1769.371806
1769.372806
1769.373806
1769.374805
1769.375805
1769.376805
1769.377807
1769.378806
1769.379806
1769.380806
1769.381806
1769.382806
1769.383805
1769.384805
1769.385805
1769.386807
1769.387806
1769.388806
1769.389806
1769.390806
1769.391806
1769.392805
1769.393805
1769.394805
1769.395807
1769.396806
1769.397806
1769.398806
1769.399806
1769.400806
1769.401805
1769.402805
1769.403805
1769.404806
1769.405806
1769.406806
1769.407806
1769.408806
1769.409805
1769.410805
1769.411805
1769.412805
1769.413806
1769.414806
1769.415806
1769.416806
1769.417806
1769.418805
1769.419805
1769.420805
1769.421807
1769.422806
1769.423806
1769.424806
1769.425806
1769.426806
1769.427805
1769.428805
1769.429805
1769.430807
1769.431806
1769.432806
1769.433806
1769.434806
1769.435806
1769.436805
1769.437805
1769.438805
1769.439807
1769.440806
1769.441806
1769.442806
1769.443806
1769.444806
1769.445805
1769.446805
1769.447805
1769.448807
1769.449806
1769.450806
1769.451806
1769.452806
1769.453806
1769.454805
1769.455805
1769.456805
1769.457806
1769.458806
1769.459806
1769.460806
1769.461806
1769.462806
1769.463805
1769.464805
1769.465805
1769.466806
1769.467806
1769.468806
1769.469806
1769.470806
1769.471806
1769.472805
1769.473805
1769.474805
1769.475806
1769.476806
1769.477806
1769.478806
1769.479806
1769.480805
1769.481805
1769.482805
1769.483807
1769.484806
1769.485806
1769.486806
1769.487806
1769.488806
1769.489805
1769.490805
1769.491805
1769.492807
1769.493806
1769.494806
1769.495806
1769.496806
1769.497806
1769.498805
1769.499805
1769.500805
1769.501807
1769.502806
1769.503806
1769.504806
1769.505806
1769.506806
1769.507805
1769.508805
1769.509805
1769.510807
1769.511806
1769.512806
1769.513806
1769.514806
1769.515806
1769.516805
1769.517805
1769.518805
1769.519807
1769.520806
1769.521806
1769.522806
1769.523806
1769.524806
1769.525805
1769.526805
1769.527805
1769.528806
1769.529806
1769.530806
1769.531806
1769.532806
1769.533806
1769.534805
1769.535805
1769.536805
1769.537806
1769.538806
1769.539806
1769.540806
1769.541806
1769.542805
1769.543805
1769.544805
1769.545807
1769.546806
1769.547806
1769.548806
1769.549806
1769.550806
1769.551805
1769.552805
1769.553805
1769.554807
1769.555806
1769.556806
1769.557806
1769.558806
1769.559806
1769.560805
1769.561805
1769.562805
1769.563807
1769.564806
1769.565806
1769.566806
1769.567806
1769.568806
1769.569805
1769.570805
1769.571805
1769.572807
1769.573806
1769.574806
1769.575806
1769.576806
1769.577806
1769.578805
1769.579805
1769.580805
1769.581807
1769.582806
1769.583806
1769.584806
1769.585806
1769.586806
1769.587805
1769.588805
1769.589805
1769.590806
1769.591806
1769.592806
1769.593806
1769.594806
1769.595806
1769.596805
1769.597805
1769.598805
1769.599806
1769.600806
1769.601806
1769.602806
1769.603806
1769.604805
1769.605805
1769.606805
1769.607807
1769.608806
1769.609806
1769.610806
1769.611806
1769.612806
1769.613805
1769.614805
1769.615805
1769.616807
1769.617806
1769.618806
1769.619806
1769.620806
1769.621806
1769.622805
1769.623805
1769.624805
1769.625807
1769.626806
1769.627806
1769.628806
1769.629806
1769.630806
1769.631805
1769.632805
1769.633805
1769.634807
1769.635806
1769.636806
1769.637806
1769.638806
1769.639806
1769.640805
1769.641805
1769.642805
1769.643806
1769.644806
1769.645806
1769.646806
1769.647806
1769.648806
1769.649805
1769.650805
1769.651805
1769.652806
1769.653806
1769.654806
1769.655806
1769.656806
1769.657806
1769.658805
1769.659805
1769.660805
1769.661806
1769.662806
1769.663806
1769.664806
1769.665806
1769.666805
1769.667805
1769.668805
1769.669807
1769.670806
1769.671806
1769.672806
1769.673806
1769.674806
1769.675805
1769.676805
1769.677805
1769.678807
1769.679806
1769.680806
1769.681806
1769.682806
1769.683806
1769.684805
1769.685805
1769.686805
1769.687807
1769.688806
1769.689806
1769.690806
1769.691806
1769.692806
1769.693805
1769.694805
1769.695805
1769.696807
1769.697806
1769.698806
1769.699806
1769.700806
1769.701806
1769.702805
1769.703805
1769.704805
1769.705807
1769.706806
1769.707806
1769.708806
1769.709806
1769.710806
1769.711805
1769.712805
1769.713805
1769.714806
1769.715806
1769.716806
1769.717806
1769.718806
1769.719806
1769.720805
1769.721805
1769.722805
1769.723806
1769.724806
1769.725806
1769.726806
1769.727806
1769.728805
1769.729805
1769.730805
1769.731807
1769.732806
1769.733806
1769.734806
1769.735806
1769.736806
1769.737805
1769.738805
1769.739805
1769.740807
1769.741806
1769.742806
1769.743806
1769.744806
1769.745806
1769.746805
1769.747805
1769.748805
1769.749807
1769.750806
1769.751806
1769.752806
1769.753806
1769.754806
1769.755805
1769.756805
1769.757805
1769.758807
1769.759806
1769.760806
1769.761806
1769.762806
1769.763806
1769.764805
1769.765805
1769.766805
1769.767807
1769.768806
1769.769806
1769.770806
1769.771806
1769.772806
1769.773805
1769.774805
1769.775805
1769.776806
1769.777806
1769.778806
1769.779806
1769.780806
1769.781806
1769.782805
1769.783805
1769.784805
1769.785806
1769.786806
1769.787806
1769.788806
1769.789806
1769.790805
1769.791805
1769.792805
1769.793807
1769.794806
1769.795806
1769.796806
1769.797806
1769.798806
1769.799805
1769.800805
1769.801805
1769.802807
1769.803806
1769.804806
1769.805806
1769.806806
1769.807806
1769.808805
1769.809805
1769.810805
1769.811807
1769.812806
1769.813806
1769.814806
1769.815806
1769.816806
1769.817805
1769.818805
1769.819805
1769.820807
1769.821806
1769.822806
1769.823806
1769.824806
1769.825806
1769.826805
1769.827805
1769.828805
1769.829807
1769.830806
1769.831806
1769.832806
1769.833806
1769.834806
1769.835805
1769.836805
1769.837805
1769.838806
1769.839806
1769.840806
1769.841806
1769.842806
1769.843806
1769.844805
1769.845805
1769.846805
1769.847806
1769.848806
1769.849806
1769.850806
1769.851806
1769.852805
1769.853805
1769.854805
1769.855807
1769.856806
1769.857806
1769.858806
1769.859806
1769.860806
1769.861805
1769.862805
1769.863805
1769.864807
1769.865806
1769.866806
1769.867806
1769.868806
1769.869806
1769.870805
1769.871805
1769.872805
1769.873807
1769.874806
1769.875806
1769.876806
1769.877806
1769.878806
1769.879805
1769.880805
1769.881805
1769.882807
1769.883806
1769.884806
1769.885806
1769.886806
1769.887806
1769.888805
1769.889805
1769.890805
1769.891807
1769.892806
1769.893806
1769.894806
1769.895806
1769.896806
1769.897805
1769.898805
1769.899805
1769.900806
1769.901806
1769.902806
1769.903806
1769.904806
1769.905806
1769.906805
1769.907805
1769.908805
1769.909806
1769.910806
1769.911806
1769.912806
1769.913806
1769.914805
1769.915805
1769.916805
1769.917807
1769.918806
1769.919806
1769.920806
1769.921806
1769.922806
1769.923805
1769.924805
1769.925805
1769.926807
1769.927806
1769.928806
1769.929806
1769.930806
1769.931806
1769.932805
1769.933805
1769.934805
1769.935807
1769.936806
1769.937806
1769.938806
1769.939806
1769.940806
1769.941805
1769.942805
1769.943805
1769.944807
1769.945806
1769.946806
1769.947806
1769.948806
1769.949806
1769.950805
1769.951805
1769.952805
1769.953807
1769.954806
1769.955806
1769.956806
1769.957806
1769.958806
1769.959805
1769.960805
1769.961805
1769.962806
1769.963806
1769.964806
1769.965806
1769.966806
1769.967806
1769.968805
1769.969805
1769.970805
1769.971806
1769.972806
1769.973806
1769.974806
1769.975806
1769.976805
1769.977805
1769.978805
1769.979807
1769.980806
1769.981806
1769.982806
1769.983806
1769.984806
1769.985805
1769.986805
1769.987805
1769.988807
1769.989806
1769.990806
1769.991806
1769.992806
1769.993806
1769.994805
1769.995805
1769.996805
1769.997807
1769.998806
1769.999806
1770.000806
1770.001806
1770.002806
1770.003805
1770.004805
1770.005805
1770.006807
1770.007806
1770.008806
1770.009806
1770.010806
1770.011806
1770.012805
1770.013805
1770.014805
1770.015807
1770.016806
1770.017806
1770.018806
1770.019806
1770.020806
1770.021805
1770.022805
1770.023805
1770.024806
1770.025806
1770.026806
1770.027806
1770.028806
1770.029806
1770.030805
1770.031805
1770.032805
1770.033806
1770.034806
1770.035806
1770.036806
1770.037806
1770.038805
1770.039805
1770.040805
1770.041807
1770.042806
1770.043806
1770.044806
1770.045806
1770.046806
1770.047805
1770.048805
1770.049805
1770.050807
1770.051806
1770.052806
1770.053806
1770.054806
1770.055806
1770.056805
1770.057805
1770.058805
1770.059807
1770.060806
1770.061806
1770.062806
1770.063806
1770.064806
1770.065805
1770.066805
1770.067805
1770.068807
1770.069806
1770.070806
1770.071806
1770.072806
1770.073806
1770.074805
1770.075805
1770.076805
1770.077806
1770.078806
1770.079806
1770.080806
1770.081806
1770.082806
1770.083805
1770.084805
1770.085805
1770.086806
1770.087806
1770.088806
1770.089806
1770.090806
1770.091806
1770.092805
1770.093805
1770.094805
1770.095806
1770.096806
1770.097806
1770.098806
1770.099806
1770.100805
1770.101805
1770.102805
1770.103807
1770.104806
1770.105806
1770.106806
1770.107806
1770.108806
1770.109805
1770.110805
1770.111805
1770.112807
1770.113806
1770.114806
1770.115806
1770.116806
1770.117806
1770.118805
1770.119805
1770.120805
1770.121807
1770.122806
1770.123806
1770.124806
1770.125806
1770.126806
1770.127805
1770.128805
1770.129805
1770.130807
1770.131806
1770.132806
1770.133806
1770.134806
1770.135806
1770.136805
1770.137805
1770.138805
1770.139807
1770.140806
1770.141806
1770.142806
1770.143806
1770.144806
1770.145805
1770.146805
1770.147805
1770.148806
1770.149806
1770.150806
1770.151806
1770.152806
1770.153806
1770.154805
1770.155805
1770.156805
1770.157806
1770.158806
1770.159806
1770.160806
1770.161806
1770.162805
1770.163805
1770.164805
1770.165807
1770.166806
1770.167806
1770.168806
1770.169806
1770.170806
1770.171805
1770.172805
1770.173805
1770.174807
1770.175806
1770.176806
1770.177806
1770.178806
1770.179806
1770.180805
1770.181805
1770.182805
1770.183807
1770.184806
1770.185806
1770.186806
1770.187806
1770.188806
1770.189805
1770.190805
1770.191805
1770.192807
1770.193806
1770.194806
1770.195806
1770.196806
1770.197806
1770.198805
1770.199805
1770.200805
1770.201806
1770.202806
1770.203806
1770.204806
1770.205806
1770.206806
1770.207805
1770.208805
1770.209805
1770.210806
1770.211806
1770.212806
1770.213806
1770.214806
1770.215806
1770.216805
1770.217805
1770.218805
1770.219806
1770.220806
1770.221806
1770.222806
1770.223806
1770.224805
1770.225805
1770.226805
1770.227807
1770.228806
1770.229806
1770.230806
1770.231806
1770.232806
1770.233805
1770.234805
1770.235805
1770.236807
1770.237806
1770.238806
1770.239806
1770.240806
1770.241806
1770.242805
1770.243805
1770.244805
1770.245807
1770.246806
1770.247806
1770.248806
1770.249806
1770.250806
1770.251805
1770.252805
1770.253805
1770.254807
1770.255806
1770.256806
1770.257806
1770.258806
1770.259806
1770.260805
1770.261805
1770.262805
1770.263807
1770.264806
1770.265806
1770.266806
1770.267806
1770.268806
1770.269805
1770.270805
1770.271805
1770.272806
1770.273806
1770.274806
1770.275806
1770.276806
1770.277806
1770.278805
1770.279805
1770.280805
1770.281806
1770.282806
1770.283806
1770.284806
1770.285806
1770.286805
1770.287805
1770.288805
1770.289807
1770.290806
1770.291806
1770.292806
1770.293806
1770.294806
1770.295805
1770.296805
1770.297805
1770.298807
1770.299806
1770.300806
1770.301806
1770.302806
1770.303806
1770.304805
1770.305805
1770.306805
1770.307807
1770.308806
1770.309806
1770.310806
1770.311806
1770.312806
1770.313805
1770.314805
1770.315805
1770.316807
1770.317806
1770.318806
1770.319806
1770.320806
1770.321806
1770.322805
1770.323805
1770.324805
1770.325807
1770.326806
1770.327806
1770.328806
1770.329806
1770.330806
1770.331805
1770.332805
1770.333805
1770.334806
1770.335806
1770.336806
1770.337806
1770.338806
1770.339805
1770.340805
1770.341805
1770.342805
1770.343806
1770.344806
1770.345806
1770.346806
1770.347806
1770.348805
1770.349805
1770.350805
1770.351807
1770.352806
1770.353806
1770.354806
1770.355806
1770.356806
1770.357805
1770.358805
1770.359805
1770.360807
1770.361806
1770.362806
1770.363806
1770.364806
1770.365806
1770.366805
1770.367805
1770.368805
1770.369807
1770.370806
1770.371806
1770.372806
1770.373806
1770.374806
1770.375805
1770.376805
1770.377805
1770.378807
1770.379806
1770.380806
1770.381806
1770.382806
1770.383806
1770.384805
1770.385805
1770.386805
1770.387807
1770.388806
1770.389806
1770.390806
1770.391806
1770.392806
1770.393805
1770.394805
1770.395805
1770.396806
1770.397806
1770.398806
1770.399806
1770.400806
1770.401805
1770.402805
1770.403805
1770.404805
1770.405806
1770.406806
1770.407806
1770.408806
1770.409806
1770.410805
1770.411805
1770.412805
1770.413807
1770.414806
1770.415806
1770.416806
1770.417806
1770.418806
1770.419805
1770.420805
1770.421805
1770.422807
1770.423806
1770.424806
1770.425806
1770.426806
1770.427806
1770.428805
1770.429805
1770.430805
1770.431807
1770.432806
1770.433806
1770.434806
1770.435806
1770.436806
1770.437805
1770.438805
1770.439805
1770.440807
1770.441806
1770.442806
1770.443806
1770.444806
1770.445806
1770.446805
1770.447805
1770.448805
1770.449807
1770.450806
1770.451806
1770.452806
1770.453806
1770.454806
1770.455805
1770.456805
1770.457805
1770.458806
1770.459806
1770.460806
1770.461806
1770.462806
1770.463806
1770.464805
1770.465805
1770.466805
1770.467806
1770.468806
1770.469806
1770.470806
1770.471806
1770.472805
1770.473805
1770.474805
1770.475807
1770.476806
1770.477806
1770.478806
1770.479806
1770.480806
1770.481805
1770.482805
1770.483805
1770.484807
1770.485806
1770.486806
1770.487806
1770.488806
1770.489806
1770.490805
1770.491805
1770.492805
1770.493807
1770.494806
1770.495806
1770.496806
1770.497806
1770.498806
1770.499805
1770.500805
1770.501805
1770.502807
1770.503806
1770.504806
1770.505806
1770.506806
1770.507806
1770.508805
1770.509805
1770.510805
1770.511807
1770.512806
1770.513806
1770.514806
1770.515806
1770.516806
1770.517805
1770.518805
1770.519805
1770.520806
1770.521806
1770.522806
1770.523806
1770.524806
1770.525806
1770.526805
1770.527805
1770.528805
1770.529806
1770.530806
1770.531806
1770.532806
1770.533806
1770.534805
1770.535805
1770.536805
1770.537807
1770.538806
1770.539806
1770.540806
1770.541806
1770.542806
1770.543805
1770.544805
1770.545805
1770.546807
1770.547806
1770.548806
1770.549806
1770.550806
1770.551806
1770.552805
1770.553805
1770.554805
1770.555807
1770.556806
1770.557806
1770.558806
1770.559806
1770.560806
1770.561805
1770.562805
1770.563805
1770.564807
1770.565806
1770.566806
1770.567806
1770.568806
1770.569806
1770.570805
1770.571805
1770.572805
1770.573807
1770.574806
1770.575806
1770.576806
1770.577806
1770.578806
1770.579805
1770.580805
1770.581805
1770.582806
1770.583806
1770.584806
1770.585806
1770.586806
1770.587806
1770.588805
1770.589805
1770.590805
1770.591806
1770.592806
1770.593806
1770.594806
1770.595806
1770.596805
1770.597805
1770.598805
1770.599807
1770.600806
1770.601806
1770.602806
1770.603806
1770.604806
1770.605805
1770.606805
1770.607805
1770.608807
1770.609806
1770.610806
1770.611806
1770.612806
1770.613806
1770.614805
1770.615805
1770.616805
1770.617807
1770.618806
1770.619806
1770.620806
1770.621806
1770.622806
1770.623805
1770.624805
1770.625805
1770.626807
1770.627806
1770.628806
1770.629806
1770.630806
1770.631806
1770.632805
1770.633805
1770.634805
1770.635806
1770.636806
1770.637806
1770.638806
1770.639806
1770.640806
1770.641805
1770.642805
1770.643805
1770.644806
1770.645806
1770.646806
1770.647806
1770.648806
1770.649806
1770.650805
1770.651805
1770.652805
1770.653806
1770.654806
1770.655806
1770.656806
1770.657806
1770.658805
1770.659805
1770.660805
1770.661807
1770.662806
1770.663806
1770.664806
1770.665806
1770.666806
1770.667805
1770.668805
1770.669805
1770.670807
1770.671806
1770.672806
1770.673806
1770.674806
1770.675806
1770.676805
1770.677805
1770.678805
1770.679807
1770.680806
1770.681806
1770.682806
1770.683806
1770.684806
1770.685805
1770.686805
1770.687805
1770.688807
1770.689806
1770.690806
1770.691806
1770.692806
1770.693806
1770.694805
1770.695805
1770.696805
1770.697806
1770.698806
1770.699806
1770.700806
1770.701806
1770.702806
1770.703805
1770.704805
1770.705805
1770.706806
1770.707806
1770.708806
1770.709806
1770.710806
1770.711805
1770.712805
1770.713805
1770.714805
1770.715806
1770.716806
1770.717806
1770.718806
1770.719806
1770.720805
1770.721805
1770.722805
1770.723807
1770.724806
1770.725806
1770.726806
1770.727806
1770.728806
1770.729805
1770.730805
1770.731805
1770.732807
1770.733806
1770.734806
1770.735806
1770.736806
1770.737806
1770.738805
1770.739805
1770.740805
1770.741807
1770.742806
1770.743806
1770.744806
1770.745806
1770.746806
1770.747805
1770.748805
1770.749805
1770.750807
1770.751806
1770.752806
1770.753806
1770.754806
1770.755806
1770.756805
1770.757805
1770.758805
1770.759806
1770.760806
1770.761806
1770.762806
1770.763806
1770.764806
1770.765805
1770.766805
1770.767805
1770.768806
1770.769806
1770.770806
1770.771806
1770.772806
1770.773805
1770.774805
1770.775805
1770.776805
1770.777806
1770.778806
1770.779806
1770.780806
1770.781806
1770.782805
1770.783805
1770.784805
1770.785807
1770.786806
1770.787806
1770.788806
1770.789806
1770.790806
1770.791805
1770.792805
1770.793805
1770.794807
1770.795806
1770.796806
1770.797806
1770.798806
1770.799806
1770.800805
1770.801805
1770.802805
1770.803807
1770.804806
1770.805806
1770.806806
1770.807806
1770.808806
1770.809805
1770.810805
1770.811805
1770.812807
1770.813806
1770.814806
1770.815806
1770.816806
1770.817806
1770.818805
1770.819805
1770.820805
1770.821806
1770.822806
1770.823806
1770.824806
1770.825806
1770.826806
1770.827805
1770.828805
1770.829805
1770.830806
1770.831806
1770.832806
1770.833806
1770.834806
1770.835806
1770.836805
1770.837805
1770.838805
1770.839806
1770.840806
1770.841806
1770.842806
1770.843806
1770.844805
1770.845805
1770.846805
1770.847807
1770.848806
1770.849806
1770.850806
1770.851806
1770.852806
1770.853805
1770.854805
1770.855805
1770.856807
1770.857806
1770.858806
1770.859806
1770.860806
1770.861806
1770.862805
1770.863805
1770.864805
1770.865807
1770.866806
1770.867806
1770.868806
1770.869806
1770.870806
1770.871805
1770.872805
1770.873805
1770.874807
1770.875806
1770.876806
1770.877806
1770.878806
1770.879806
1770.880805
1770.881805
1770.882805
1770.883806
1770.884806
1770.885806
1770.886806
1770.887806
1770.888806
1770.889805
1770.890805
1770.891805
1770.892806
1770.893806
1770.894806
1770.895806
1770.896806
1770.897805
1770.898805
1770.899805
1770.900805
1770.901806
1770.902806
1770.903806
1770.904806
1770.905806
1770.906805
1770.907805
1770.908805
1770.909807
1770.910806
1770.911806
1770.912806
1770.913806
1770.914806
1770.915805
1770.916805
1770.917805
1770.918807
1770.919806
1770.920806
1770.921806
1770.922806
1770.923806
1770.924805
1770.925805
1770.926805
1770.927807
1770.928806
1770.929806
1770.930806
1770.931806
1770.932806
1770.933805
1770.934805
1770.935805
1770.936807
1770.937806
1770.938806
1770.939806
1770.940806
1770.941806
1770.942805
1770.943805
1770.944805
1770.945807
1770.946806
1770.947806
1770.948806
1770.949806
1770.950806
1770.951805
1770.952805
1770.953805
1770.954806
1770.955806
1770.956806
1770.957806
1770.958806
1770.959806
1770.960805
1770.961805
1770.962805
1770.963806
1770.964806
1770.965806
1770.966806
1770.967806
1770.968805
1770.969805
1770.970805
1770.971807
1770.972806
1770.973806
1770.974806
1770.975806
1770.976806
1770.977805
1770.978805
1770.979805
1770.980807
1770.981806
1770.982806
1770.983806
1770.984806
1770.985806
1770.986805
1770.987805
1770.988805
1770.989807
1770.990806
1770.991806
1770.992806
1770.993806
1770.994806
1770.995805
1770.996805
1770.997805
1770.998807
1770.999806
1771.000806
1771.001806
1771.002806
1771.003806
1771.004805
1771.005805
1771.006805
1771.007807
1771.008806
1771.009806
1771.010806
1771.011806
1771.012806
1771.013805
1771.014805
1771.015805
1771.016806
1771.017806
1771.018806
1771.019806
1771.020806
1771.021806
1771.022805
1771.023805
1771.024805
1771.025806
1771.026806
1771.027806
1771.028806
1771.029806
1771.030805
1771.031805
1771.032805
1771.033807
1771.034806
1771.035806
1771.036806
1771.037806
1771.038806
1771.039805
1771.040805
1771.041805
1771.042807
1771.043806
1771.044806
1771.045806
1771.046806
1771.047806
1771.048805
1771.049805
1771.050805
1771.051807
1771.052806
1771.053806
1771.054806
1771.055806
1771.056806
1771.057805
1771.058805
1771.059805
1771.060807
1771.061806
1771.062806
1771.063806
1771.064806
1771.065806
1771.066805
1771.067805
1771.068805
1771.069807
1771.070806
1771.071806
1771.072806
1771.073806
1771.074806
1771.075805
1771.076805
1771.077805
1771.078806
1771.079806
1771.080806
1771.081806
1771.082806
1771.083806
1771.084805
1771.085805
1771.086805
1771.087806
1771.088806
1771.089806
1771.090806
1771.091806
1771.092805
1771.093805
1771.094805
1771.095807
1771.096806
1771.097806
1771.098806
1771.099806
1771.100806
1771.101805
1771.102805
1771.103805
1771.104807
1771.105806
1771.106806
1771.107806
1771.108806
1771.109806
1771.110805
1771.111805
1771.112805
1771.113807
1771.114806
1771.115806
1771.116806
1771.117806
1771.118806
1771.119805
1771.120805
1771.121805
1771.122807
1771.123806
1771.124806
1771.125806
1771.126806
1771.127806
1771.128805
1771.129805
1771.130805
1771.131807
1771.132806
1771.133806
1771.134806
1771.135806
1771.136806
1771.137805
1771.138805
1771.139805
1771.140806
1771.141806
1771.142806
1771.143806
1771.144806
1771.145805
1771.146805
1771.147805
1771.148805
1771.149806
1771.150806
1771.151806
1771.152806
1771.153806
1771.154805
1771.155805
1771.156805
1771.157807
1771.158806
1771.159806
1771.160806
1771.161806
1771.162806
1771.163805
1771.164805
1771.165805
1771.166807
1771.167806
1771.168806
1771.169806
1771.170806
1771.171806
1771.172805
1771.173805
1771.174805
1771.175807
1771.176806
1771.177806
1771.178806
1771.179806
1771.180806
1771.181805
1771.182805
1771.183805
1771.184807
1771.185806
1771.186806
1771.187806
1771.188806
1771.189806
1771.190805
1771.191805
1771.192805
1771.193807
1771.194806
1771.195806
1771.196806
1771.197806
1771.198806
1771.199805
1771.200805
1771.201805
1771.202806
1771.203806
1771.204806
1771.205806
1771.206806
1771.207806
1771.208805
1771.209805
1771.210805
1771.211806
1771.212806
1771.213806
1771.214806
1771.215806
1771.216805
1771.217805
1771.218805
1771.219807
1771.220806
1771.221806
1771.222806
1771.223806
1771.224806
1771.225805
1771.226805
1771.227805
1771.228807
1771.229806
1771.230806
1771.231806
1771.232806
1771.233806
1771.234805
1771.235805
1771.236805
1771.237807
1771.238806
1771.239806
1771.240806
1771.241806
1771.242806
1771.243805
1771.244805
1771.245805
1771.246807
1771.247806
1771.248806
1771.249806
1771.250806
1771.251806
1771.252805
1771.253805
1771.254805
1771.255806
1771.256806
1771.257806
1771.258806
1771.259806
1771.260806
1771.261805
1771.262805
1771.263805
1771.264806
1771.265806
1771.266806
1771.267806
1771.268806
1771.269806
1771.270805
1771.271805
1771.272805
1771.273806
1771.274806
1771.275806
1771.276806
1771.277806
1771.278805
1771.279805
1771.280805
1771.281807
1771.282806
1771.283806
1771.284806
1771.285806
1771.286806
1771.287805
1771.288805
1771.289805
1771.290807
1771.291806
1771.292806
1771.293806
1771.294806
1771.295806
1771.296805
1771.297805
1771.298805
1771.299807
1771.300806
1771.301806
1771.302806
1771.303806
1771.304806
1771.305805
1771.306805
1771.307805
1771.308807
1771.309806
1771.310806
1771.311806
1771.312806
1771.313806
1771.314805
1771.315805
1771.316805
1771.317806
1771.318806
1771.319806
1771.320806
1771.321806
1771.322806
1771.323805
1771.324805
1771.325805
1771.326806
1771.327806
1771.328806
1771.329806
1771.330806
1771.331806
1771.332805
1771.333805
1771.334805
1771.335806
1771.336806
1771.337806
1771.338806
1771.339806
1771.340805
1771.341805
1771.342805
1771.343807
1771.344806
1771.345806
1771.346806
1771.347806
1771.348806
1771.349805
1771.350805
1771.351805
1771.352807
1771.353806
1771.354806
1771.355806
1771.356806
1771.357806
1771.358805
1771.359805
1771.360805
1771.361807
1771.362806
1771.363806
1771.364806
1771.365806
1771.366806
1771.367805
1771.368805
1771.369805
1771.370807
1771.371806
1771.372806
1771.373806
1771.374806
1771.375806
1771.376805
1771.377805
1771.378805
1771.379807
1771.380806
1771.381806
1771.382806
1771.383806
1771.384806
1771.385805
1771.386805
1771.387805
1771.388806
1771.389806
1771.390806
1771.391806
1771.392806
1771.393805
1771.394805
1771.395805
1771.396805
1771.397806
1771.398806
1771.399806
1771.400806
1771.401806
1771.402805
1771.403805
1771.404805
1771.405807
1771.406806
1771.407806
1771.408806
1771.409806
1771.410806
1771.411805
1771.412805
1771.413805
1771.414807
1771.415806
1771.416806
1771.417806
1771.418806
1771.419806
1771.420805
1771.421805
1771.422805
1771.423807
1771.424806
1771.425806
1771.426806
1771.427806
1771.428806
1771.429805
1771.430805
1771.431805
1771.432807
1771.433806
1771.434806
1771.435806
1771.436806
1771.437806
1771.438805
1771.439805
1771.440805
1771.441807
1771.442806
1771.443806
1771.444806
1771.445806
1771.446806
1771.447805
1771.448805
1771.449805
1771.450806
1771.451806
1771.452806
1771.453806
1771.454806
1771.455806
1771.456805
1771.457805
1771.458805
1771.459806
1771.460806
1771.461806
1771.462806
1771.463806
1771.464805
1771.465805
1771.466805
1771.467807
1771.468806
1771.469806
1771.470806
1771.471806
1771.472806
1771.473805
1771.474805
1771.475805
1771.476807
1771.477806
1771.478806
1771.479806
1771.480806
1771.481806
1771.482805
1771.483805
1771.484805
1771.485807
1771.486806
1771.487806
1771.488806
1771.489806
1771.490806
1771.491805
1771.492805
1771.493805
1771.494807
1771.495806
1771.496806
1771.497806
1771.498806
1771.499806
1771.500805
1771.501805
1771.502805
1771.503807
1771.504806
1771.505806
1771.506806
1771.507806
1771.508806
1771.509805
1771.510805
1771.511805
1771.512806
1771.513806
1771.514806
1771.515806
1771.516806
1771.517805
1771.518805
1771.519805
1771.520805
1771.521806
1771.522806
1771.523806
1771.524806
1771.525806
1771.526805
1771.527805
1771.528805
1771.529807
1771.530806
1771.531806
1771.532806
1771.533806
1771.534806
1771.535805
1771.536805
1771.537805
1771.538807
1771.539806
1771.540806
1771.541806
1771.542806
1771.543806
1771.544805
1771.545805
1771.546805
1771.547807
1771.548806
1771.549806
1771.550806
1771.551806
1771.552806
1771.553805
1771.554805
1771.555805
1771.556807
1771.557806
1771.558806
1771.559806
1771.560806
1771.561806
1771.562805
1771.563805
1771.564805
1771.565807
1771.566806
1771.567806
1771.568806
1771.569806
1771.570806
1771.571805
1771.572805
1771.573805
1771.574806
1771.575806
1771.576806
1771.577806
1771.578806
1771.579805
1771.580805
1771.581805
1771.582805
1771.583806
1771.584806
1771.585806
1771.586806
1771.587806
1771.588805
1771.589805
1771.590805
1771.591807
1771.592806
1771.593806
1771.594806
1771.595806
1771.596806
1771.597805
1771.598805
1771.599805
1771.600807
1771.601806
1771.602806
1771.603806
1771.604806
1771.605806
1771.606805
1771.607805
1771.608805
1771.609807
1771.610806
1771.611806
1771.612806
1771.613806
1771.614806
1771.615805
1771.616805
1771.617805
1771.618807
1771.619806
1771.620806
1771.621806
1771.622806
1771.623806
1771.624805
1771.625805
1771.626805
1771.627807
1771.628806
1771.629806
1771.630806
1771.631806
1771.632806
1771.633805
1771.634805
1771.635805
1771.636806
1771.637806
1771.638806
1771.639806
1771.640806
1771.641806
1771.642805
1771.643805
1771.644805
1771.645806
1771.646806
1771.647806
1771.648806
1771.649806
1771.650805
1771.651805
1771.652805
1771.653807
1771.654806
1771.655806
1771.656806
1771.657806
1771.658806
1771.659805
1771.660805
1771.661805
1771.662807
1771.663806
1771.664806
1771.665806
1771.666806
1771.667806
1771.668805
1771.669805
1771.670805
1771.671807
1771.672806
1771.673806
1771.674806
1771.675806
1771.676806
1771.677805
1771.678805
1771.679805
1771.680807
1771.681806
1771.682806
1771.683806
1771.684806
1771.685806
1771.686805
1771.687805
1771.688805
1771.689807
1771.690806
1771.691806
1771.692806
1771.693806
1771.694806
1771.695805
1771.696805
1771.697805
1771.698806
1771.699806
1771.700806
1771.701806
1771.702806
1771.703805
1771.704805
1771.705805
1771.706805
1771.707806
1771.708806
1771.709806
1771.710806
1771.711806
1771.712805
1771.713805
1771.714805
1771.715807
1771.716806
1771.717806
1771.718806
1771.719806
1771.720806
1771.721805
1771.722805
1771.723805
1771.724807
1771.725806
1771.726806
1771.727806
1771.728806
1771.729806
