3934.194182
3934.195182
3934.196182
3934.197182
3934.198181
3934.199181
3934.200181
3934.201182
3934.202182
3934.203182
3934.204182
3934.205182
3934.206181
3934.207181
3934.208181
3934.209183
3934.210182
3934.211182
3934.212182
3934.213182
3934.214182
3934.215181
3934.216181
3934.217181
3934.218183
3934.219182
3934.220182
3934.221182
3934.222182
3934.223182
3934.224181
3934.225181
3934.226181
3934.227183
3934.228182
3934.229182
3934.230182
3934.231182
3934.232182
3934.233181
3934.234181
3934.235181
3934.236183
3934.237182
3934.238182
3934.239182
3934.240182
3934.241182
3934.242181
3934.243181
3934.244181
3934.245183
3934.246182
3934.247182
3934.248182
3934.249182
3934.250182
3934.251181
3934.252181
3934.253181
3934.254182
3934.255182
3934.256182
3934.257182
3934.258182
3934.259182
3934.260181
3934.261181
3934.262181
3934.263182
3934.264182
3934.265182
3934.266182
3934.267182
3934.268181
3934.269181
3934.270181
3934.271183
3934.272182
3934.273182
3934.274182
3934.275182
3934.276182
3934.277181
3934.278181
3934.279181
3934.280183
3934.281182
3934.282182
3934.283182
3934.284182
3934.285182
3934.286181
3934.287181
3934.288181
3934.289183
3934.290182
3934.291182
3934.292182
3934.293182
3934.294182
3934.295181
3934.296181
3934.297181
3934.298183
3934.299182
3934.300182
3934.301182
3934.302182
3934.303182
3934.304181
3934.305181
3934.306181
3934.307183
3934.308182
3934.309182
3934.310182
3934.311182
3934.312182
3934.313181
3934.314181
3934.315181
3934.316182
3934.317182
3934.318182
3934.319182
3934.320182
3934.321182
3934.322181
3934.323181
3934.324181
3934.325182
3934.326182
3934.327182
3934.328182
3934.329182
3934.330181
3934.331181
3934.332181
3934.333183
3934.334182
3934.335182
3934.336182
3934.337182
3934.338182
3934.339181
3934.340181
3934.341181
3934.342183
3934.343182
3934.344182
3934.345182
3934.346182
3934.347182
3934.348181
3934.349181
3934.350181
3934.351183
3934.352182
3934.353182
3934.354182
3934.355182
3934.356182
3934.357181
3934.358181
3934.359181
3934.360183
3934.361182
3934.362182
3934.363182
3934.364182
3934.365182
3934.366181
3934.367181
3934.368181
3934.369183
3934.370182
3934.371182
3934.372182
3934.373182
3934.374182
3934.375181
3934.376181
3934.377181
3934.378182
3934.379182
3934.380182
3934.381182
3934.382182
3934.383182
3934.384181
3934.385181
3934.386181
3934.387182
3934.388182
3934.389182
3934.390182
3934.391182
3934.392181
3934.393181
3934.394181
3934.395183
3934.396182
3934.397182
3934.398182
3934.399182
3934.400182
3934.401181
3934.402181
3934.403181
3934.404183
3934.405182
3934.406182
3934.407182
3934.408182
3934.409182
3934.410181
3934.411181
3934.412181
3934.413183
3934.414182
3934.415182
3934.416182
3934.417182
3934.418182
3934.419181
3934.420181
3934.421181
3934.422183
3934.423182
3934.424182
3934.425182
3934.426182
3934.427182
3934.428181
3934.429181
3934.430181
3934.431183
3934.432182
3934.433182
3934.434182
3934.435182
3934.436182
3934.437181
3934.438181
3934.439181
3934.440182
3934.441182
3934.442182
3934.443182
3934.444182
3934.445182
3934.446181
3934.447181
3934.448181
3934.449182
3934.450182
3934.451182
3934.452182
3934.453182
3934.454181
3934.455181
3934.456181
3934.457183
3934.458182
3934.459182
3934.460182
3934.461182
3934.462182
3934.463181
3934.464181
3934.465181
3934.466183
3934.467182
3934.468182
3934.469182
3934.470182
3934.471182
3934.472181
3934.473181
3934.474181
3934.475183
3934.476182
3934.477182
3934.478182
3934.479182
3934.480182
3934.481181
3934.482181
3934.483181
3934.484183
3934.485182
3934.486182
3934.487182
3934.488182
3934.489182
3934.490181
3934.491181
3934.492181
3934.493183
3934.494182
3934.495182
3934.496182
3934.497182
3934.498182
3934.499181
3934.500181
3934.501181
3934.502182
3934.503182
3934.504182
3934.505182
3934.506182
3934.507182
3934.508181
3934.509181
3934.510181
3934.511182
3934.512182
3934.513182
3934.514182
3934.515182
3934.516181
3934.517181
3934.518181
3934.519183
3934.520182
3934.521182
3934.522182
3934.523182
3934.524182
3934.525181
3934.526181
3934.527181
3934.528183
3934.529182
3934.530182
3934.531182
3934.532182
3934.533182
3934.534181
3934.535181
3934.536181
3934.537183
3934.538182
3934.539182
3934.540182
3934.541182
3934.542182
3934.543181
3934.544181
3934.545181
3934.546183
3934.547182
3934.548182
3934.549182
3934.550182
3934.551182
3934.552181
3934.553181
3934.554181
3934.555183
3934.556182
3934.557182
3934.558182
3934.559182
3934.560182
3934.561181
3934.562181
3934.563181
3934.564182
3934.565182
3934.566182
3934.567182
3934.568182
3934.569182
3934.570181
3934.571181
3934.572181
3934.573182
3934.574182
3934.575182
3934.576182
3934.577182
3934.578181
3934.579181
3934.580181
3934.581183
3934.582182
3934.583182
3934.584182
3934.585182
3934.586182
3934.587181
3934.588181
3934.589181
3934.590183
3934.591182
3934.592182
3934.593182
3934.594182
3934.595182
3934.596181
3934.597181
3934.598181
3934.599183
3934.600182
3934.601182
3934.602182
3934.603182
3934.604182
3934.605181
3934.606181
3934.607181
3934.608183
3934.609182
3934.610182
3934.611182
3934.612182
3934.613182
3934.614181
3934.615181
3934.616181
3934.617183
3934.618182
3934.619182
3934.620182
3934.621182
3934.622182
3934.623181
3934.624181
3934.625181
3934.626182
3934.627182
3934.628182
3934.629182
3934.630182
3934.631182
3934.632181
3934.633181
3934.634181
3934.635182
3934.636182
3934.637182
3934.638182
3934.639182
3934.640181
3934.641181
3934.642181
3934.643183
3934.644182
3934.645182
3934.646182
3934.647182
3934.648182
3934.649181
3934.650181
3934.651181
3934.652183
3934.653182
3934.654182
3934.655182
3934.656182
3934.657182
3934.658181
3934.659181
3934.660181
3934.661183
3934.662182
3934.663182
3934.664182
3934.665182
3934.666182
3934.667181
3934.668181
3934.669181
3934.670183
3934.671182
3934.672182
3934.673182
3934.674182
3934.675182
3934.676181
3934.677181
3934.678181
3934.679183
3934.680182
3934.681182
3934.682182
3934.683182
3934.684182
3934.685181
3934.686181
3934.687181
3934.688182
3934.689182
3934.690182
3934.691182
3934.692182
3934.693182
3934.694181
3934.695181
3934.696181
3934.697182
3934.698182
3934.699182
3934.700182
3934.701182
3934.702181
3934.703181
3934.704181
3934.705183
3934.706182
3934.707182
3934.708182
3934.709182
3934.710182
3934.711181
3934.712181
3934.713181
3934.714183
3934.715182
3934.716182
3934.717182
3934.718182
3934.719182
3934.720181
3934.721181
3934.722181
3934.723183
3934.724182
3934.725182
3934.726182
3934.727182
3934.728182
3934.729181
3934.730181
3934.731181
3934.732183
3934.733182
3934.734182
3934.735182
3934.736182
3934.737182
3934.738181
3934.739181
3934.740181
3934.741183
3934.742182
3934.743182
3934.744182
3934.745182
3934.746182
3934.747181
3934.748181
3934.749181
3934.750182
3934.751182
3934.752182
3934.753182
3934.754182
3934.755182
3934.756181
3934.757181
3934.758181
3934.759182
3934.760182
3934.761182
3934.762182
3934.763182
3934.764181
3934.765181
3934.766181
3934.767183
3934.768182
3934.769182
3934.770182
3934.771182
3934.772182
3934.773181
3934.774181
3934.775181
3934.776183
3934.777182
3934.778182
3934.779182
3934.780182
3934.781182
3934.782181
3934.783181
3934.784181
3934.785183
3934.786182
3934.787182
3934.788182
3934.789182
3934.790182
3934.791181
3934.792181
3934.793181
3934.794183
3934.795182
3934.796182
3934.797182
3934.798182
3934.799182
3934.800181
3934.801181
3934.802181
3934.803183
3934.804182
3934.805182
3934.806182
3934.807182
3934.808182
3934.809181
3934.810181
3934.811181
3934.812182
3934.813182
3934.814182
3934.815182
3934.816182
3934.817182
3934.818181
3934.819181
3934.820181
3934.821182
3934.822182
3934.823182
3934.824182
3934.825182
3934.826181
3934.827181
3934.828181
3934.829183
3934.830182
3934.831182
3934.832182
3934.833182
3934.834182
3934.835181
3934.836181
3934.837181
3934.838183
3934.839182
3934.840182
3934.841182
3934.842182
3934.843182
3934.844181
3934.845181
3934.846181
3934.847183
3934.848182
3934.849182
3934.850182
3934.851182
3934.852182
3934.853181
3934.854181
3934.855181
3934.856183
3934.857182
3934.858182
3934.859182
3934.860182
3934.861182
3934.862181
3934.863181
3934.864181
3934.865183
3934.866182
3934.867182
3934.868182
3934.869182
3934.870182
3934.871181
3934.872181
3934.873181
3934.874182
3934.875182
3934.876182
3934.877182
3934.878182
3934.879182
3934.880181
3934.881181
3934.882181
3934.883182
3934.884182
3934.885182
3934.886182
3934.887182
3934.888181
3934.889181
3934.890181
3934.891183
3934.892182
3934.893182
3934.894182
3934.895182
3934.896182
3934.897181
3934.898181
3934.899181
3934.900183
3934.901182
3934.902182
3934.903182
3934.904182
3934.905182
3934.906181
3934.907181
3934.908181
3934.909183
3934.910182
3934.911182
3934.912182
3934.913182
3934.914182
3934.915181
3934.916181
3934.917181
3934.918183
3934.919182
3934.920182
3934.921182
3934.922182
3934.923182
3934.924181
3934.925181
3934.926181
3934.927183
3934.928182
3934.929182
3934.930182
3934.931182
3934.932182
3934.933181
3934.934181
3934.935181
3934.936182
3934.937182
3934.938182
3934.939182
3934.940182
3934.941182
3934.942181
3934.943181
3934.944181
3934.945182
3934.946182
3934.947182
3934.948182
3934.949182
3934.950181
3934.951181
3934.952181
3934.953183
3934.954182
3934.955182
3934.956182
3934.957182
3934.958182
3934.959181
3934.960181
3934.961181
3934.962183
3934.963182
3934.964182
3934.965182
3934.966182
3934.967182
3934.968181
3934.969181
3934.970181
3934.971183
3934.972182
3934.973182
3934.974182
3934.975182
3934.976182
3934.977181
3934.978181
3934.979181
3934.980183
3934.981182
3934.982182
3934.983182
3934.984182
3934.985182
3934.986181
3934.987181
3934.988181
3934.989183
3934.990182
3934.991182
3934.992182
3934.993182
3934.994182
3934.995181
3934.996181
3934.997181
3934.998182
3934.999182
3935.000182
3935.001182
3935.002182
3935.003182
3935.004181
3935.005181
3935.006181
3935.007182
3935.008182
3935.009182
3935.010182
3935.011182
3935.012181
3935.013181
3935.014181
3935.015183
3935.016182
3935.017182
3935.018182
3935.019182
3935.020182
3935.021181
3935.022181
3935.023181
3935.024183
3935.025182
3935.026182
3935.027182
3935.028182
3935.029182
3935.030181
3935.031181
3935.032181
3935.033183
3935.034182
3935.035182
3935.036182
3935.037182
3935.038182
3935.039181
3935.040181
3935.041181
3935.042183
3935.043182
3935.044182
3935.045182
3935.046182
3935.047182
3935.048181
3935.049181
3935.050181
3935.051183
3935.052182
3935.053182
3935.054182
3935.055182
3935.056182
3935.057181
3935.058181
3935.059181
3935.060182
3935.061182
3935.062182
3935.063182
3935.064182
3935.065182
3935.066181
3935.067181
3935.068181
3935.069182
3935.070182
3935.071182
3935.072182
3935.073182
3935.074181
3935.075181
3935.076181
3935.077183
3935.078182
3935.079182
3935.080182
3935.081182
3935.082182
3935.083181
3935.084181
3935.085181
3935.086183
3935.087182
3935.088182
3935.089182
3935.090182
3935.091182
3935.092181
3935.093181
3935.094181
3935.095183
3935.096182
3935.097182
3935.098182
3935.099182
3935.100182
3935.101181
3935.102181
3935.103181
3935.104183
3935.105182
3935.106182
3935.107182
3935.108182
3935.109182
3935.110181
3935.111181
3935.112181
3935.113183
3935.114182
3935.115182
3935.116182
3935.117182
3935.118182
3935.119181
3935.120181
3935.121181
3935.122182
3935.123182
3935.124182
3935.125182
3935.126182
3935.127182
3935.128181
3935.129181
3935.130181
3935.131182
3935.132182
3935.133182
3935.134182
3935.135182
3935.136181
3935.137181
3935.138181
3935.139183
3935.140182
3935.141182
3935.142182
3935.143182
3935.144182
3935.145181
3935.146181
3935.147181
3935.148183
3935.149182
3935.150182
3935.151182
3935.152182
3935.153182
3935.154181
3935.155181
3935.156181
3935.157183
3935.158182
3935.159182
3935.160182
3935.161182
3935.162182
3935.163181
3935.164181
3935.165181
3935.166183
3935.167182
3935.168182
3935.169182
3935.170182
3935.171182
3935.172181
3935.173181
3935.174181
3935.175183
3935.176182
3935.177182
3935.178182
3935.179182
3935.180182
3935.181181
3935.182181
3935.183181
3935.184182
3935.185182
3935.186182
3935.187182
3935.188182
3935.189182
3935.190181
3935.191181
3935.192181
3935.193182
3935.194182
3935.195182
3935.196182
3935.197182
3935.198181
3935.199181
3935.200181
3935.201183
3935.202182
3935.203182
3935.204182
3935.205182
3935.206182
3935.207181
3935.208181
3935.209181
3935.210183
3935.211182
3935.212182
3935.213182
3935.214182
3935.215182
3935.216181
3935.217181
3935.218181
3935.219183
3935.220182
3935.221182
3935.222182
3935.223182
3935.224182
3935.225181
3935.226181
3935.227181
3935.228183
3935.229182
3935.230182
3935.231182
3935.232182
3935.233182
3935.234181
3935.235181
3935.236181
3935.237183
3935.238182
3935.239182
3935.240182
3935.241182
3935.242182
3935.243181
3935.244181
3935.245181
3935.246182
3935.247182
3935.248182
3935.249182
3935.250182
3935.251182
3935.252181
3935.253181
3935.254181
3935.255182
3935.256182
3935.257182
3935.258182
3935.259182
3935.260181
3935.261181
3935.262181
3935.263183
3935.264182
3935.265182
3935.266182
3935.267182
3935.268182
3935.269181
3935.270181
3935.271181
3935.272183
3935.273182
3935.274182
3935.275182
3935.276182
3935.277182
3935.278181
3935.279181
3935.280181
3935.281183
3935.282182
3935.283182
3935.284182
3935.285182
3935.286182
3935.287181
3935.288181
3935.289181
3935.290183
3935.291182
3935.292182
3935.293182
3935.294182
3935.295182
3935.296181
3935.297181
3935.298181
3935.299183
3935.300182
3935.301182
3935.302182
3935.303182
3935.304182
3935.305181
3935.306181
3935.307181
3935.308182
3935.309182
3935.310182
3935.311182
3935.312182
3935.313182
3935.314181
3935.315181
3935.316181
3935.317182
3935.318182
3935.319182
3935.320182
3935.321182
3935.322181
3935.323181
3935.324181
3935.325183
3935.326182
3935.327182
3935.328182
3935.329182
3935.330182
3935.331181
3935.332181
3935.333181
3935.334183
3935.335182
3935.336182
3935.337182
3935.338182
3935.339182
3935.340181
3935.341181
3935.342181
3935.343183
3935.344182
3935.345182
3935.346182
3935.347182
3935.348182
3935.349181
3935.350181
3935.351181
3935.352183
3935.353182
3935.354182
3935.355182
3935.356182
3935.357182
3935.358181
3935.359181
3935.360181
3935.361183
3935.362182
3935.363182
3935.364182
3935.365182
3935.366182
3935.367181
3935.368181
3935.369181
3935.370182
3935.371182
3935.372182
3935.373182
3935.374182
3935.375182
3935.376181
3935.377181
3935.378181
3935.379182
3935.380182
3935.381182
3935.382182
3935.383182
3935.384181
3935.385181
3935.386181
3935.387183
3935.388182
3935.389182
3935.390182
3935.391182
3935.392182
3935.393181
3935.394181
3935.395181
3935.396183
3935.397182
3935.398182
3935.399182
3935.400182
3935.401182
3935.402181
3935.403181
3935.404181
3935.405183
3935.406182
3935.407182
3935.408182
3935.409182
3935.410182
3935.411181
3935.412181
3935.413181
3935.414183
3935.415182
3935.416182
3935.417182
3935.418182
3935.419182
3935.420181
3935.421181
3935.422181
3935.423183
3935.424182
3935.425182
3935.426182
3935.427182
3935.428182
3935.429181
3935.430181
3935.431181
3935.432182
3935.433182
3935.434182
3935.435182
3935.436182
3935.437182
3935.438181
3935.439181
3935.440181
3935.441182
3935.442182
3935.443182
3935.444182
3935.445182
3935.446181
3935.447181
3935.448181
3935.449183
3935.450182
3935.451182
3935.452182
3935.453182
3935.454182
3935.455181
3935.456181
3935.457181
3935.458183
3935.459182
3935.460182
3935.461182
3935.462182
3935.463182
3935.464181
3935.465181
3935.466181
3935.467183
3935.468182
3935.469182
3935.470182
3935.471182
3935.472182
3935.473181
3935.474181
3935.475181
3935.476183
3935.477182
3935.478182
3935.479182
3935.480182
3935.481182
3935.482181
3935.483181
3935.484181
3935.485183
3935.486182
3935.487182
3935.488182
3935.489182
3935.490182
3935.491181
3935.492181
3935.493181
3935.494182
3935.495182
3935.496182
3935.497182
3935.498182
3935.499182
3935.500181
3935.501181
3935.502181
3935.503182
3935.504182
3935.505182
3935.506182
3935.507182
3935.508181
3935.509181
3935.510181
3935.511183
3935.512182
3935.513182
3935.514182
3935.515182
3935.516182
3935.517181
3935.518181
3935.519181
3935.520183
3935.521182
3935.522182
3935.523182
3935.524182
3935.525182
3935.526181
3935.527181
3935.528181
3935.529183
3935.530182
3935.531182
3935.532182
3935.533182
3935.534182
3935.535181
3935.536181
3935.537181
3935.538183
3935.539182
3935.540182
3935.541182
3935.542182
3935.543182
3935.544181
3935.545181
3935.546181
3935.547183
3935.548182
3935.549182
3935.550182
3935.551182
3935.552182
3935.553181
3935.554181
3935.555181
3935.556182
3935.557182
3935.558182
3935.559182
3935.560182
3935.561182
3935.562181
3935.563181
3935.564181
3935.565182
3935.566182
3935.567182
3935.568182
3935.569182
3935.570181
3935.571181
3935.572181
3935.573183
3935.574182
3935.575182
3935.576182
3935.577182
3935.578182
3935.579181
3935.580181
3935.581181
3935.582183
3935.583182
3935.584182
3935.585182
3935.586182
3935.587182
3935.588181
3935.589181
3935.590181
3935.591183
3935.592182
3935.593182
3935.594182
3935.595182
3935.596182
3935.597181
3935.598181
3935.599181
3935.600183
3935.601182
3935.602182
3935.603182
3935.604182
3935.605182
3935.606181
3935.607181
3935.608181
3935.609183
3935.610182
3935.611182
3935.612182
3935.613182
3935.614182
3935.615181
3935.616181
3935.617181
3935.618182
3935.619182
3935.620182
3935.621182
3935.622182
3935.623182
3935.624181
3935.625181
3935.626181
3935.627182
3935.628182
3935.629182
3935.630182
3935.631182
3935.632181
3935.633181
3935.634181
3935.635183
3935.636182
3935.637182
3935.638182
3935.639182
3935.640182
3935.641181
3935.642181
3935.643181
3935.644183
3935.645182
3935.646182
3935.647182
3935.648182
3935.649182
3935.650181
3935.651181
3935.652181
3935.653183
3935.654182
3935.655182
3935.656182
3935.657182
3935.658182
3935.659181
3935.660181
3935.661181
3935.662183
3935.663182
3935.664182
3935.665182
3935.666182
3935.667182
3935.668181
3935.669181
3935.670181
3935.671183
3935.672182
3935.673182
3935.674182
3935.675182
3935.676182
3935.677181
3935.678181
3935.679181
3935.680182
3935.681182
3935.682182
3935.683182
3935.684182
3935.685182
3935.686181
3935.687181
3935.688181
3935.689182
3935.690182
3935.691182
3935.692182
3935.693182
3935.694181
3935.695181
3935.696181
3935.697183
3935.698182
3935.699182
3935.700182
3935.701182
3935.702182
3935.703181
3935.704181
3935.705181
3935.706183
3935.707182
3935.708182
3935.709182
3935.710182
3935.711182
3935.712181
3935.713181
3935.714181
3935.715183
3935.716182
3935.717182
3935.718182
3935.719182
3935.720182
3935.721181
3935.722181
3935.723181
3935.724183
3935.725182
3935.726182
3935.727182
3935.728182
3935.729182
3935.730181
3935.731181
3935.732181
3935.733183
3935.734182
3935.735182
3935.736182
3935.737182
3935.738182
3935.739181
3935.740181
3935.741181
3935.742182
3935.743182
3935.744182
3935.745182
3935.746182
3935.747182
3935.748181
3935.749181
3935.750181
3935.751182
3935.752182
3935.753182
3935.754182
3935.755182
3935.756181
3935.757181
3935.758181
3935.759183
3935.760182
3935.761182
3935.762182
3935.763182
3935.764182
3935.765181
3935.766181
3935.767181
3935.768183
3935.769182
3935.770182
3935.771182
3935.772182
3935.773182
3935.774181
3935.775181
3935.776181
3935.777183
3935.778182
3935.779182
3935.780182
3935.781182
3935.782182
3935.783181
3935.784181
3935.785181
3935.786183
3935.787182
3935.788182
3935.789182
3935.790182
3935.791182
3935.792181
3935.793181
3935.794181
3935.795183
3935.796182
3935.797182
3935.798182
3935.799182
3935.800182
3935.801181
3935.802181
3935.803181
3935.804182
3935.805182
3935.806182
3935.807182
3935.808182
3935.809182
3935.810181
3935.811181
3935.812181
3935.813182
3935.814182
3935.815182
3935.816182
3935.817182
3935.818181
3935.819181
3935.820181
3935.821183
3935.822182
3935.823182
3935.824182
3935.825182
3935.826182
3935.827181
3935.828181
3935.829181
3935.830183
3935.831182
3935.832182
3935.833182
3935.834182
3935.835182
3935.836181
3935.837181
3935.838181
3935.839183
3935.840182
3935.841182
3935.842182
3935.843182
3935.844182
3935.845181
3935.846181
3935.847181
3935.848183
3935.849182
3935.850182
3935.851182
3935.852182
3935.853182
3935.854181
3935.855181
3935.856181
3935.857183
3935.858182
3935.859182
3935.860182
3935.861182
3935.862182
3935.863181
3935.864181
3935.865181
3935.866182
3935.867182
3935.868182
3935.869182
3935.870182
3935.871182
3935.872181
3935.873181
3935.874181
3935.875182
3935.876182
3935.877182
3935.878182
3935.879182
3935.880181
3935.881181
3935.882181
3935.883183
3935.884182
3935.885182
3935.886182
3935.887182
3935.888182
3935.889181
3935.890181
3935.891181
3935.892183
3935.893182
3935.894182
3935.895182
3935.896182
3935.897182
3935.898181
3935.899181
3935.900181
3935.901183
3935.902182
3935.903182
3935.904182
3935.905182
3935.906182
3935.907181
3935.908181
3935.909181
3935.910183
3935.911182
3935.912182
3935.913182
3935.914182
3935.915182
3935.916181
3935.917181
3935.918181
3935.919183
3935.920182
