1087.683324
1087.684324
1087.685324
1087.686323
1087.687323
1087.688325
1087.689325
1087.690324
1087.691324
1087.692324
1087.693324
1087.694324
1087.695323
1087.696323
1087.697325
1087.698325
1087.699324
1087.700324
1087.701324
1087.702324
1087.703324
1087.704323
1087.705323
1087.706325
1087.707324
1087.708324
1087.709324
1087.710324
1087.711324
1087.712324
1087.713323
1087.714323
1087.715325
1087.716324
1087.717324
1087.718324
1087.719324
1087.720324
1087.721323
1087.722323
1087.723323
1087.724325
1087.725324
1087.726324
1087.727324
1087.728324
1087.729324
1087.730323
1087.731323
1087.732323
1087.733325
1087.734324
1087.735324
1087.736324
1087.737324
1087.738324
1087.739323
1087.740323
1087.741325
1087.742325
1087.743324
1087.744324
1087.745324
1087.746324
1087.747324
1087.748323
1087.749323
1087.750325
1087.751325
1087.752324
1087.753324
1087.754324
1087.755324
1087.756324
1087.757323
1087.758323
1087.759325
1087.760325
1087.761324
1087.762324
1087.763324
1087.764324
1087.765324
1087.766323
1087.767323
1087.768325
1087.769324
1087.770324
1087.771324
1087.772324
1087.773324
1087.774324
1087.775323
1087.776323
1087.777325
1087.778324
1087.779324
1087.780324
1087.781324
1087.782324
1087.783323
1087.784323
1087.785323
1087.786325
1087.787324
1087.788324
1087.789324
1087.790324
1087.791324
1087.792323
1087.793323
1087.794323
1087.795325
1087.796324
1087.797324
1087.798324
1087.799324
1087.800324
1087.801323
1087.802323
1087.803325
1087.804325
1087.805324
1087.806324
1087.807324
1087.808324
1087.809324
1087.810323
1087.811323
1087.812325
1087.813325
1087.814324
1087.815324
1087.816324
1087.817324
1087.818324
1087.819323
1087.820323
1087.821325
1087.822325
1087.823324
1087.824324
1087.825324
1087.826324
1087.827324
1087.828323
1087.829323
1087.830325
1087.831324
1087.832324
1087.833324
1087.834324
1087.835324
1087.836324
1087.837323
1087.838323
1087.839325
1087.840324
1087.841324
1087.842324
1087.843324
1087.844324
1087.845323
1087.846323
1087.847323
1087.848325
1087.849324
1087.850324
1087.851324
1087.852324
1087.853324
1087.854323
1087.855323
1087.856323
1087.857325
1087.858324
1087.859324
1087.860324
1087.861324
1087.862324
1087.863323
1087.864323
1087.865325
1087.866325
1087.867324
1087.868324
1087.869324
1087.870324
1087.871324
1087.872323
1087.873323
1087.874325
1087.875325
1087.876324
1087.877324
1087.878324
1087.879324
1087.880324
1087.881323
1087.882323
1087.883325
1087.884325
1087.885324
1087.886324
1087.887324
1087.888324
1087.889324
1087.890323
1087.891323
1087.892325
1087.893324
1087.894324
1087.895324
1087.896324
1087.897324
1087.898324
1087.899323
1087.900323
1087.901325
1087.902324
1087.903324
1087.904324
1087.905324
1087.906324
1087.907323
1087.908323
1087.909323
1087.910325
1087.911324
1087.912324
1087.913324
1087.914324
1087.915324
1087.916323
1087.917323
1087.918323
1087.919325
1087.920324
1087.921324
1087.922324
1087.923324
1087.924324
1087.925323
1087.926323
1087.927325
1087.928325
1087.929324
1087.930324
1087.931324
1087.932324
1087.933324
1087.934323
1087.935323
1087.936325
1087.937325
1087.938324
1087.939324
1087.940324
1087.941324
1087.942324
1087.943323
1087.944323
1087.945325
1087.946325
1087.947324
1087.948324
1087.949324
1087.950324
1087.951324
1087.952323
1087.953323
1087.954325
1087.955324
1087.956324
1087.957324
1087.958324
1087.959324
1087.960324
1087.961323
1087.962323
1087.963325
1087.964324
1087.965324
1087.966324
1087.967324
1087.968324
1087.969323
1087.970323
1087.971323
1087.972325
1087.973324
1087.974324
1087.975324
1087.976324
1087.977324
1087.978323
1087.979323
1087.980323
1087.981325
1087.982324
1087.983324
1087.984324
1087.985324
1087.986324
1087.987323
1087.988323
1087.989325
1087.990325
1087.991324
1087.992324
1087.993324
1087.994324
1087.995324
1087.996323
1087.997323
1087.998325
1087.999325
1088.000324
1088.001324
1088.002324
1088.003324
1088.004324
1088.005323
1088.006323
1088.007325
1088.008325
1088.009324
1088.010324
1088.011324
1088.012324
1088.013324
1088.014323
1088.015323
1088.016325
1088.017324
1088.018324
1088.019324
1088.020324
1088.021324
1088.022324
1088.023323
1088.024323
1088.025325
1088.026324
1088.027324
1088.028324
1088.029324
1088.030324
1088.031323
1088.032323
1088.033323
1088.034325
1088.035324
1088.036324
1088.037324
1088.038324
1088.039324
1088.040323
1088.041323
1088.042323
1088.043325
1088.044324
1088.045324
1088.046324
1088.047324
1088.048324
1088.049323
1088.050323
1088.051325
1088.052325
1088.053324
1088.054324
1088.055324
1088.056324
1088.057324
1088.058323
1088.059323
1088.060325
1088.061325
1088.062324
1088.063324
1088.064324
1088.065324
1088.066324
1088.067323
1088.068323
1088.069325
1088.070325
1088.071324
1088.072324
1088.073324
1088.074324
1088.075324
1088.076323
1088.077323
1088.078325
1088.079324
1088.080324
1088.081324
1088.082324
1088.083324
1088.084324
1088.085323
1088.086323
1088.087325
1088.088324
1088.089324
1088.090324
1088.091324
1088.092324
1088.093323
1088.094323
1088.095323
1088.096325
1088.097324
1088.098324
1088.099324
1088.100324
1088.101324
1088.102323
1088.103323
1088.104323
1088.105325
1088.106324
1088.107324
1088.108324
1088.109324
1088.110324
1088.111323
1088.112323
1088.113325
1088.114325
1088.115324
1088.116324
1088.117324
1088.118324
1088.119324
1088.120323
1088.121323
1088.122325
1088.123325
1088.124324
1088.125324
1088.126324
1088.127324
1088.128324
1088.129323
1088.130323
1088.131325
1088.132325
1088.133324
1088.134324
1088.135324
1088.136324
1088.137324
1088.138323
1088.139323
1088.140325
1088.141324
1088.142324
1088.143324
1088.144324
1088.145324
1088.146324
1088.147323
1088.148323
1088.149325
1088.150324
1088.151324
1088.152324
1088.153324
1088.154324
1088.155323
1088.156323
1088.157323
1088.158325
1088.159324
1088.160324
1088.161324
1088.162324
1088.163324
1088.164323
1088.165323
1088.166323
1088.167325
1088.168324
1088.169324
1088.170324
1088.171324
1088.172324
1088.173323
1088.174323
1088.175325
1088.176325
1088.177324
1088.178324
1088.179324
1088.180324
1088.181324
1088.182323
1088.183323
1088.184325
1088.185325
1088.186324
1088.187324
1088.188324
1088.189324
1088.190324
1088.191323
1088.192323
1088.193325
1088.194325
1088.195324
1088.196324
1088.197324
1088.198324
1088.199324
1088.200323
1088.201323
1088.202325
1088.203324
1088.204324
1088.205324
1088.206324
1088.207324
1088.208324
1088.209323
1088.210323
1088.211325
1088.212324
1088.213324
1088.214324
1088.215324
1088.216324
1088.217323
1088.218323
1088.219323
1088.220325
1088.221324
1088.222324
1088.223324
1088.224324
1088.225324
1088.226323
1088.227323
1088.228323
1088.229325
1088.230324
1088.231324
1088.232324
1088.233324
1088.234324
1088.235323
1088.236323
1088.237325
1088.238325
1088.239324
1088.240324
1088.241324
1088.242324
1088.243324
1088.244323
1088.245323
1088.246325
1088.247325
1088.248324
1088.249324
1088.250324
1088.251324
1088.252324
1088.253323
1088.254323
1088.255325
1088.256325
1088.257324
1088.258324
1088.259324
1088.260324
1088.261324
1088.262323
1088.263323
1088.264325
1088.265324
1088.266324
1088.267324
1088.268324
1088.269324
1088.270324
1088.271323
1088.272323
1088.273325
1088.274324
1088.275324
1088.276324
1088.277324
1088.278324
1088.279323
1088.280323
1088.281323
1088.282325
1088.283324
1088.284324
1088.285324
1088.286324
1088.287324
1088.288323
1088.289323
1088.290323
1088.291325
1088.292324
1088.293324
1088.294324
1088.295324
1088.296324
1088.297323
1088.298323
1088.299325
1088.300325
1088.301324
1088.302324
1088.303324
1088.304324
1088.305324
1088.306323
1088.307323
1088.308325
1088.309325
1088.310324
1088.311324
1088.312324
1088.313324
1088.314324
1088.315323
1088.316323
1088.317325
1088.318325
1088.319324
1088.320324
1088.321324
1088.322324
1088.323324
1088.324323
1088.325323
1088.326325
1088.327324
1088.328324
1088.329324
1088.330324
1088.331324
1088.332324
1088.333323
1088.334323
1088.335325
1088.336324
1088.337324
1088.338324
1088.339324
1088.340324
1088.341323
1088.342323
1088.343323
1088.344325
1088.345324
1088.346324
1088.347324
1088.348324
1088.349324
1088.350323
1088.351323
1088.352323
1088.353325
1088.354324
1088.355324
1088.356324
1088.357324
1088.358324
1088.359323
1088.360323
1088.361325
1088.362325
1088.363324
1088.364324
1088.365324
1088.366324
1088.367324
1088.368323
1088.369323
1088.370325
1088.371325
1088.372324
1088.373324
1088.374324
1088.375324
1088.376324
1088.377323
1088.378323
1088.379325
1088.380325
1088.381324
1088.382324
1088.383324
1088.384324
1088.385324
1088.386323
1088.387323
1088.388325
1088.389324
1088.390324
1088.391324
1088.392324
1088.393324
1088.394324
1088.395323
1088.396323
1088.397325
1088.398324
1088.399324
1088.400324
1088.401324
1088.402324
1088.403323
1088.404323
1088.405323
1088.406325
1088.407324
1088.408324
1088.409324
1088.410324
1088.411324
1088.412323
1088.413323
1088.414323
1088.415325
1088.416324
1088.417324
1088.418324
1088.419324
1088.420324
1088.421323
1088.422323
1088.423325
1088.424325
1088.425324
1088.426324
1088.427324
1088.428324
1088.429324
1088.430323
1088.431323
1088.432325
1088.433325
1088.434324
1088.435324
1088.436324
1088.437324
1088.438324
1088.439323
1088.440323
1088.441325
1088.442325
1088.443324
1088.444324
1088.445324
1088.446324
1088.447324
1088.448323
1088.449323
1088.450325
1088.451324
1088.452324
1088.453324
1088.454324
1088.455324
1088.456324
1088.457323
1088.458323
1088.459325
1088.460324
1088.461324
1088.462324
1088.463324
1088.464324
1088.465323
1088.466323
1088.467323
1088.468325
1088.469324
1088.470324
1088.471324
1088.472324
1088.473324
1088.474323
1088.475323
1088.476323
1088.477325
1088.478324
1088.479324
1088.480324
1088.481324
1088.482324
1088.483323
1088.484323
1088.485325
1088.486325
1088.487324
1088.488324
1088.489324
1088.490324
1088.491324
1088.492323
1088.493323
1088.494325
1088.495325
1088.496324
1088.497324
1088.498324
1088.499324
1088.500324
1088.501323
1088.502323
1088.503325
1088.504325
1088.505324
1088.506324
1088.507324
1088.508324
1088.509324
1088.510323
1088.511323
1088.512325
1088.513324
1088.514324
1088.515324
1088.516324
1088.517324
1088.518324
1088.519323
1088.520323
1088.521325
1088.522324
1088.523324
1088.524324
1088.525324
1088.526324
1088.527323
1088.528323
1088.529323
1088.530325
1088.531324
1088.532324
1088.533324
1088.534324
1088.535324
1088.536323
1088.537323
1088.538323
1088.539325
1088.540324
1088.541324
1088.542324
1088.543324
1088.544324
1088.545323
1088.546323
1088.547325
1088.548325
1088.549324
1088.550324
1088.551324
1088.552324
1088.553324
1088.554323
1088.555323
1088.556325
1088.557325
1088.558324
1088.559324
1088.560324
1088.561324
1088.562324
1088.563323
1088.564323
1088.565325
1088.566325
1088.567324
1088.568324
1088.569324
1088.570324
1088.571324
1088.572323
1088.573323
1088.574325
1088.575324
1088.576324
1088.577324
1088.578324
1088.579324
1088.580324
1088.581323
1088.582323
1088.583325
1088.584324
1088.585324
1088.586324
1088.587324
1088.588324
1088.589323
1088.590323
1088.591323
1088.592325
1088.593324
1088.594324
1088.595324
1088.596324
1088.597324
1088.598323
1088.599323
1088.600323
1088.601325
1088.602324
1088.603324
1088.604324
1088.605324
1088.606324
1088.607323
1088.608323
1088.609325
1088.610325
1088.611324
1088.612324
1088.613324
1088.614324
1088.615324
1088.616323
1088.617323
1088.618325
1088.619325
1088.620324
1088.621324
1088.622324
1088.623324
1088.624324
1088.625323
1088.626323
1088.627325
1088.628325
1088.629324
1088.630324
1088.631324
1088.632324
1088.633324
1088.634323
1088.635323
1088.636325
1088.637324
1088.638324
1088.639324
1088.640324
1088.641324
1088.642324
1088.643323
1088.644323
1088.645325
1088.646324
1088.647324
1088.648324
1088.649324
1088.650324
1088.651323
1088.652323
1088.653323
1088.654325
1088.655324
1088.656324
1088.657324
1088.658324
1088.659324
1088.660323
1088.661323
1088.662323
1088.663325
1088.664324
1088.665324
1088.666324
1088.667324
1088.668324
1088.669323
1088.670323
1088.671325
1088.672325
1088.673324
1088.674324
1088.675324
1088.676324
1088.677324
1088.678323
1088.679323
1088.680325
1088.681325
1088.682324
1088.683324
1088.684324
1088.685324
1088.686324
1088.687323
1088.688323
1088.689325
1088.690325
1088.691324
1088.692324
1088.693324
1088.694324
1088.695324
1088.696323
1088.697323
1088.698325
1088.699324
1088.700324
1088.701324
1088.702324
1088.703324
1088.704324
1088.705323
1088.706323
1088.707325
1088.708324
1088.709324
1088.710324
1088.711324
1088.712324
1088.713323
1088.714323
1088.715323
1088.716325
1088.717324
1088.718324
1088.719324
1088.720324
1088.721324
1088.722323
1088.723323
1088.724323
1088.725325
1088.726324
1088.727324
1088.728324
1088.729324
1088.730324
1088.731323
1088.732323
1088.733325
1088.734325
1088.735324
1088.736324
1088.737324
1088.738324
1088.739324
1088.740323
1088.741323
1088.742325
1088.743325
1088.744324
1088.745324
1088.746324
1088.747324
1088.748324
1088.749323
1088.750323
1088.751325
1088.752325
1088.753324
1088.754324
1088.755324
1088.756324
1088.757324
1088.758323
1088.759323
1088.760325
1088.761324
1088.762324
1088.763324
1088.764324
1088.765324
1088.766324
1088.767323
1088.768323
1088.769325
1088.770324
1088.771324
1088.772324
1088.773324
1088.774324
1088.775323
1088.776323
1088.777323
1088.778325
1088.779324
1088.780324
1088.781324
1088.782324
1088.783324
1088.784323
1088.785323
1088.786323
1088.787325
1088.788324
1088.789324
1088.790324
1088.791324
1088.792324
1088.793323
1088.794323
1088.795325
1088.796325
1088.797324
1088.798324
1088.799324
1088.800324
1088.801324
1088.802323
1088.803323
1088.804325
1088.805325
1088.806324
1088.807324
1088.808324
1088.809324
1088.810324
1088.811323
1088.812323
1088.813325
1088.814325
1088.815324
1088.816324
1088.817324
1088.818324
1088.819324
1088.820323
1088.821323
1088.822325
1088.823324
1088.824324
1088.825324
1088.826324
1088.827324
1088.828324
1088.829323
1088.830323
1088.831325
1088.832324
1088.833324
1088.834324
1088.835324
1088.836324
1088.837323
1088.838323
1088.839323
1088.840325
1088.841324
1088.842324
1088.843324
1088.844324
1088.845324
1088.846323
1088.847323
1088.848323
1088.849325
1088.850324
1088.851324
1088.852324
1088.853324
1088.854324
1088.855323
1088.856323
1088.857325
1088.858325
1088.859324
1088.860324
1088.861324
1088.862324
1088.863324
1088.864323
1088.865323
1088.866325
1088.867325
1088.868324
1088.869324
1088.870324
1088.871324
1088.872324
1088.873323
1088.874323
1088.875325
1088.876325
1088.877324
1088.878324
1088.879324
1088.880324
1088.881324
1088.882323
1088.883323
1088.884325
1088.885324
1088.886324
1088.887324
1088.888324
1088.889324
1088.890324
1088.891323
1088.892323
1088.893325
1088.894324
1088.895324
1088.896324
1088.897324
1088.898324
1088.899323
1088.900323
1088.901323
1088.902325
1088.903324
1088.904324
1088.905324
1088.906324
1088.907324
1088.908323
1088.909323
1088.910323
1088.911325
1088.912324
1088.913324
1088.914324
1088.915324
1088.916324
1088.917323
1088.918323
1088.919325
1088.920325
1088.921324
1088.922324
1088.923324
1088.924324
1088.925324
1088.926323
1088.927323
1088.928325
1088.929325
1088.930324
1088.931324
1088.932324
1088.933324
1088.934324
1088.935323
1088.936323
1088.937325
1088.938325
1088.939324
1088.940324
1088.941324
1088.942324
1088.943324
1088.944323
1088.945323
1088.946325
1088.947324
1088.948324
1088.949324
1088.950324
1088.951324
1088.952324
1088.953323
1088.954323
1088.955325
1088.956324
1088.957324
1088.958324
1088.959324
1088.960324
1088.961323
1088.962323
1088.963323
1088.964325
1088.965324
1088.966324
1088.967324
1088.968324
1088.969324
1088.970323
1088.971323
1088.972323
1088.973325
1088.974324
1088.975324
1088.976324
1088.977324
1088.978324
1088.979323
1088.980323
1088.981325
1088.982325
1088.983324
1088.984324
1088.985324
1088.986324
1088.987324
1088.988323
1088.989323
1088.990325
1088.991325
1088.992324
1088.993324
1088.994324
1088.995324
1088.996324
1088.997323
1088.998323
1088.999325
1089.000325
1089.001324
1089.002324
1089.003324
1089.004324
1089.005324
1089.006323
1089.007323
1089.008325
1089.009324
1089.010324
1089.011324
1089.012324
1089.013324
1089.014324
1089.015323
1089.016323
1089.017325
1089.018324
1089.019324
1089.020324
1089.021324
1089.022324
1089.023323
1089.024323
1089.025323
1089.026325
1089.027324
1089.028324
1089.029324
1089.030324
1089.031324
1089.032323
1089.033323
1089.034323
1089.035325
1089.036324
1089.037324
1089.038324
1089.039324
1089.040324
1089.041323
1089.042323
1089.043325
1089.044325
1089.045324
1089.046324
1089.047324
1089.048324
1089.049324
1089.050323
1089.051323
1089.052325
1089.053325
1089.054324
1089.055324
1089.056324
1089.057324
1089.058324
1089.059323
1089.060323
1089.061325
1089.062325
1089.063324
1089.064324
1089.065324
1089.066324
1089.067324
1089.068323
1089.069323
1089.070325
1089.071324
1089.072324
1089.073324
1089.074324
1089.075324
1089.076324
1089.077323
1089.078323
1089.079325
1089.080324
1089.081324
1089.082324
1089.083324
1089.084324
1089.085323
1089.086323
1089.087323
1089.088325
1089.089324
1089.090324
1089.091324
1089.092324
1089.093324
1089.094323
1089.095323
1089.096323
1089.097325
1089.098324
1089.099324
1089.100324
1089.101324
1089.102324
1089.103323
1089.104323
1089.105325
1089.106325
1089.107324
1089.108324
1089.109324
1089.110324
1089.111324
1089.112323
1089.113323
1089.114325
1089.115325
1089.116324
1089.117324
1089.118324
1089.119324
1089.120324
1089.121323
1089.122323
1089.123325
1089.124325
1089.125324
1089.126324
1089.127324
1089.128324
1089.129324
1089.130323
1089.131323
1089.132325
1089.133324
1089.134324
1089.135324
1089.136324
1089.137324
1089.138324
1089.139323
1089.140323
1089.141325
1089.142324
1089.143324
1089.144324
1089.145324
1089.146324
1089.147323
1089.148323
1089.149323
1089.257324
1089.258324
1089.259324
1089.260324
1089.261324
1089.262324
1089.263323
1089.266324
1089.267324
1089.269324
1089.270324
1089.271323
1089.272323
1089.273323
1089.274325
1089.275324
1089.277324
1089.278324
1089.279324
1089.280323
1089.281323
1089.282323
1089.284324
1089.285324
1089.286324
1089.287324
1089.288324
1089.289323
1089.291325
1089.292325
1089.294324
1089.295324
1089.296324
1089.298323
1089.299323
1089.300325
1089.301325
1089.302324
1089.303324
1089.304324
1089.305324
1089.306324
1089.308323
1089.310325
1089.311324
1089.312324
1089.313324
1089.314324
1089.315324
1089.316323
1089.317323
1089.318325
1089.319324
1089.320324
1089.321324
1089.322324
1089.323324
1089.324324
1089.325323
1089.326323
1089.328324
1089.329324
1089.330324
1089.331324
1089.332324
1089.333323
1089.334323
1089.335323
1089.336325
