4059.74521
4059.74621
4059.74721
4059.748209
4059.749209
4059.750211
4059.751211
4059.75221
4059.75321
4059.75421
4059.75521
4059.75621
4059.757209
4059.758209
4059.759211
4059.760211
4059.76121
4059.76221
4059.76321
4059.76421
4059.76521
4059.766209
4059.767209
4059.768211
4059.769211
4059.77021
4059.77121
4059.77221
4059.77321
4059.77421
4059.775209
4059.776209
4059.777211
4059.778211
4059.77921
4059.78021
4059.78121
4059.78221
4059.78321
4059.784209
4059.785211
4059.786211
4059.787211
4059.78821
4059.78921
4059.79021
4059.79121
4059.79221
4059.793209
4059.794211
4059.795211
4059.79621
4059.79721
4059.79821
4059.79921
4059.80021
4059.80121
4059.802209
4059.803211
4059.804211
4059.80521
4059.80621
4059.80721
4059.80821
4059.80921
4059.810209
4059.811209
4059.812211
4059.813211
4059.81421
4059.81521
4059.81621
4059.81721
4059.81821
4059.819209
4059.820209
4059.821211
4059.822211
4059.82321
4059.82421
4059.82521
4059.82621
4059.82721
4059.828209
4059.829209
4059.830211
4059.831211
4059.83221
4059.83321
4059.83421
4059.83521
4059.83621
4059.837209
4059.838209
4059.839211
4059.840211
4059.84121
4059.84221
4059.84321
4059.84421
4059.84521
4059.846209
4059.847211
4059.848211
4059.849211
4059.85021
4059.85121
4059.85221
4059.85321
4059.85421
4059.855209
4059.856211
4059.857211
4059.85821
4059.85921
4059.86021
4059.86121
4059.86221
4059.86321
4059.864209
4059.865211
4059.866211
4059.86721
4059.86821
4059.86921
4059.87021
4059.87121
4059.872209
4059.873209
4059.874211
4059.875211
4059.87621
4059.87721
4059.87821
4059.87921
4059.88021
4059.881209
4059.882209
4059.883211
4059.884211
4059.88521
4059.88621
4059.88721
4059.88821
4059.88921
4059.890209
4059.891209
4059.892211
4059.893211
4059.89421
4059.89521
4059.89621
4059.89721
4059.89821
4059.899209
4059.900209
4059.901211
4059.902211
4059.90321
4059.90421
4059.90521
4059.90621
4059.90721
4059.908209
4059.909211
4059.910211
4059.911211
4059.91221
4059.91321
4059.91421
4059.91521
4059.91621
4059.917209
4059.918211
4059.919211
4059.92021
4059.92121
4059.92221
4059.92321
4059.92421
4059.92521
4059.926209
4059.927211
4059.928211
4059.92921
4059.93021
4059.93121
4059.93221
4059.93321
4059.934209
4059.935209
4059.936211
4059.937211
4059.93821
4059.93921
4059.94021
4059.94121
4059.94221
4059.943209
4059.944209
4059.945211
4059.946211
4059.94721
4059.94821
4059.94921
4059.95021
4059.95121
4059.952209
4059.953209
4059.954211
4059.955211
4059.95621
4059.95721
4059.95821
4059.95921
4059.96021
4059.961209
4059.962209
4059.963211
4059.964211
4059.96521
4059.96621
4059.96721
4059.96821
4059.96921
4059.970209
4059.971211
4059.972211
4059.97321
4059.97421
4059.97521
4059.97621
4059.97721
4059.97821
4059.979209
4059.980211
4059.981211
4059.98221
4059.98321
4059.98421
4059.98521
4059.98621
4059.98721
4059.988209
4059.989211
4059.990211
4059.99121
4059.99221
4059.99321
4059.99421
4059.99521
4059.996209
4059.997209
4059.998211
4059.999211
4060.00021
4060.00121
4060.00221
4060.00321
4060.00421
4060.005209
4060.006209
4060.007211
4060.008211
4060.00921
4060.01021
4060.01121
4060.01221
4060.01321
4060.014209
4060.015209
4060.016211
4060.017211
4060.01821
4060.01921
4060.02021
4060.02121
4060.02221
4060.023209
4060.024209
4060.025211
4060.026211
4060.02721
4060.02821
4060.02921
4060.03021
4060.03121
4060.032209
4060.033211
4060.034211
4060.035211
4060.03621
4060.03721
4060.03821
4060.03921
4060.04021
4060.041209
4060.042211
4060.043211
4060.04421
4060.04521
4060.04621
4060.04721
4060.04821
4060.04921
4060.050209
4060.051211
4060.052211
4060.05321
4060.05421
4060.05521
4060.05621
4060.05721
4060.058209
4060.059209
4060.060211
4060.061211
4060.06221
4060.06321
4060.06421
4060.06521
4060.06621
4060.067209
4060.068209
4060.069211
4060.070211
4060.07121
4060.07221
4060.07321
4060.07421
4060.07521
4060.076209
4060.077209
4060.078211
4060.079211
4060.08021
4060.08121
4060.08221
4060.08321
4060.08421
4060.085209
4060.086209
4060.087211
4060.088211
4060.08921
4060.09021
4060.09121
4060.09221
4060.09321
4060.094209
4060.095211
4060.096211
4060.097211
4060.09821
4060.09921
4060.10021
4060.10121
4060.10221
4060.103209
4060.104211
4060.105211
4060.10621
4060.10721
4060.10821
4060.10921
4060.11021
4060.11121
4060.112209
4060.113211
4060.114211
4060.11521
4060.11621
4060.11721
4060.11821
4060.11921
4060.120209
4060.121209
4060.122211
4060.123211
4060.12421
4060.12521
4060.12621
4060.12721
4060.12821
4060.129209
4060.130209
4060.131211
4060.132211
4060.13321
4060.13421
4060.13521
4060.13621
4060.13721
4060.138209
4060.139209
4060.140211
4060.141211
4060.14221
4060.14321
4060.14421
4060.14521
4060.14621
4060.147209
4060.148209
4060.149211
4060.150211
4060.15121
4060.15221
4060.15321
4060.15421
4060.15521
4060.156209
4060.157211
4060.158211
4060.159211
4060.16021
4060.16121
4060.16221
4060.16321
4060.16421
4060.165209
4060.166211
4060.167211
4060.16821
4060.16921
4060.17021
4060.17121
4060.17221
4060.17321
4060.174209
4060.175211
4060.176211
4060.17721
4060.17821
4060.17921
4060.18021
4060.18121
4060.182209
4060.183209
4060.184211
4060.185211
4060.18621
4060.18721
4060.18821
4060.18921
4060.19021
4060.191209
4060.192209
4060.193211
4060.194211
4060.19521
4060.19621
4060.19721
4060.19821
4060.19921
4060.200209
4060.201209
4060.202211
4060.203211
4060.20421
4060.20521
4060.20621
4060.20721
4060.20821
4060.209209
4060.210209
4060.211211
4060.212211
4060.21321
4060.21421
4060.21521
4060.21621
4060.21721
4060.218209
4060.219211
4060.220211
4060.221211
4060.22221
4060.22321
4060.22421
4060.22521
4060.22621
4060.227209
4060.228211
4060.229211
4060.23021
4060.23121
4060.23221
4060.23321
4060.23421
4060.23521
4060.236209
4060.237211
4060.238211
4060.23921
4060.24021
4060.24121
4060.24221
4060.24321
4060.244209
4060.245209
4060.246211
4060.247211
4060.24821
4060.24921
4060.25021
4060.25121
4060.25221
4060.253209
4060.254209
4060.255211
4060.256211
4060.25721
4060.25821
4060.25921
4060.26021
4060.26121
4060.262209
4060.263209
4060.264211
4060.265211
4060.26621
4060.26721
4060.26821
4060.26921
4060.27021
4060.271209
4060.272209
4060.273211
4060.274211
4060.27521
4060.27621
4060.27721
4060.27821
4060.27921
4060.280209
4060.281211
4060.282211
4060.283211
4060.28421
4060.28521
4060.28621
4060.28721
4060.28821
4060.289209
4060.290211
4060.291211
4060.29221
4060.29321
4060.29421
4060.29521
4060.29621
4060.29721
4060.298209
4060.299211
4060.300211
4060.30121
4060.30221
4060.30321
4060.30421
4060.30521
4060.306209
4060.307209
4060.308211
4060.309211
4060.31021
4060.31121
4060.31221
4060.31321
4060.31421
4060.315209
4060.316209
4060.317211
4060.318211
4060.31921
4060.32021
4060.32121
4060.32221
4060.32321
4060.324209
4060.325209
4060.326211
4060.327211
4060.32821
4060.32921
4060.33021
4060.33121
4060.33221
4060.333209
4060.334209
4060.335211
4060.336211
4060.33721
4060.33821
4060.33921
4060.34021
4060.34121
4060.342209
4060.343211
4060.344211
4060.345211
4060.34621
4060.34721
4060.34821
4060.34921
4060.35021
4060.351209
4060.352211
4060.353211
4060.35421
4060.35521
4060.35621
4060.35721
4060.35821
4060.35921
4060.360209
4060.361211
4060.362211
4060.36321
4060.36421
4060.36521
4060.36621
4060.36721
4060.368209
4060.369209
4060.370211
4060.371211
4060.37221
4060.37321
4060.37421
4060.37521
4060.37621
4060.377209
4060.378209
4060.379211
4060.380211
4060.38121
4060.38221
4060.38321
4060.38421
4060.38521
4060.386209
4060.387209
4060.388211
4060.389211
4060.39021
4060.39121
4060.39221
4060.39321
4060.39421
4060.395209
4060.396209
4060.397211
4060.398211
4060.39921
4060.40021
4060.40121
4060.40221
4060.40321
4060.404209
4060.405211
4060.406211
4060.407211
4060.40821
4060.40921
4060.41021
4060.41121
4060.41221
4060.413209
4060.414211
4060.415211
4060.41621
4060.41721
4060.41821
4060.41921
4060.42021
4060.42121
4060.422209
4060.423211
4060.424211
4060.42521
4060.42621
4060.42721
4060.42821
4060.42921
4060.430209
4060.431209
4060.432211
4060.433211
4060.43421
4060.43521
4060.43621
4060.43721
4060.43821
4060.439209
4060.440209
4060.441211
4060.442211
4060.44321
4060.44421
4060.44521
4060.44621
4060.44721
4060.448209
4060.449209
4060.450211
4060.451211
4060.45221
4060.45321
4060.45421
4060.45521
4060.45621
4060.457209
4060.458209
4060.459211
4060.460211
4060.46121
4060.46221
4060.46321
4060.46421
4060.46521
4060.466209
4060.467211
4060.468211
4060.469211
4060.47021
4060.47121
4060.47221
4060.47321
4060.47421
4060.475209
4060.476211
4060.477211
4060.47821
4060.47921
4060.48021
4060.48121
4060.48221
4060.48321
4060.484209
4060.485211
4060.486211
4060.48721
4060.48821
4060.48921
4060.49021
4060.49121
4060.492209
4060.493209
4060.494211
4060.495211
4060.49621
4060.49721
4060.49821
4060.49921
4060.50021
4060.501209
4060.502209
4060.503211
4060.504211
4060.50521
4060.50621
4060.50721
4060.50821
4060.50921
4060.510209
4060.511209
4060.512211
4060.513211
4060.51421
4060.51521
4060.51621
4060.51721
4060.51821
4060.519209
4060.520209
4060.521211
4060.522211
4060.52321
4060.52421
4060.52521
4060.52621
4060.52721
4060.528209
4060.529211
4060.530211
4060.53121
4060.53221
4060.53321
4060.53421
4060.53521
4060.53621
4060.537209
4060.538211
4060.539211
4060.54021
4060.54121
4060.54221
4060.54321
4060.54421
4060.54521
4060.546209
4060.547211
4060.548211
4060.54921
4060.55021
4060.55121
4060.55221
4060.55321
4060.554209
4060.555209
4060.556211
4060.557211
4060.55821
4060.55921
4060.56021
4060.56121
4060.56221
4060.563209
4060.564209
4060.565211
4060.566211
4060.56721
4060.56821
4060.56921
4060.57021
4060.57121
4060.572209
4060.573209
4060.574211
4060.575211
4060.57621
4060.57721
4060.57821
4060.57921
4060.58021
4060.581209
4060.582209
4060.583211
4060.584211
4060.58521
4060.58621
4060.58721
4060.58821
4060.58921
4060.590209
4060.591211
4060.592211
4060.593211
4060.59421
4060.59521
4060.59621
4060.59721
4060.59821
4060.599209
4060.600211
4060.601211
4060.60221
4060.60321
4060.60421
4060.60521
4060.60621
4060.60721
4060.608209
4060.609211
4060.610211
4060.61121
4060.61221
4060.61321
4060.61421
4060.61521
4060.616209
4060.617209
4060.618211
4060.619211
4060.62021
4060.62121
4060.62221
4060.62321
4060.62421
4060.625209
4060.626209
4060.627211
4060.628211
4060.62921
4060.63021
4060.63121
4060.63221
4060.63321
4060.634209
4060.635209
4060.636211
4060.637211
4060.63821
4060.63921
4060.64021
4060.64121
4060.64221
4060.643209
4060.644209
4060.645211
4060.646211
4060.64721
4060.64821
4060.64921
4060.65021
4060.65121
4060.652209
4060.653211
4060.654211
4060.655211
4060.65621
4060.65721
4060.65821
4060.65921
4060.66021
4060.661209
4060.662211
4060.663211
4060.66421
4060.66521
4060.66621
4060.66721
4060.66821
4060.66921
4060.670209
4060.671211
4060.672211
4060.67321
4060.67421
4060.67521
4060.67621
4060.67721
4060.678209
4060.679209
4060.680211
4060.681211
4060.68221
4060.68321
4060.68421
4060.68521
4060.68621
4060.687209
4060.688209
4060.689211
4060.690211
4060.69121
4060.69221
4060.69321
4060.69421
4060.69521
4060.696209
4060.697209
4060.698211
4060.699211
4060.70021
4060.70121
4060.70221
4060.70321
4060.70421
4060.705209
4060.706209
4060.707211
4060.708211
4060.70921
4060.71021
4060.71121
4060.71221
4060.71321
4060.714209
4060.715211
4060.716211
4060.717211
4060.71821
4060.71921
4060.72021
4060.72121
4060.72221
4060.723209
4060.724211
4060.725211
4060.72621
4060.72721
4060.72821
4060.72921
4060.73021
4060.73121
4060.732209
4060.733211
4060.734211
4060.73521
4060.73621
4060.73721
4060.73821
4060.73921
4060.740209
4060.741209
4060.742211
4060.743211
4060.74421
4060.74521
4060.74621
4060.74721
4060.74821
4060.749209
4060.750209
4060.751211
4060.752211
4060.75321
4060.75421
4060.75521
4060.75621
4060.75721
4060.758209
4060.759209
4060.760211
4060.761211
4060.76221
4060.76321
4060.76421
4060.76521
4060.76621
4060.767209
4060.768209
4060.769211
4060.770211
4060.77121
4060.77221
4060.77321
4060.77421
4060.77521
4060.776209
4060.777211
4060.778211
4060.779211
4060.78021
4060.78121
4060.78221
4060.78321
4060.78421
4060.785209
4060.786211
4060.787211
4060.78821
4060.78921
4060.79021
4060.79121
4060.79221
4060.79321
4060.794209
4060.795211
4060.796211
4060.79721
4060.79821
4060.79921
4060.80021
4060.80121
4060.802209
4060.803209
4060.804211
4060.805211
4060.80621
4060.80721
4060.80821
4060.80921
4060.81021
4060.811209
4060.812209
4060.813211
4060.814211
4060.81521
4060.81621
4060.81721
4060.81821
4060.81921
4060.820209
4060.821209
4060.822211
4060.823211
4060.82421
4060.82521
4060.82621
4060.82721
4060.82821
4060.829209
4060.830209
4060.831211
4060.832211
4060.83321
4060.83421
4060.83521
4060.83621
4060.83721
4060.838209
4060.839211
4060.840211
4060.841211
4060.84221
4060.84321
4060.84421
4060.84521
4060.84621
4060.847209
4060.848211
4060.849211
4060.85021
4060.85121
4060.85221
4060.85321
4060.85421
4060.85521
4060.856209
4060.857211
4060.858211
4060.85921
4060.86021
4060.86121
4060.86221
4060.86321
4060.864209
4060.865209
4060.866211
4060.867211
4060.86821
4060.86921
4060.87021
4060.87121
4060.87221
4060.873209
4060.874209
4060.875211
4060.876211
4060.87721
4060.87821
4060.87921
4060.88021
4060.88121
4060.882209
4060.883209
4060.884211
4060.885211
4060.88621
4060.88721
4060.88821
4060.88921
4060.89021
4060.891209
4060.892209
4060.893211
4060.894211
4060.89521
4060.89621
4060.89721
4060.89821
4060.89921
4060.900209
4060.901211
4060.902211
4060.903211
4060.90421
4060.90521
4060.90621
4060.90721
4060.90821
4060.909209
4060.910211
4060.911211
4060.91221
4060.91321
4060.91421
4060.91521
4060.91621
4060.91721
4060.918209
4060.919211
4060.920211
4060.92121
4060.92221
4060.92321
4060.92421
4060.92521
4060.926209
4060.927209
4060.928211
4060.929211
4060.93021
4060.93121
4060.93221
4060.93321
4060.93421
4060.935209
4060.936209
4060.937211
4060.938211
4060.93921
4060.94021
4060.94121
4060.94221
4060.94321
4060.944209
4060.945209
4060.946211
4060.947211
4060.94821
4060.94921
4060.95021
4060.95121
4060.95221
4060.953209
4060.954209
4060.955211
4060.956211
4060.95721
4060.95821
4060.95921
4060.96021
4060.96121
4060.962209
4060.963211
4060.964211
4060.965211
4060.96621
4060.96721
4060.96821
4060.96921
4060.97021
4060.971209
4060.972211
4060.973211
4060.97421
4060.97521
4060.97621
4060.97721
4060.97821
4060.97921
4060.980209
4060.981211
4060.982211
4060.98321
4060.98421
4060.98521
4060.98621
4060.98721
4060.988209
4060.989209
4060.990211
4060.991211
4060.99221
4060.99321
4060.99421
4060.99521
4060.99621
4060.997209
4060.998209
4060.999211
4061.000211
4061.00121
4061.00221
4061.00321
4061.00421
4061.00521
4061.006209
4061.007209
4061.008211
4061.009211
4061.01021
4061.01121
4061.01221
4061.01321
4061.01421
4061.015209
4061.016209
4061.017211
4061.018211
4061.01921
4061.02021
4061.02121
4061.02221
4061.02321
4061.024209
4061.025211
4061.026211
4061.027211
4061.02821
4061.02921
4061.03021
4061.03121
4061.03221
4061.033209
4061.034211
4061.035211
4061.03621
4061.03721
4061.03821
4061.03921
4061.04021
4061.04121
4061.042209
4061.043211
4061.044211
4061.04521
4061.04621
4061.04721
4061.04821
4061.04921
4061.050209
4061.051209
4061.052211
4061.053211
4061.05421
4061.05521
4061.05621
4061.05721
4061.05821
4061.059209
4061.060209
4061.061211
4061.062211
4061.06321
4061.06421
4061.06521
4061.06621
4061.06721
4061.068209
4061.069209
4061.070211
4061.071211
4061.07221
4061.07321
4061.07421
4061.07521
4061.07621
4061.077209
4061.078209
4061.079211
4061.080211
4061.08121
4061.08221
4061.08321
4061.08421
4061.08521
4061.086209
4061.087211
4061.088211
4061.089211
4061.09021
4061.09121
4061.09221
4061.09321
4061.09421
4061.095209
4061.096211
4061.097211
4061.09821
4061.09921
4061.10021
4061.10121
4061.10221
4061.103209
4061.104209
4061.105211
4061.106211
4061.10721
4061.10821
4061.10921
4061.11021
4061.11121
4061.112209
4061.113209
4061.114211
4061.115211
4061.11621
4061.11721
4061.11821
4061.11921
4061.12021
4061.121209
4061.122209
4061.123211
4061.124211
4061.12521
4061.12621
4061.12721
4061.12821
4061.12921
4061.130209
4061.131209
4061.132211
4061.133211
4061.13421
4061.13521
4061.13621
4061.13721
4061.13821
4061.139209
4061.140209
4061.141211
4061.142211
4061.14321
4061.14421
4061.14521
4061.14621
4061.14721
4061.148209
4061.149211
4061.150211
4061.151211
4061.15221
4061.15321
4061.15421
4061.15521
4061.15621
4061.157209
4061.158211
4061.159211
4061.16021
4061.16121
4061.16221
4061.16321
4061.16421
4061.16521
4061.166209
4061.167211
4061.168211
4061.16921
4061.17021
4061.17121
4061.17221
4061.17321
4061.174209
4061.175209
4061.176211
4061.177211
4061.17821
4061.17921
4061.18021
4061.18121
4061.18221
4061.183209
4061.184209
4061.185211
4061.186211
4061.18721
4061.18821
4061.18921
4061.19021
4061.19121
4061.192209
4061.193209
4061.194211
4061.195211
4061.19621
4061.19721
4061.19821
4061.19921
4061.20021
4061.201209
4061.202209
4061.203211
4061.204211
4061.20521
4061.20621
4061.20721
4061.20821
4061.20921
4061.210209
4061.211211
4061.212211
4061.213211
4061.21421
4061.21521
4061.21621
4061.21721
4061.21821
4061.219209
4061.220211
4061.221211
4061.22221
4061.22321
4061.22421
4061.22521
4061.22621
4061.22721
4061.228209
4061.229211
4061.230211
4061.23121
4061.23221
4061.23321
4061.23421
4061.23521
4061.236209
4061.237209
4061.238211
4061.239211
4061.24021
4061.24121
4061.24221
4061.24321
4061.24421
4061.245209
4061.246209
4061.247211
4061.248211
4061.24921
4061.25021
4061.25121
4061.25221
4061.25321
4061.254209
4061.255209
4061.256211
4061.257211
4061.25821
4061.25921
4061.26021
4061.26121
4061.26221
4061.263209
4061.264209
4061.265211
4061.266211
4061.26721
4061.26821
4061.26921
4061.27021
4061.27121
4061.272209
4061.273211
4061.274211
4061.275211
4061.27621
4061.27721
4061.27821
4061.27921
4061.28021
4061.281209
4061.282211
4061.283211
4061.28421
4061.28521
4061.28621
4061.28721
4061.28821
4061.28921
4061.290209
4061.291211
4061.292211
4061.29321
4061.29421
4061.29521
4061.29621
4061.29721
4061.298209
4061.299209
4061.300211
4061.301211
4061.30221
4061.30321
4061.30421
4061.30521
4061.30621
4061.307209
4061.308209
4061.309211
4061.310211
4061.31121
4061.31221
4061.31321
4061.31421
4061.31521
4061.316209
4061.317209
4061.318211
4061.319211
4061.32021
4061.32121
4061.32221
4061.32321
4061.32421
4061.325209
4061.326209
4061.327211
4061.328211
4061.32921
4061.33021
4061.33121
4061.33221
4061.33321
4061.334209
4061.335211
4061.336211
4061.337211
4061.33821
4061.33921
4061.34021
4061.34121
4061.34221
4061.343209
4061.344211
4061.345211
4061.34621
4061.34721
4061.34821
4061.34921
4061.35021
4061.35121
4061.352209
4061.353211
4061.354211
4061.35521
4061.35621
4061.35721
4061.35821
4061.35921
4061.360209
4061.361209
4061.362211
4061.363211
4061.36421
4061.36521
4061.36621
4061.36721
4061.36821
4061.369209
4061.370209
4061.371211
4061.372211
4061.37321
4061.37421
4061.37521
4061.37621
4061.37721
4061.378209
4061.379209
4061.380211
4061.381211
4061.38221
4061.38321
4061.38421
4061.38521
4061.38621
4061.387209
4061.388209
4061.389211
4061.390211
4061.39121
4061.39221
4061.39321
4061.39421
4061.39521
4061.396209
4061.397211
4061.398211
4061.399211
4061.40021
4061.40121
4061.40221
4061.40321
4061.40421
4061.405209
4061.406211
4061.407211
4061.40821
4061.40921
4061.41021
4061.41121
4061.41221
4061.41321
4061.414209
4061.415211
4061.416211
4061.41721
4061.41821
4061.41921
4061.42021
4061.42121
4061.422209
4061.423209
4061.424211
4061.425211
4061.42621
4061.42721
4061.42821
4061.42921
4061.43021
4061.431209
4061.432209
4061.433211
4061.434211
4061.43521
4061.43621
4061.43721
4061.43821
4061.43921
4061.440209
4061.441209
4061.442211
4061.443211
4061.44421
4061.44521
4061.44621
4061.44721
4061.44821
4061.449209
4061.450209
4061.451211
4061.452211
4061.45321
4061.45421
4061.45521
4061.45621
4061.45721
4061.458209
4061.459211
4061.460211
4061.461211
4061.46221
4061.46321
4061.46421
4061.46521
4061.46621
4061.467209
4061.468211
4061.469211
4061.47021
4061.47121
4061.47221
4061.47321
4061.47421
4061.47521
4061.476209
4061.477211
4061.478211
4061.47921
4061.48021
4061.48121
4061.48221
4061.48321
4061.484209
4061.485209
4061.486211
4061.487211
4061.48821
4061.48921
4061.49021
4061.49121
4061.49221
4061.493209
4061.494209
4061.495211
4061.496211
4061.49721
4061.49821
4061.49921
4061.50021
4061.50121
4061.502209
4061.503209
4061.504211
4061.505211
4061.50621
4061.50721
4061.50821
4061.50921
4061.51021
4061.511209
4061.512209
4061.513211
4061.514211
4061.51521
4061.51621
4061.51721
4061.51821
4061.51921
4061.520209
4061.521211
4061.522211
4061.523211
4061.52421
4061.52521
4061.52621
4061.52721
4061.52821
4061.529209
4061.530211
4061.531211
4061.53221
4061.53321
4061.53421
4061.53521
4061.53621
4061.53721
4061.538209
4061.539211
4061.540211
4061.54121
4061.54221
4061.54321
4061.54421
4061.54521
4061.546209
4061.547209
4061.548211
4061.549211
4061.55021
4061.55121
4061.55221
4061.55321
4061.55421
4061.555209
4061.556209
4061.557211
4061.558211
4061.55921
4061.56021
4061.56121
4061.56221
4061.56321
4061.564209
4061.565209
4061.566211
4061.567211
4061.56821
4061.56921
4061.57021
4061.57121
4061.57221
4061.573209
4061.574209
4061.575211
4061.576211
4061.57721
4061.57821
4061.57921
4061.58021
4061.58121
4061.582209
4061.583211
4061.584211
4061.585211
4061.58621
4061.58721
4061.58821
4061.58921
4061.59021
4061.591209
4061.592211
4061.593211
4061.59421
4061.59521
4061.59621
4061.59721
4061.59821
4061.59921
4061.600209
4061.601211
4061.602211
4061.60321
4061.60421
4061.60521
4061.60621
4061.60721
4061.608209
4061.609209
4061.610211
4061.611211
4061.61221
4061.61321
4061.61421
4061.61521
4061.61621
4061.617209
4061.618209
4061.619211
4061.620211
4061.62121
4061.62221
4061.62321
4061.62421
4061.62521
4061.626209
4061.627209
4061.628211
4061.629211
4061.63021
4061.63121
4061.63221
4061.63321
4061.63421
4061.635209
4061.636209
4061.637211
4061.638211
4061.63921
4061.64021
4061.64121
4061.64221
4061.64321
4061.644209
4061.645211
4061.646211
4061.647211
4061.64821
4061.64921
4061.65021
4061.65121
4061.65221
4061.653209
4061.654211
4061.655211
4061.65621
4061.65721
4061.65821
4061.65921
4061.66021
4061.66121
4061.662209
4061.663211
4061.664211
4061.66521
4061.66621
4061.66721
4061.66821
4061.66921
4061.670209
4061.671209
4061.672211
4061.673211
4061.67421
4061.67521
4061.67621
4061.67721
4061.67821
4061.679209
4061.680209
4061.681211
4061.682211
4061.68321
4061.68421
4061.68521
4061.68621
4061.68721
4061.688209
4061.689209
4061.690211
4061.691211
4061.69221
4061.69321
4061.69421
4061.69521
4061.69621
4061.697209
4061.698209
4061.699211
4061.700211
4061.70121
4061.70221
4061.70321
4061.70421
4061.70521
4061.706209
4061.707211
4061.708211
4061.709211
4061.71021
4061.71121
4061.71221
4061.71321
4061.71421
4061.715209
4061.716211
4061.717211
4061.71821
4061.71921
4061.72021
4061.72121
4061.72221
4061.72321
4061.724209
4061.725211
4061.726211
4061.72721
4061.72821
4061.72921
4061.73021
4061.73121
4061.732209
4061.733209
4061.734211
4061.735211
4061.73621
4061.73721
4061.73821
4061.73921
4061.74021
4061.741209
4061.742209
4061.743211
4061.744211
4061.74521
4061.74621
4061.74721
4061.74821
4061.74921
4061.750209
4061.751209
