4220.032693
4220.033692
4220.034692
4220.035694
4220.036694
4220.037693
4220.038693
4220.039693
4220.040693
4220.041693
4220.042692
4220.043692
4220.044694
4220.045694
4220.046693
4220.047693
4220.048693
4220.049693
4220.050693
4220.051692
4220.052692
4220.053694
4220.054694
4220.055693
4220.056693
4220.057693
4220.058693
4220.059693
4220.060692
4220.061692
4220.062694
4220.063693
4220.064693
4220.065693
4220.066693
4220.067693
4220.068693
4220.069692
4220.070692
4220.071694
4220.072693
4220.073693
4220.074693
4220.075693
4220.076693
4220.077692
4220.078692
4220.079692
4220.080694
4220.081693
4220.082693
4220.083693
4220.084693
4220.085693
4220.086692
4220.087692
4220.088694
4220.089694
4220.090693
4220.091693
4220.092693
4220.093693
4220.094693
4220.095692
4220.096692
4220.097694
4220.098694
4220.099693
4220.100693
4220.101693
4220.102693
4220.103693
4220.104692
4220.105692
4220.106694
4220.107694
4220.108693
4220.109693
4220.110693
4220.111693
4220.112693
4220.113692
4220.114692
4220.115694
4220.116694
4220.117693
4220.118693
4220.119693
4220.120693
4220.121693
4220.122692
4220.123692
4220.124694
4220.125693
4220.126693
4220.127693
4220.128693
4220.129693
4220.130693
4220.131692
4220.132692
4220.133694
4220.134693
4220.135693
4220.136693
4220.137693
4220.138693
4220.139692
4220.140692
4220.141692
4220.142694
4220.143693
4220.144693
4220.145693
4220.146693
4220.147693
4220.148692
4220.149692
4220.150694
4220.151694
4220.152693
4220.153693
4220.154693
4220.155693
4220.156693
4220.157692
4220.158692
4220.159694
4220.160694
4220.161693
4220.162693
4220.163693
4220.164693
4220.165693
4220.166692
4220.167692
4220.168694
4220.169694
4220.170693
4220.171693
4220.172693
4220.173693
4220.174693
4220.175692
4220.176692
4220.177694
4220.178694
4220.179693
4220.180693
4220.181693
4220.182693
4220.183693
4220.184692
4220.185692
4220.186694
4220.187693
4220.188693
4220.189693
4220.190693
4220.191693
4220.192693
4220.193692
4220.194692
4220.195694
4220.196693
4220.197693
4220.198693
4220.199693
4220.200693
4220.201692
4220.202692
4220.203692
4220.204694
4220.205693
4220.206693
4220.207693
4220.208693
4220.209693
4220.210692
4220.211692
4220.212694
4220.213694
4220.214693
4220.215693
4220.216693
4220.217693
4220.218693
4220.219692
4220.220692
4220.221694
4220.222694
4220.223693
4220.224693
4220.225693
4220.226693
4220.227693
4220.228692
4220.229692
4220.230694
4220.231694
4220.232693
4220.233693
4220.234693
4220.235693
4220.236693
4220.237692
4220.238692
4220.239694
4220.240694
4220.241693
4220.242693
4220.243693
4220.244693
4220.245693
4220.246692
4220.247692
4220.248694
4220.249693
4220.250693
4220.251693
4220.252693
4220.253693
4220.254693
4220.255692
4220.256692
4220.257694
4220.258693
4220.259693
4220.260693
4220.261693
4220.262693
4220.263692
4220.264692
4220.265692
4220.266694
4220.267693
4220.268693
4220.269693
4220.270693
4220.271693
4220.272692
4220.273692
4220.274694
4220.275694
4220.276693
4220.277693
4220.278693
4220.279693
4220.280693
4220.281692
4220.282692
4220.283694
4220.284694
4220.285693
4220.286693
4220.287693
4220.288693
4220.289693
4220.290692
4220.291692
4220.292694
4220.293694
4220.294693
4220.295693
4220.296693
4220.297693
4220.298693
4220.299692
4220.300692
4220.301694
4220.302694
4220.303693
4220.304693
4220.305693
4220.306693
4220.307693
4220.308692
4220.309692
4220.310694
4220.311693
4220.312693
4220.313693
4220.314693
4220.315693
4220.316693
4220.317692
4220.318692
4220.319694
4220.320693
4220.321693
4220.322693
4220.323693
4220.324693
4220.325692
4220.326692
4220.327692
4220.328694
4220.329693
4220.330693
4220.331693
4220.332693
4220.333693
4220.334692
4220.335692
4220.336694
4220.337694
4220.338693
4220.339693
4220.340693
4220.341693
4220.342693
4220.343692
4220.344692
4220.345694
4220.346694
4220.347693
4220.348693
4220.349693
4220.350693
4220.351693
4220.352692
4220.353692
4220.354694
4220.355694
4220.356693
4220.357693
4220.358693
4220.359693
4220.360693
4220.361692
4220.362692
4220.363694
4220.364694
4220.365693
4220.366693
4220.367693
4220.368693
4220.369693
4220.370692
4220.371692
4220.372694
4220.373693
4220.374693
4220.375693
4220.376693
4220.377693
4220.378693
4220.379692
4220.380692
4220.381694
4220.382693
4220.383693
4220.384693
4220.385693
4220.386693
4220.387692
4220.388692
4220.389692
4220.390694
4220.391693
4220.392693
4220.393693
4220.394693
4220.395693
4220.396692
4220.397692
4220.398694
4220.399694
4220.400693
4220.401693
4220.402693
4220.403693
4220.404693
4220.405692
4220.406692
4220.407694
4220.408694
4220.409693
4220.410693
4220.411693
4220.412693
4220.413693
4220.414692
4220.415692
4220.416694
4220.417694
4220.418693
4220.419693
4220.420693
4220.421693
4220.422693
4220.423692
4220.424692
4220.425694
4220.426694
4220.427693
4220.428693
4220.429693
4220.430693
4220.431693
4220.432692
4220.433692
4220.434694
4220.435693
4220.436693
4220.437693
4220.438693
4220.439693
4220.440693
4220.441692
4220.442692
4220.443694
4220.444693
4220.445693
4220.446693
4220.447693
4220.448693
4220.449692
4220.450692
4220.451692
4220.452694
4220.453693
4220.454693
4220.455693
4220.456693
4220.457693
4220.458692
4220.459692
4220.460694
4220.461694
4220.462693
4220.463693
4220.464693
4220.465693
4220.466693
4220.467692
4220.468692
4220.469694
4220.470694
4220.471693
4220.472693
4220.473693
4220.474693
4220.475693
4220.476692
4220.477692
4220.478694
4220.479694
4220.480693
4220.481693
4220.482693
4220.483693
4220.484693
4220.485692
4220.486692
4220.487694
4220.488694
4220.489693
4220.490693
4220.491693
4220.492693
4220.493693
4220.494692
4220.495692
4220.496694
4220.497693
4220.498693
4220.499693
4220.500693
4220.501693
4220.502693
4220.503692
4220.504692
4220.505694
4220.506693
4220.507693
4220.508693
4220.509693
4220.510693
4220.511692
4220.512692
4220.513692
4220.514694
4220.515693
4220.516693
4220.517693
4220.518693
4220.519693
4220.520692
4220.521692
4220.522694
4220.523694
4220.524693
4220.525693
4220.526693
4220.527693
4220.528693
4220.529692
4220.530692
4220.531694
4220.532694
4220.533693
4220.534693
4220.535693
4220.536693
4220.537693
4220.538692
4220.539692
4220.540694
4220.541694
4220.542693
4220.543693
4220.544693
4220.545693
4220.546693
4220.547692
4220.548692
4220.549694
4220.550694
4220.551693
4220.552693
4220.553693
4220.554693
4220.555693
4220.556692
4220.557692
4220.558694
4220.559693
4220.560693
4220.561693
4220.562693
4220.563693
4220.564693
4220.565692
4220.566692
4220.567694
4220.568693
4220.569693
4220.570693
4220.571693
4220.572693
4220.573692
4220.574692
4220.575692
4220.576694
4220.577693
4220.578693
4220.579693
4220.580693
4220.581693
4220.582692
4220.583692
4220.584694
4220.585694
4220.586693
4220.587693
4220.588693
4220.589693
4220.590693
4220.591692
4220.592692
4220.593694
4220.594694
4220.595693
4220.596693
4220.597693
4220.598693
4220.599693
4220.600692
4220.601692
4220.602694
4220.603694
4220.604693
4220.605693
4220.606693
4220.607693
4220.608693
4220.609692
4220.610692
4220.611694
4220.612694
4220.613693
4220.614693
4220.615693
4220.616693
4220.617693
4220.618692
4220.619692
4220.620694
4220.621693
4220.622693
4220.623693
4220.624693
4220.625693
4220.626693
4220.627692
4220.628692
4220.629694
4220.630693
4220.631693
4220.632693
4220.633693
4220.634693
4220.635692
4220.636692
4220.637692
4220.638694
4220.639693
4220.640693
4220.641693
4220.642693
4220.643693
4220.644692
4220.645692
4220.646694
4220.647694
4220.648693
4220.649693
4220.650693
4220.651693
4220.652693
4220.653692
4220.654692
4220.655694
4220.656694
4220.657693
4220.658693
4220.659693
4220.660693
4220.661693
4220.662692
4220.663692
4220.664694
4220.665694
4220.666693
4220.667693
4220.668693
4220.669693
4220.670693
4220.671692
4220.672692
4220.673694
4220.674694
4220.675693
4220.676693
4220.677693
4220.678693
4220.679693
4220.680692
4220.681692
4220.682694
4220.683693
4220.684693
4220.685693
4220.686693
4220.687693
4220.688693
4220.689692
4220.690692
4220.691694
4220.692693
4220.693693
4220.694693
4220.695693
4220.696693
4220.697692
4220.698692
4220.699692
4220.700694
4220.701693
4220.702693
4220.703693
4220.704693
4220.705693
4220.706692
4220.707692
4220.708694
4220.709694
4220.710693
4220.711693
4220.712693
4220.713693
4220.714693
4220.715692
4220.716692
4220.717694
4220.718694
4220.719693
4220.720693
4220.721693
4220.722693
4220.723693
4220.724692
4220.725692
4220.726694
4220.727694
4220.728693
4220.729693
4220.730693
4220.731693
4220.732693
4220.733692
4220.734692
4220.735694
4220.736694
4220.737693
4220.738693
4220.739693
4220.740693
4220.741693
4220.742692
4220.743692
4220.744694
4220.745693
4220.746693
4220.747693
4220.748693
4220.749693
4220.750693
4220.751692
4220.752692
4220.753694
4220.754693
4220.755693
4220.756693
4220.757693
4220.758693
4220.759692
4220.760692
4220.761692
4220.762694
4220.763693
4220.764693
4220.765693
4220.766693
4220.767693
4220.768692
4220.769692
4220.770694
4220.771694
4220.772693
4220.773693
4220.774693
4220.775693
4220.776693
4220.777692
4220.778692
4220.779694
4220.780694
4220.781693
4220.782693
4220.783693
4220.784693
4220.785693
4220.786692
4220.787692
4220.788694
4220.789694
4220.790693
4220.791693
4220.792693
4220.793693
4220.794693
4220.795692
4220.796692
4220.797694
4220.798694
4220.799693
4220.800693
4220.801693
4220.802693
4220.803693
4220.804692
4220.805692
4220.806694
4220.807693
4220.808693
4220.809693
4220.810693
4220.811693
4220.812693
4220.813692
4220.814692
4220.815694
4220.816693
4220.817693
4220.818693
4220.819693
4220.820693
4220.821692
4220.822692
4220.823692
4220.824694
4220.825693
4220.826693
4220.827693
4220.828693
4220.829693
4220.830692
4220.831692
4220.832694
4220.833694
4220.834693
4220.835693
4220.836693
4220.837693
4220.838693
4220.839692
4220.840692
4220.841694
4220.842694
4220.843693
4220.844693
4220.845693
4220.846693
4220.847693
4220.848692
4220.849692
4220.850694
4220.851694
4220.852693
4220.853693
4220.854693
4220.855693
4220.856693
4220.857692
4220.858692
4220.859694
4220.860694
4220.861693
4220.862693
4220.863693
4220.864693
4220.865693
4220.866692
4220.867692
4220.868694
4220.869693
4220.870693
4220.871693
4220.872693
4220.873693
4220.874693
4220.875692
4220.876692
4220.877694
4220.878693
4220.879693
4220.880693
4220.881693
4220.882693
4220.883692
4220.884692
4220.885692
4220.886694
4220.887693
4220.888693
4220.889693
4220.890693
4220.891693
4220.892692
4220.893692
4220.894694
4220.895694
4220.896693
4220.897693
4220.898693
4220.899693
4220.900693
4220.901692
4220.902692
4220.903694
4220.904694
4220.905693
4220.906693
4220.907693
4220.908693
4220.909693
4220.910692
4220.911692
4220.912694
4220.913694
4220.914693
4220.915693
4220.916693
4220.917693
4220.918693
4220.919692
4220.920692
4220.921694
4220.922694
4220.923693
4220.924693
4220.925693
4220.926693
4220.927693
4220.928692
4220.929692
4220.930694
4220.931693
4220.932693
4220.933693
4220.934693
4220.935693
4220.936693
4220.937692
4220.938692
4220.939694
4220.940693
4220.941693
4220.942693
4220.943693
4220.944693
4220.945692
4220.946692
4220.947692
4220.948694
4220.949693
4220.950693
4220.951693
4220.952693
4220.953693
4220.954692
4220.955692
4220.956694
4220.957694
4220.958693
4220.959693
4220.960693
4220.961693
4220.962693
4220.963692
4220.964692
4220.965694
4220.966694
4220.967693
4220.968693
4220.969693
4220.970693
4220.971693
4220.972692
4220.973692
4220.974694
4220.975694
4220.976693
4220.977693
4220.978693
4220.979693
4220.980693
4220.981692
4220.982692
4220.983694
4220.984694
4220.985693
4220.986693
4220.987693
4220.988693
4220.989693
4220.990692
4220.991692
4220.992694
4220.993693
4220.994693
4220.995693
4220.996693
4220.997693
4220.998693
4220.999692
4221.000692
4221.001694
4221.002693
4221.003693
4221.004693
4221.005693
4221.006693
4221.007692
4221.008692
4221.009692
4221.010694
4221.011693
4221.012693
4221.013693
4221.014693
4221.015693
4221.016692
4221.017692
4221.018694
4221.019694
4221.020693
4221.021693
4221.022693
4221.023693
4221.024693
4221.025692
4221.026692
4221.027694
4221.028694
4221.029693
4221.030693
4221.031693
4221.032693
4221.033693
4221.034692
4221.035692
4221.036694
4221.037694
4221.038693
4221.039693
4221.040693
4221.041693
4221.042693
4221.043692
4221.044692
4221.045694
4221.046694
4221.047693
4221.048693
4221.049693
4221.050693
4221.051693
4221.052692
4221.053692
4221.054694
4221.055693
4221.056693
4221.057693
4221.058693
4221.059693
4221.060693
4221.061692
4221.062692
4221.063694
4221.064693
4221.065693
4221.066693
4221.067693
4221.068693
4221.069692
4221.070692
4221.071692
4221.072694
4221.073693
4221.074693
4221.075693
4221.076693
4221.077693
4221.078692
4221.079692
4221.080694
4221.081694
4221.082693
4221.083693
4221.084693
4221.085693
4221.086693
4221.087692
4221.088692
4221.089694
4221.090694
4221.091693
4221.092693
4221.093693
4221.094693
4221.095693
4221.096692
4221.097692
4221.098694
4221.099694
4221.100693
4221.101693
4221.102693
4221.103693
4221.104693
4221.105692
4221.106692
4221.107694
4221.108694
4221.109693
4221.110693
4221.111693
4221.112693
4221.113693
4221.114692
4221.115692
4221.116694
4221.117693
4221.118693
4221.119693
4221.123692
4221.124692
4221.125694
4221.126693
4221.127693
4221.128693
4221.129693
4221.130693
4221.131692
4221.132692
4221.134694
4221.138693
4221.139693
4221.140692
4221.141692
4221.142694
4221.143694
4221.144693
4221.145693
4221.146693
4221.147693
4221.148693
4221.149692
4221.150692
4221.160694
4221.161694
4221.162693
4221.163693
4221.164693
4221.165693
4221.166693
4221.167692
4221.168692
4221.169694
4221.170694
4221.171693
4221.172693
4221.173693
4221.174693
4221.175693
4221.176692
4221.177692
4221.178694
4221.179693
4221.180693
4221.181693
4221.182693
4221.183693
4221.184693
4221.185692
4221.186692
4221.187694
4221.188693
4221.189693
4221.191693
4221.192693
4221.194692
4221.195692
4221.196694
4221.197693
4221.198693
4221.199693
4221.200693
4221.201693
4221.202692
4221.203692
4221.206693
4221.230692
4221.231694
4221.232694
4221.233693
4221.235693
4221.236693
4221.238692
4221.240694
4221.241693
4221.242693
4221.243693
4221.244693
4221.245693
4221.246693
4221.247692
4221.248692
4221.249694
4221.250693
4221.251693
4221.252693
4221.255692
4221.256692
4221.257692
4221.258694
4221.259693
4221.260693
4221.261693
4221.262693
4221.263693
4221.264692
4221.266694
4221.267694
4221.268693
4221.269693
4221.270693
4221.271693
4221.272693
4221.275694
4221.276694
4221.281693
4221.282692
4221.283692
4221.284694
4221.285694
4221.286693
4221.287693
4221.288693
4221.289693
4221.290693
4221.291692
4221.292692
4221.293694
4221.294694
4221.295693
4221.296693
4221.300692
4221.301692
4221.302694
4221.303693
4221.304693
4221.305693
4221.308693
4221.309692
4221.310692
4221.312693
4221.313693
4221.314693
4221.315693
4221.316693
4221.317692
4221.318692
4221.320694
4221.321693
4221.322693
4221.323693
4221.324693
4221.328694
4221.329694
4221.330693
4221.331693
4221.332693
4221.333693
4221.334693
4221.335692
4221.336692
4221.337694
4221.338694
4221.339693
4221.340693
4221.343693
4221.344692
4221.345692
4221.346694
4221.347694
4221.348693
4221.349693
4221.352693
4221.353692
4221.354692
4221.355694
4221.356694
4221.357693
4221.360693
4221.398692
4221.400694
4221.401693
4221.402693
4221.403693
4221.404693
4221.405693
4221.406692
4221.407692
4221.408694
4221.409694
4221.410693
4221.411693
4221.412693
4221.413693
4221.414693
4221.415692
4221.416692
4221.417694
4221.418694
4221.419693
4221.420693
4221.421693
4221.422693
4221.423693
4221.424692
4221.425692
4221.426694
4221.427693
4221.428693
4221.429693
4221.430693
4221.431693
4221.432693
4221.433692
4221.434692
4221.435694
4221.436693
4221.437693
4221.438693
4221.439693
4221.440693
4221.441692
4221.442692
4221.443692
4221.444694
4221.445693
4221.446693
4221.447693
4221.448693
4221.449693
4221.450692
4221.451692
4221.452694
4221.453694
4221.454693
4221.455693
4221.456693
4221.457693
4221.458693
4221.459692
4221.460692
4221.461694
4221.462694
4221.463693
4221.464693
4221.465693
4221.466693
4221.467693
4221.468692
4221.469692
4221.470694
4221.471694
4221.472693
4221.473693
4221.474693
4221.475693
4221.476693
4221.477692
4221.478692
4221.479694
4221.480694
4221.481693
4221.482693
4221.483693
4221.484693
4221.485693
4221.486692
4221.487692
4221.488694
4221.489693
4221.490693
4221.491693
4221.492693
4221.493693
4221.494693
4221.495692
4221.496692
4221.497694
4221.498693
4221.499693
4221.500693
4221.501693
4221.502693
4221.503692
4221.504692
4221.505692
4221.506694
4221.507693
4221.508693
4221.509693
4221.510693
4221.511693
4221.513692
4221.514694
4221.515694
4221.516693
4221.517693
4221.518693
4221.519693
4221.520693
4221.521692
4221.522692
4221.523694
4221.524694
4221.525693
4221.526693
4221.527693
4221.528693
4221.529693
4221.530692
4221.531692
4221.532694
4221.533694
4221.534693
4221.535693
4221.536693
4221.537693
4221.538693
4221.539692
4221.540692
4221.541694
4221.542694
4221.543693
4221.544693
4221.545693
4221.546693
4221.547693
4221.548692
4221.549692
4221.550694
4221.551693
4221.552693
4221.553693
4221.554693
4221.555693
4221.556693
4221.557692
4221.558692
4221.559694
4221.560693
4221.561693
4221.562693
4221.563693
4221.564693
4221.565692
4221.566692
4221.567692
4221.568694
4221.569693
4221.570693
4221.571693
4221.572693
4221.573693
4221.574692
4221.575692
4221.576694
4221.577694
4221.578693
4221.579693
4221.580693
4221.581693
4221.582693
4221.583692
4221.584692
4221.585694
4221.586694
4221.587693
4221.588693
4221.589693
4221.590693
4221.591693
4221.592692
4221.593692
4221.594694
4221.595694
4221.596693
4221.597693
4221.598693
4221.599693
4221.600693
4221.601692
4221.602692
4221.603694
4221.604694
4221.605693
4221.606693
4221.607693
4221.608693
4221.609693
4221.610692
4221.611692
4221.612694
