1416.666967
1416.667967
1416.668967
1416.669967
1416.670967
1416.671966
1416.672966
1416.673968
1416.674967
1416.675967
1416.676967
1416.677967
1416.678967
1416.679966
1416.680966
1416.681968
1416.682968
1416.683967
1416.684967
1416.685967
1416.686967
1416.687967
1416.688966
1416.689966
1416.690968
1416.691968
1416.692967
1416.693967
1416.694967
1416.695967
1416.696967
1416.697966
1416.698966
1416.699968
1416.700968
1416.701967
1416.702967
1416.703967
1416.704967
1416.705967
1416.706966
1416.707966
1416.708968
1416.709968
1416.710967
1416.711967
1416.712967
1416.713967
1416.714967
1416.715966
1416.716966
1416.717968
1416.718968
1416.719967
1416.720967
1416.721967
1416.722967
1416.723967
1416.724966
1416.725966
1416.726968
1416.727967
1416.728967
1416.729967
1416.730967
1416.731967
1416.732967
1416.733966
1416.734966
1416.735968
1416.736967
1416.737967
1416.738967
1416.739967
1416.740967
1416.741966
1416.742966
1416.743966
1416.744968
1416.745967
1416.746967
1416.747967
1416.748967
1416.749967
1416.750966
1416.751966
1416.752968
1416.753968
1416.754967
1416.755967
1416.756967
1416.757967
1416.758967
1416.759966
1416.760966
1416.761968
1416.762968
1416.763967
1416.764967
1416.765967
1416.766967
1416.767967
1416.768966
1416.769966
1416.770968
1416.771968
1416.772967
1416.773967
1416.774967
1416.775967
1416.776967
1416.777966
1416.778966
1416.779968
1416.780968
1416.781967
1416.782967
1416.783967
1416.784967
1416.785967
1416.786966
1416.787966
1416.788968
1416.789967
1416.790967
1416.791967
1416.792967
1416.793967
1416.794967
1416.795966
1416.796966
1416.797968
1416.798967
1416.799967
1416.800967
1416.801967
1416.802967
1416.803966
1416.804966
1416.805966
1416.806968
1416.807967
1416.808967
1416.809967
1416.810967
1416.811967
1416.812966
1416.813966
1416.814968
1416.815968
1416.816967
1416.817967
1416.818967
1416.819967
1416.820967
1416.821966
1416.822966
1416.823968
1416.824968
1416.825967
1416.826967
1416.827967
1416.828967
1416.829967
1416.830966
1416.831966
1416.832968
1416.833968
1416.834967
1416.835967
1416.836967
1416.837967
1416.838967
1416.839966
1416.840966
1416.841968
1416.842968
1416.843967
1416.844967
1416.845967
1416.846967
1416.847967
1416.848966
1416.849966
1416.850968
1416.851967
1416.852967
1416.853967
1416.854967
1416.855967
1416.856967
1416.857966
1416.858966
1416.859968
1416.860967
1416.861967
1416.862967
1416.863967
1416.864967
1416.865966
1416.866966
1416.867968
1416.868968
1416.869967
1416.870967
1416.871967
1416.872967
1416.873967
1416.874966
1416.875966
1416.876968
1416.877968
1416.878967
1416.879967
1416.880967
1416.881967
1416.882967
1416.883966
1416.884966
1416.885968
1416.886968
1416.887967
1416.888967
1416.889967
1416.890967
1416.891967
1416.892966
1416.893966
1416.894968
1416.895968
1416.896967
1416.897967
1416.898967
1416.899967
1416.900967
1416.901966
1416.902966
1416.903968
1416.904968
1416.905967
1416.906967
1416.907967
1416.908967
1416.909967
1416.910966
1416.911966
1416.912968
1416.913967
1416.914967
1416.915967
1416.916967
1416.917967
1416.918967
1416.919966
1416.920966
1416.921968
1416.922967
1416.923967
1416.924967
1416.925967
1416.926967
1416.927966
1416.928966
1416.929966
1416.930968
1416.931967
1416.932967
1416.933967
1416.934967
1416.935967
1416.936966
1416.937966
1416.938968
1416.939968
1416.940967
1416.941967
1416.942967
1416.943967
1416.944967
1416.945966
1416.946966
1416.947968
1416.948968
1416.949967
1416.950967
1416.951967
1416.952967
1416.953967
1416.954966
1416.955966
1416.956968
1416.957968
1416.958967
1416.959967
1416.960967
1416.961967
1416.962967
1416.963966
1416.964966
1416.965968
1416.966968
1416.967967
1416.968967
1416.969967
1416.970967
1416.971967
1416.972966
1416.973966
1416.974968
1416.975967
1416.976967
1416.977967
1416.978967
1416.979967
1416.980967
1416.981966
1416.982966
1416.983968
1416.984967
1416.985967
1416.986967
1416.987967
1416.988967
1416.989966
1416.990966
1416.991966
1416.992968
1416.993967
1416.994967
1416.995967
1416.996967
1416.997967
1416.998966
1416.999966
1417.000968
1417.001968
1417.002967
1417.003967
1417.004967
1417.005967
1417.006967
1417.007966
1417.008966
1417.009968
1417.010968
1417.011967
1417.012967
1417.013967
1417.014967
1417.015967
1417.016966
1417.017966
1417.018968
1417.019968
1417.020967
1417.021967
1417.022967
1417.023967
1417.024967
1417.025966
1417.026966
1417.027968
1417.028968
1417.029967
1417.030967
1417.031967
1417.032967
1417.033967
1417.034966
1417.035966
1417.036968
1417.037967
1417.038967
1417.039967
1417.040967
1417.041967
1417.042967
1417.043966
1417.044966
1417.045968
1417.046967
1417.047967
1417.048967
1417.049967
1417.050967
1417.051966
1417.052966
1417.053966
1417.054968
1417.055967
1417.056967
1417.057967
1417.058967
1417.059967
1417.060966
1417.061966
1417.062968
1417.063968
1417.064967
1417.065967
1417.066967
1417.067967
1417.068967
1417.069966
1417.070966
1417.071968
1417.072968
1417.073967
1417.074967
1417.075967
1417.076967
1417.077967
1417.078966
1417.079966
1417.080968
1417.081968
1417.082967
1417.083967
1417.084967
1417.085967
1417.086967
1417.087966
1417.088966
1417.089968
1417.090968
1417.091967
1417.092967
1417.093967
1417.094967
1417.095967
1417.096966
1417.097966
1417.098968
1417.099967
1417.100967
1417.101967
1417.102967
1417.103967
1417.104967
1417.105966
1417.106966
1417.107968
1417.108967
1417.109967
1417.110967
1417.111967
1417.112967
1417.113966
1417.114966
1417.115966
1417.116968
1417.117967
1417.118967
1417.119967
1417.120967
1417.121967
1417.122966
1417.123966
1417.124968
1417.125968
1417.126967
1417.127967
1417.128967
1417.129967
1417.130967
1417.131966
1417.132966
1417.133968
1417.134968
1417.135967
1417.136967
1417.137967
1417.138967
1417.139967
1417.140966
1417.141966
1417.142968
1417.143968
1417.144967
1417.145967
1417.146967
1417.147967
1417.148967
1417.149966
1417.150966
1417.151968
1417.152968
1417.153967
1417.154967
1417.155967
1417.156967
1417.157967
1417.158966
1417.159966
1417.160968
1417.161967
1417.162967
1417.163967
1417.164967
1417.165967
1417.166967
1417.167966
1417.168966
1417.169968
1417.170967
1417.171967
1417.172967
1417.173967
1417.174967
1417.175966
1417.176966
1417.177966
1417.178968
1417.179967
1417.180967
1417.181967
1417.182967
1417.183967
1417.184966
1417.185966
1417.186968
1417.187968
1417.188967
1417.189967
1417.190967
1417.191967
1417.192967
1417.193966
1417.194966
1417.195968
1417.196968
1417.197967
1417.198967
1417.199967
1417.200967
1417.201967
1417.202966
1417.203966
1417.204968
1417.205968
1417.206967
1417.207967
1417.208967
1417.209967
1417.210967
1417.211966
1417.212966
1417.213968
1417.214968
1417.215967
1417.216967
1417.217967
1417.218967
1417.219967
1417.220966
1417.221966
1417.222968
1417.223967
1417.224967
1417.225967
1417.226967
1417.227967
1417.228967
1417.229966
1417.230966
1417.231968
1417.232967
1417.233967
1417.234967
1417.235967
1417.236967
1417.237966
1417.238966
1417.239966
1417.240968
1417.241967
1417.242967
1417.243967
1417.244967
1417.245967
1417.246966
1417.247966
1417.248968
1417.249968
1417.250967
1417.251967
1417.252967
1417.253967
1417.254967
1417.255966
1417.256966
1417.257968
1417.258968
1417.259967
1417.260967
1417.261967
1417.262967
1417.263967
1417.264966
1417.265966
1417.266968
1417.267968
1417.268967
1417.269967
1417.270967
1417.271967
1417.272967
1417.273966
1417.274966
1417.275968
1417.276968
1417.277967
1417.278967
1417.279967
1417.280967
1417.281967
1417.282966
1417.283966
1417.284968
1417.285967
1417.286967
1417.287967
1417.288967
1417.289967
1417.290967
1417.291966
1417.292966
1417.293968
1417.294967
1417.295967
1417.296967
1417.297967
1417.298967
1417.299966
1417.300966
1417.301966
1417.302968
1417.303967
1417.304967
1417.305967
1417.306967
1417.307967
1417.308966
1417.309966
1417.310968
1417.311968
1417.312967
1417.313967
1417.314967
1417.315967
1417.316967
1417.317966
1417.318966
1417.319968
1417.320968
1417.321967
1417.322967
1417.323967
1417.324967
1417.325967
1417.326966
1417.327966
1417.328968
1417.329968
1417.330967
1417.331967
1417.332967
1417.333967
1417.334967
1417.335966
1417.336966
1417.337968
1417.338968
1417.339967
1417.340967
1417.341967
1417.342967
1417.343967
1417.344966
1417.345966
1417.346968
1417.347967
1417.348967
1417.349967
1417.350967
1417.351967
1417.352967
1417.353966
1417.354966
1417.355968
1417.356967
1417.357967
1417.358967
1417.359967
1417.360967
1417.361966
1417.362966
1417.363968
1417.364968
1417.365967
1417.366967
1417.367967
1417.368967
1417.369967
1417.370966
1417.371966
1417.372968
1417.373968
1417.374967
1417.375967
1417.376967
1417.377967
1417.378967
1417.379966
1417.380966
1417.381968
1417.382968
1417.383967
1417.384967
1417.385967
1417.386967
1417.387967
1417.388966
1417.389966
1417.390968
1417.391968
1417.392967
1417.393967
1417.394967
1417.395967
1417.396967
1417.397966
1417.398966
1417.399968
1417.400968
1417.401967
1417.402967
1417.403967
1417.404967
1417.405967
1417.406966
1417.407966
1417.408968
1417.409967
1417.410967
1417.411967
1417.412967
1417.413967
1417.414967
1417.415966
1417.416966
1417.417968
1417.418967
1417.419967
1417.420967
1417.421967
1417.422967
1417.423966
1417.424966
1417.425966
1417.426968
1417.427967
1417.428967
1417.429967
1417.430967
1417.431967
1417.432966
1417.433966
1417.434968
1417.435968
1417.436967
1417.437967
1417.438967
1417.439967
1417.440967
1417.441966
1417.442966
1417.443968
1417.444968
1417.445967
1417.446967
1417.447967
1417.448967
1417.449967
1417.450966
1417.451966
1417.452968
1417.453968
1417.454967
1417.455967
1417.456967
1417.457967
1417.458967
1417.459966
1417.460966
1417.461968
1417.462968
1417.463967
1417.464967
1417.465967
1417.466967
1417.467967
1417.468966
1417.469966
1417.470968
1417.471967
1417.472967
1417.473967
1417.474967
1417.475967
1417.476967
1417.477966
1417.478966
1417.479968
1417.480967
1417.481967
1417.482967
1417.483967
1417.484967
1417.485966
1417.486966
1417.487966
1417.488968
1417.489967
1417.490967
1417.491967
1417.492967
1417.493967
1417.494966
1417.495966
1417.496968
1417.497968
1417.498967
1417.499967
1417.500967
1417.501967
1417.502967
1417.503966
1417.504966
1417.505968
1417.506968
1417.507967
1417.508967
1417.509967
1417.510967
1417.511967
1417.512966
1417.513966
1417.514968
1417.515968
1417.516967
1417.517967
1417.518967
1417.519967
1417.520967
1417.521966
1417.522966
1417.523968
1417.524968
1417.525967
1417.526967
1417.527967
1417.528967
1417.529967
1417.530966
1417.531966
1417.532968
1417.533967
1417.534967
1417.535967
1417.536967
1417.537967
1417.538967
1417.539966
1417.540966
1417.541968
1417.542967
1417.543967
1417.544967
1417.545967
1417.546967
1417.547966
1417.548966
1417.549968
1417.550968
1417.551967
1417.552967
1417.553967
1417.554967
1417.555967
1417.556966
1417.557966
1417.558968
1417.559968
1417.560967
1417.561967
1417.562967
1417.563967
1417.564967
1417.565966
1417.566966
1417.567968
1417.568968
1417.569967
1417.570967
1417.571967
1417.572967
1417.573967
1417.574966
1417.575966
1417.576968
1417.577968
1417.578967
1417.579967
1417.580967
1417.581967
1417.582967
1417.583966
1417.584966
1417.585968
1417.586968
1417.587967
1417.588967
1417.589967
1417.590967
1417.591967
1417.592966
1417.593966
1417.594968
1417.595967
1417.596967
1417.597967
1417.598967
1417.599967
1417.600967
1417.601966
1417.602966
1417.603968
1417.604967
1417.605967
1417.606967
1417.607967
1417.608967
1417.609966
1417.610966
1417.611966
1417.612968
1417.613967
1417.614967
1417.615967
1417.616967
1417.617967
1417.618966
1417.619966
1417.620968
1417.621968
1417.622967
1417.623967
1417.624967
1417.625967
1417.626967
1417.627966
1417.628966
1417.629968
1417.630968
1417.631967
1417.632967
1417.633967
1417.634967
1417.635967
1417.636966
1417.637966
1417.638968
1417.639968
1417.640967
1417.641967
1417.642967
1417.643967
1417.644967
1417.645966
1417.646966
1417.647968
1417.648968
1417.649967
1417.650967
1417.651967
1417.652967
1417.653967
1417.654966
1417.655966
1417.656968
1417.657967
1417.658967
1417.659967
1417.660967
1417.661967
1417.662967
1417.663966
1417.664966
1417.665968
1417.666967
1417.667967
1417.668967
1417.669967
1417.670967
1417.671966
1417.672966
1417.673966
1417.674968
1417.675967
1417.676967
1417.677967
1417.678967
1417.679967
1417.680966
1417.681966
1417.682968
1417.683968
1417.684967
1417.685967
1417.686967
1417.687967
1417.688967
1417.689966
1417.690966
1417.691968
1417.692968
1417.693967
1417.694967
1417.695967
1417.696967
1417.697967
1417.698966
1417.699966
1417.700968
1417.701968
1417.702967
1417.703967
1417.704967
1417.705967
1417.706967
1417.707966
1417.708966
1417.709968
1417.710968
1417.711967
1417.712967
1417.713967
1417.714967
1417.715967
1417.716966
1417.717966
1417.718968
1417.719967
1417.720967
1417.721967
1417.722967
1417.723967
1417.724967
1417.725966
1417.726966
1417.727968
1417.728967
1417.729967
1417.730967
1417.731967
1417.732967
1417.733966
1417.734966
1417.735968
1417.736968
1417.737967
1417.738967
1417.739967
1417.740967
1417.741967
1417.742966
1417.743966
1417.744968
1417.745968
1417.746967
1417.747967
1417.748967
1417.749967
1417.750967
1417.751966
1417.752966
1417.753968
1417.754968
1417.755967
1417.756967
1417.757967
1417.758967
1417.759967
1417.760966
1417.761966
1417.762968
1417.763968
1417.764967
1417.765967
1417.766967
1417.767967
1417.768967
1417.769966
1417.770966
1417.771968
1417.772968
1417.773967
1417.774967
1417.775967
1417.776967
1417.777967
1417.778966
1417.779966
1417.780968
1417.781967
1417.782967
1417.783967
1417.784967
1417.785967
1417.786967
1417.787966
1417.788966
1417.789968
1417.790967
1417.791967
1417.792967
1417.793967
1417.794967
1417.795966
1417.796966
1417.797966
1417.798968
1417.799967
1417.800967
1417.801967
1417.802967
1417.803967
1417.804966
1417.805966
1417.806968
1417.807968
1417.808967
1417.809967
1417.810967
1417.811967
1417.812967
1417.813966
1417.814966
1417.815968
1417.816968
1417.817967
1417.818967
1417.819967
1417.820967
1417.821967
1417.822966
1417.823966
1417.824968
1417.825968
1417.826967
1417.827967
1417.828967
1417.829967
1417.830967
1417.831966
1417.832966
1417.833968
1417.834968
1417.835967
1417.836967
1417.837967
1417.838967
1417.839967
1417.840966
1417.841966
1417.842968
1417.843967
1417.844967
1417.845967
1417.846967
1417.847967
1417.848967
1417.849966
1417.850966
1417.851968
1417.852967
1417.853967
1417.854967
1417.855967
1417.856967
1417.857966
1417.858966
1417.859966
1417.860968
1417.861967
1417.862967
1417.863967
1417.864967
1417.865967
1417.866966
1417.867966
1417.868968
1417.869968
1417.870967
1417.871967
1417.872967
1417.873967
1417.874967
1417.875966
1417.876966
1417.877968
1417.878968
1417.879967
1417.880967
1417.881967
1417.882967
1417.883967
1417.884966
1417.885966
1417.886968
1417.887968
1417.888967
1417.889967
1417.890967
1417.891967
1417.892967
1417.893966
1417.894966
1417.895968
1417.896968
1417.897967
1417.898967
1417.899967
1417.900967
1417.901967
1417.902966
1417.903966
1417.904968
1417.905967
1417.906967
1417.907967
1417.908967
1417.909967
1417.910967
1417.911966
1417.912966
1417.913968
1417.914967
1417.915967
1417.916967
1417.917967
1417.918967
1417.919966
1417.920966
1417.921966
1417.922968
1417.923967
1417.924967
1417.925967
1417.926967
1417.927967
1417.928966
1417.929966
1417.930968
1417.931968
1417.932967
1417.933967
1417.934967
1417.935967
1417.936967
1417.937966
1417.938966
1417.939968
1417.940968
1417.941967
1417.942967
1417.943967
1417.944967
1417.945967
1417.946966
1417.947966
1417.948968
1417.949968
1417.950967
1417.951967
1417.952967
1417.953967
1417.954967
1417.955966
1417.956966
1417.957968
1417.958968
1417.959967
1417.960967
1417.961967
1417.962967
1417.963967
1417.964966
1417.965966
1417.966968
1417.967967
1417.968967
1417.969967
1417.970967
1417.971967
1417.972967
1417.973966
1417.974966
1417.975968
1417.976967
1417.977967
1417.978967
1417.979967
1417.980967
1417.981966
1417.982966
1417.983966
1417.984968
1417.985967
1417.986967
1417.987967
1417.988967
1417.989967
1417.990966
1417.991966
1417.992968
1417.993968
1417.994967
1417.995967
1417.996967
1417.997967
1417.998967
1417.999966
1418.000966
1418.001968
1418.002968
1418.003967
1418.004967
1418.005967
1418.006967
1418.007967
1418.008966
1418.009966
1418.010968
1418.011968
1418.012967
1418.013967
1418.014967
1418.015967
1418.016967
1418.017966
1418.018966
1418.019968
1418.020968
1418.021967
1418.022967
1418.023967
1418.024967
1418.025967
1418.026966
1418.027966
1418.028968
1418.029967
1418.030967
1418.031967
1418.032967
1418.033967
1418.034967
1418.035966
1418.036966
1418.037968
1418.038967
1418.039967
1418.040967
1418.041967
1418.042967
1418.043966
1418.044966
1418.045966
1418.046968
1418.047967
1418.048967
1418.049967
1418.050967
1418.051967
1418.052966
1418.053966
1418.054968
1418.055968
1418.056967
1418.057967
1418.058967
1418.059967
1418.060967
1418.061966
1418.062966
1418.063968
1418.064968
1418.065967
1418.066967
1418.067967
1418.068967
1418.069967
1418.070966
1418.071966
1418.072968
1418.073968
1418.074967
1418.075967
1418.076967
1418.077967
1418.078967
1418.079966
1418.080966
1418.081968
1418.082968
1418.083967
1418.084967
1418.085967
1418.086967
1418.087967
1418.088966
1418.089966
1418.090968
1418.091967
1418.092967
1418.093967
1418.094967
1418.095967
1418.096967
1418.097966
1418.098966
1418.099968
1418.100967
1418.101967
1418.102967
1418.103967
1418.104967
1418.105966
1418.106966
1418.107966
1418.108968
1418.109967
1418.110967
1418.111967
1418.112967
1418.113967
1418.114966
1418.115966
1418.116968
1418.117968
1418.118967
1418.119967
1418.120967
1418.121967
1418.122967
1418.123966
1418.124966
1418.125968
1418.126968
1418.127967
1418.128967
1418.129967
1418.130967
1418.131967
1418.132966
1418.133966
1418.134968
1418.135968
1418.136967
1418.137967
1418.138967
1418.139967
1418.140967
1418.141966
1418.142966
1418.143968
1418.144968
1418.145967
1418.146967
1418.147967
1418.148967
1418.149967
1418.150966
1418.151966
1418.152968
1418.153967
1418.154967
1418.155967
1418.156967
1418.157967
1418.158967
1418.159966
1418.160966
1418.161968
1418.162967
1418.163967
1418.164967
1418.165967
1418.166967
1418.167966
1418.168966
1418.169968
1418.170968
1418.171967
1418.172967
1418.173967
1418.174967
1418.175967
1418.176966
1418.177966
1418.178968
1418.179968
1418.180967
1418.181967
1418.182967
1418.183967
1418.184967
1418.185966
1418.186966
1418.187968
1418.188968
1418.189967
1418.190967
1418.191967
1418.192967
1418.193967
1418.194966
1418.195966
1418.196968
1418.197968
1418.198967
1418.199967
1418.200967
1418.201967
1418.202967
1418.203966
1418.204966
1418.205968
1418.206968
1418.207967
1418.208967
1418.209967
1418.210967
1418.211967
1418.212966
1418.213966
1418.214968
1418.215967
1418.216967
1418.217967
1418.218967
1418.219967
1418.220967
1418.221966
1418.222966
1418.223968
1418.224967
1418.225967
1418.226967
1418.227967
1418.228967
1418.229966
1418.230966
1418.231966
1418.232968
1418.233967
1418.234967
1418.235967
1418.236967
1418.237967
1418.238966
1418.239966
1418.240968
1418.241968
1418.242967
1418.243967
1418.244967
1418.245967
1418.246967
1418.247966
1418.248966
1418.249968
1418.250968
1418.251967
1418.252967
1418.253967
1418.254967
1418.255967
1418.256966
1418.257966
1418.258968
1418.259968
1418.260967
1418.261967
1418.262967
1418.263967
1418.264967
1418.265966
1418.266966
1418.267968
1418.268968
1418.269967
1418.270967
1418.271967
1418.272967
1418.273967
1418.274966
1418.275966
1418.276968
1418.277967
1418.278967
1418.279967
1418.280967
1418.281967
1418.282967
1418.283966
1418.284966
1418.285968
1418.286967
1418.287967
1418.288967
1418.289967
1418.290967
1418.291966
1418.292966
1418.293966
1418.294968
1418.295967
1418.296967
1418.297967
1418.298967
1418.299967
1418.300966
1418.301966
1418.302968
1418.303968
1418.304967
1418.305967
1418.306967
1418.307967
1418.308967
1418.309966
1418.310966
1418.311968
1418.312968
1418.313967
1418.314967
1418.315967
1418.316967
1418.317967
1418.318966
1418.319966
1418.320968
1418.321968
1418.322967
1418.323967
1418.324967
1418.325967
1418.326967
1418.327966
1418.328966
1418.329968
1418.330968
1418.331967
1418.332967
1418.333967
1418.334967
1418.335967
1418.336966
1418.337966
1418.338968
1418.339967
1418.340967
1418.341967
1418.342967
1418.343967
1418.344967
1418.345966
1418.346966
1418.347968
1418.348967
1418.349967
1418.350967
1418.351967
1418.352967
1418.353966
1418.354966
1418.355968
1418.356968
1418.357967
1418.358967
1418.359967
1418.360967
1418.361967
1418.362966
1418.363966
1418.364968
1418.365968
1418.366967
1418.367967
1418.368967
1418.369967
1418.370967
1418.371966
1418.372966
1418.373968
1418.374968
1418.375967
1418.376967
1418.377967
1418.378967
1418.379967
1418.380966
1418.381966
1418.382968
1418.383968
1418.384967
1418.385967
1418.386967
1418.387967
1418.388967
1418.389966
1418.390966
1418.391968
1418.392968
1418.393967
1418.394967
1418.395967
1418.396967
1418.397967
1418.398966
1418.399966
1418.400968
1418.401967
1418.402967
1418.403967
1418.404967
1418.405967
1418.406967
1418.407966
1418.408966
1418.409968
1418.410967
1418.411967
1418.412967
1418.413967
1418.414967
1418.415966
1418.416966
1418.417966
1418.418968
1418.419967
1418.420967
1418.421967
1418.422967
1418.423967
1418.424966
1418.425966
1418.426968
1418.427968
1418.428967
1418.429967
1418.430967
1418.431967
1418.432967
1418.433966
1418.434966
1418.435968
1418.436968
1418.437967
1418.438967
1418.439967
1418.440967
1418.441967
1418.442966
1418.443966
1418.444968
1418.445968
1418.446967
1418.447967
1418.448967
1418.449967
1418.450967
1418.451966
1418.452966
1418.453968
1418.454968
1418.455967
1418.456967
1418.457967
1418.458967
1418.459967
1418.460966
1418.461966
1418.462968
1418.463967
1418.464967
1418.465967
1418.466967
1418.467967
1418.468967
1418.469966
1418.470966
1418.471968
1418.472967
1418.473967
1418.474967
1418.475967
1418.476967
1418.477966
1418.478966
1418.479966
1418.480968
1418.481967
1418.482967
1418.483967
1418.484967
1418.485967
1418.486966
1418.487966
1418.488968
1418.489968
1418.490967
1418.491967
1418.492967
1418.493967
1418.494967
1418.495966
1418.496966
1418.497968
1418.498968
1418.499967
1418.500967
1418.501967
1418.502967
1418.503967
1418.504966
1418.505966
1418.506968
1418.507968
