4025.025182
4025.026182
4025.027182
4025.028181
4025.029181
4025.030181
4025.031182
4025.032182
4025.033182
4025.034182
4025.035182
4025.036181
4025.037181
4025.038181
4025.039183
4025.040182
4025.041182
4025.042182
4025.043182
4025.044182
4025.045181
4025.046181
4025.047181
4025.048183
4025.049182
4025.050182
4025.051182
4025.052182
4025.053182
4025.054181
4025.055181
4025.056181
4025.057183
4025.058182
4025.059182
4025.060182
4025.061182
4025.062182
4025.063181
4025.064181
4025.065181
4025.066183
4025.067182
4025.068182
4025.069182
4025.070182
4025.071182
4025.072181
4025.073181
4025.074181
4025.075183
4025.076182
4025.077182
4025.078182
4025.079182
4025.080182
4025.081181
4025.082181
4025.083181
4025.084182
4025.085182
4025.086182
4025.087182
4025.088182
4025.089182
4025.090181
4025.091181
4025.092181
4025.093182
4025.094182
4025.095182
4025.096182
4025.097182
4025.098181
4025.099181
4025.100181
4025.101183
4025.102182
4025.103182
4025.104182
4025.105182
4025.106182
4025.107181
4025.108181
4025.109181
4025.110183
4025.111182
4025.112182
4025.113182
4025.114182
4025.115182
4025.116181
4025.117181
4025.118181
4025.119183
4025.120182
4025.121182
4025.122182
4025.123182
4025.124182
4025.125181
4025.126181
4025.127181
4025.128183
4025.129182
4025.130182
4025.131182
4025.132182
4025.133182
4025.134181
4025.135181
4025.136181
4025.137183
4025.138182
4025.139182
4025.140182
4025.141182
4025.142182
4025.143181
4025.144181
4025.145181
4025.146182
4025.147182
4025.148182
4025.149182
4025.150182
4025.151182
4025.152181
4025.153181
4025.154181
4025.155182
4025.156182
4025.157182
4025.158182
4025.159182
4025.160181
4025.161181
4025.162181
4025.163183
4025.164182
4025.165182
4025.166182
4025.167182
4025.168182
4025.169181
4025.170181
4025.171181
4025.172183
4025.173182
4025.174182
4025.175182
4025.176182
4025.177182
4025.178181
4025.179181
4025.180181
4025.181183
4025.182182
4025.183182
4025.184182
4025.185182
4025.186182
4025.187181
4025.188181
4025.189181
4025.190183
4025.191182
4025.192182
4025.193182
4025.194182
4025.195182
4025.196181
4025.197181
4025.198181
4025.199183
4025.200182
4025.201182
4025.202182
4025.203182
4025.204182
4025.205181
4025.206181
4025.207181
4025.208182
4025.209182
4025.210182
4025.211182
4025.212182
4025.213182
4025.214181
4025.215181
4025.216181
4025.217182
4025.218182
4025.219182
4025.220182
4025.221182
4025.222181
4025.223181
4025.224181
4025.225183
4025.226182
4025.227182
4025.228182
4025.229182
4025.230182
4025.231181
4025.232181
4025.233181
4025.234183
4025.235182
4025.236182
4025.237182
4025.238182
4025.239182
4025.240181
4025.241181
4025.242181
4025.243183
4025.244182
4025.245182
4025.246182
4025.247182
4025.248182
4025.249181
4025.250181
4025.251181
4025.252183
4025.253182
4025.254182
4025.255182
4025.256182
4025.257182
4025.258181
4025.259181
4025.260181
4025.261183
4025.262182
4025.263182
4025.264182
4025.265182
4025.266182
4025.267181
4025.268181
4025.269181
4025.270182
4025.271182
4025.272182
4025.273182
4025.274182
4025.275182
4025.276181
4025.277181
4025.278181
4025.279182
4025.280182
4025.281182
4025.282182
4025.283182
4025.284181
4025.285181
4025.286181
4025.287183
4025.288182
4025.289182
4025.290182
4025.291182
4025.292182
4025.293181
4025.294181
4025.295181
4025.296183
4025.297182
4025.298182
4025.299182
4025.300182
4025.301182
4025.302181
4025.303181
4025.304181
4025.305183
4025.306182
4025.307182
4025.308182
4025.309182
4025.310182
4025.311181
4025.312181
4025.313181
4025.314183
4025.315182
4025.316182
4025.317182
4025.318182
4025.319182
4025.320181
4025.321181
4025.322181
4025.323183
4025.324182
4025.325182
4025.326182
4025.327182
4025.328182
4025.329181
4025.330181
4025.331181
4025.332182
4025.333182
4025.334182
4025.335182
4025.336182
4025.337182
4025.338181
4025.339181
4025.340181
4025.341182
4025.342182
4025.343182
4025.344182
4025.345182
4025.346181
4025.347181
4025.348181
4025.349183
4025.350182
4025.351182
4025.352182
4025.353182
4025.354182
4025.355181
4025.356181
4025.357181
4025.358183
4025.359182
4025.360182
4025.361182
4025.362182
4025.363182
4025.364181
4025.365181
4025.366181
4025.367183
4025.368182
4025.369182
4025.370182
4025.371182
4025.372182
4025.373181
4025.374181
4025.375181
4025.376183
4025.377182
4025.378182
4025.379182
4025.380182
4025.381182
4025.382181
4025.383181
4025.384181
4025.385183
4025.386182
4025.387182
4025.388182
4025.389182
4025.390182
4025.391181
4025.392181
4025.393181
4025.394182
4025.395182
4025.396182
4025.397182
4025.398182
4025.399182
4025.400181
4025.401181
4025.402181
4025.403182
4025.404182
4025.405182
4025.406182
4025.407182
4025.408181
4025.409181
4025.410181
4025.411183
4025.412182
4025.413182
4025.414182
4025.415182
4025.416182
4025.417181
4025.418181
4025.419181
4025.420183
4025.421182
4025.422182
4025.423182
4025.424182
4025.425182
4025.426181
4025.427181
4025.428181
4025.429183
4025.430182
4025.431182
4025.432182
4025.433182
4025.434182
4025.435181
4025.436181
4025.437181
4025.438183
4025.439182
4025.440182
4025.441182
4025.442182
4025.443182
4025.444181
4025.445181
4025.446181
4025.447183
4025.448182
4025.449182
4025.450182
4025.451182
4025.452182
4025.453181
4025.454181
4025.455181
4025.456182
4025.457182
4025.458182
4025.459182
4025.460182
4025.461182
4025.462181
4025.463181
4025.464181
4025.465182
4025.466182
4025.467182
4025.468182
4025.469182
4025.470181
4025.471181
4025.472181
4025.473183
4025.474182
4025.475182
4025.476182
4025.477182
4025.478182
4025.479181
4025.480181
4025.481181
4025.482183
4025.483182
4025.484182
4025.485182
4025.486182
4025.487182
4025.488181
4025.489181
4025.490181
4025.491183
4025.492182
4025.493182
4025.494182
4025.495182
4025.496182
4025.497181
4025.498181
4025.499181
4025.500183
4025.501182
4025.502182
4025.503182
4025.504182
4025.505182
4025.506181
4025.507181
4025.508181
4025.509183
4025.510182
4025.511182
4025.512182
4025.513182
4025.514182
4025.515181
4025.516181
4025.517181
4025.518182
4025.519182
4025.520182
4025.521182
4025.522182
4025.523182
4025.524181
4025.525181
4025.526181
4025.527182
4025.528182
4025.529182
4025.530182
4025.531182
4025.532181
4025.533181
4025.534181
4025.535183
4025.536182
4025.537182
4025.538182
4025.539182
4025.540182
4025.541181
4025.542181
4025.543181
4025.544183
4025.545182
4025.546182
4025.547182
4025.548182
4025.549182
4025.550181
4025.551181
4025.552181
4025.553183
4025.554182
4025.555182
4025.556182
4025.557182
4025.558182
4025.559181
4025.560181
4025.561181
4025.562183
4025.563182
4025.564182
4025.565182
4025.566182
4025.567182
4025.568181
4025.569181
4025.570181
4025.571183
4025.572182
4025.573182
4025.574182
4025.575182
4025.576182
4025.577181
4025.578181
4025.579181
4025.580182
4025.581182
4025.582182
4025.583182
4025.584182
4025.585182
4025.586181
4025.587181
4025.588181
4025.589182
4025.590182
4025.591182
4025.592182
4025.593182
4025.594181
4025.595181
4025.596181
4025.597183
4025.598182
4025.599182
4025.600182
4025.601182
4025.602182
4025.603181
4025.604181
4025.605181
4025.606183
4025.607182
4025.608182
4025.609182
4025.610182
4025.611182
4025.612181
4025.613181
4025.614181
4025.615183
4025.616182
4025.617182
4025.618182
4025.619182
4025.620182
4025.621181
4025.622181
4025.623181
4025.624183
4025.625182
4025.626182
4025.627182
4025.628182
4025.629182
4025.630181
4025.631181
4025.632181
4025.633183
4025.634182
4025.635182
4025.636182
4025.637182
4025.638182
4025.639181
4025.640181
4025.641181
4025.642182
4025.643182
4025.644182
4025.645182
4025.646182
4025.647182
4025.648181
4025.649181
4025.650181
4025.651182
4025.652182
4025.653182
4025.654182
4025.655182
4025.656181
4025.657181
4025.658181
4025.659183
4025.660182
4025.661182
4025.662182
4025.663182
4025.664182
4025.665181
4025.666181
4025.667181
4025.668183
4025.669182
4025.670182
4025.671182
4025.672182
4025.673182
4025.674181
4025.675181
4025.676181
4025.677183
4025.678182
4025.679182
4025.680182
4025.681182
4025.682182
4025.683181
4025.684181
4025.685181
4025.686183
4025.687182
4025.688182
4025.689182
4025.690182
4025.691182
4025.692181
4025.693181
4025.694181
4025.695183
4025.696182
4025.697182
4025.698182
4025.699182
4025.700182
4025.701181
4025.702181
4025.703181
4025.704182
4025.705182
4025.706182
4025.707182
4025.708182
4025.709182
4025.710181
4025.711181
4025.712181
4025.713182
4025.714182
4025.715182
4025.716182
4025.717182
4025.718181
4025.719181
4025.720181
4025.721183
4025.722182
4025.723182
4025.724182
4025.725182
4025.726182
4025.727181
4025.728181
4025.729181
4025.730183
4025.731182
4025.732182
4025.733182
4025.734182
4025.735182
4025.736181
4025.737181
4025.738181
4025.739183
4025.740182
4025.741182
4025.742182
4025.743182
4025.744182
4025.745181
4025.746181
4025.747181
4025.748183
4025.749182
4025.750182
4025.751182
4025.752182
4025.753182
4025.754181
4025.755181
4025.756181
4025.757183
4025.758182
4025.759182
4025.760182
4025.761182
4025.762182
4025.763181
4025.764181
4025.765181
4025.766182
4025.767182
4025.768182
4025.769182
4025.770182
4025.771182
4025.772181
4025.773181
4025.774181
4025.775182
4025.776182
4025.777182
4025.778182
4025.779182
4025.780181
4025.781181
4025.782181
4025.783183
4025.784182
4025.785182
4025.786182
4025.787182
4025.788182
4025.789181
4025.790181
4025.791181
4025.792183
4025.793182
4025.794182
4025.795182
4025.798181
4025.800181
4025.801183
4025.802182
4025.803182
4025.804182
4025.805182
4025.806182
4025.807181
4025.808181
4025.809181
4025.810183
4025.811182
4025.812182
4025.813182
4025.814182
4025.815182
4025.816181
4025.817181
4025.818181
4025.819183
4025.820182
4025.822182
4025.823182
4025.824182
4025.825181
4025.826181
4025.829182
4025.830182
4025.876182
4025.877182
4025.879181
4025.880181
4025.881183
4025.882182
4025.883182
4025.884182
4025.885182
4025.886182
4025.887181
4025.888181
4025.889181
4025.890182
4025.891182
4025.892182
4025.893182
4025.894182
4025.895182
4025.896181
4025.925183
4025.926182
4025.931181
4025.939182
4025.940181
4025.941181
4025.942181
4025.943183
4025.944182
4025.945182
4025.946182
4025.947182
4025.948182
4025.949181
4025.950181
4025.951181
4025.952182
4025.953182
4025.954182
4025.955182
4025.956182
4025.957182
4025.958181
4025.959181
4025.960181
4025.961182
4025.962182
4025.963182
4025.964182
4025.965182
4025.966181
4025.967181
4025.968181
4025.969183
4025.970182
4025.971182
4025.972182
4025.973182
4025.974182
4025.975181
4025.976181
4025.977181
4025.978183
4025.979182
4025.982182
4025.983182
4025.987183
4025.988182
4025.989182
4025.994181
4025.995181
4025.996183
4025.997182
4025.998182
4025.999182
4026.000182
4026.001182
4026.002181
4026.003181
4026.004181
4026.005183
4026.006182
4026.007182
4026.009182
4026.029181
4026.030181
4026.031183
4026.035182
4026.036182
4026.037181
4026.038181
4026.039181
4026.040183
4026.041182
4026.043182
4026.044182
4026.045182
4026.046181
4026.048181
4026.049183
4026.050182
4026.051182
4026.052182
4026.053182
4026.054182
4026.055181
4026.056181
4026.057181
4026.058183
4026.059182
4026.060182
4026.061182
4026.062182
4026.063182
4026.065181
4026.066181
4026.067183
4026.068182
4026.069182
4026.070182
4026.071182
4026.072182
4026.075181
4026.076182
4026.077182
4026.165182
4026.200182
4026.202182
4026.203182
4026.205182
4026.207181
4026.208181
4026.209182
4026.210182
4026.211182
4026.213182
4026.215181
4026.216181
4026.217183
4026.218182
4026.219182
4026.220182
4026.221182
4026.222182
4026.224181
4026.225181
4026.226183
4026.227182
4026.228182
4026.229182
4026.231182
4026.232181
4026.233181
4026.234181
4026.235183
4026.236182
4026.237182
4026.241181
4026.242181
4026.245182
4026.246182
4026.247182
4026.248182
4026.250181
4026.251181
4026.253183
4026.254182
4026.255182
4026.256182
4026.260181
4026.261181
4026.262182
4026.263182
4026.264182
4026.265182
4026.266182
4026.267182
4026.268181
4026.269181
4026.270181
4026.273182
4026.274182
4026.275182
4026.276181
4026.282182
4026.283182
4026.284182
4026.285181
4026.286181
4026.287181
4026.288183
4026.289182
4026.290182
4026.291182
4026.292182
4026.293182
4026.294181
4026.295181
4026.296181
4026.297183
4026.298182
4026.299182
4026.300182
4026.311182
4026.312181
4026.314181
4026.316182
4026.317182
4026.318182
4026.319182
4026.321181
4026.322181
4026.324182
4026.325182
4026.326182
4026.327182
4026.328182
4026.329182
4026.330181
4026.331181
4026.332181
4026.333182
4026.334182
4026.342182
4026.355182
4026.356181
4026.360182
4026.361182
4026.363182
4026.364182
4026.368183
4026.372182
4026.373182
4026.374181
4026.375181
4026.377183
4026.378182
4026.379182
4026.380182
4026.381182
4026.383181
4026.384181
4026.385181
4026.386182
4026.387182
4026.388182
4026.389182
4026.390182
4026.393181
4026.394181
4026.395182
4026.396182
4026.398182
4026.399182
4026.400181
4026.401181
4026.405182
4026.406182
4026.407182
4026.408182
4026.409181
4026.410181
4026.411181
4026.412183
4026.414182
4026.415182
4026.416182
4026.419181
4026.420181
4026.421183
4026.422182
4026.423182
4026.424182
4026.425182
4026.426182
4026.427181
4026.428181
4026.429181
4026.430183
4026.431182
4026.432182
4026.433182
4026.442182
4026.489181
4026.490181
4026.491181
4026.492183
4026.493182
4026.494182
4026.495182
4026.496182
4026.497182
4026.498181
4026.499181
4026.500181
4026.501183
4026.502182
4026.504182
4026.505182
4026.506182
4026.507181
4026.508181
4026.509181
4026.510182
4026.511182
4026.512182
4026.513182
4026.514182
4026.515182
4026.516181
4026.517181
4026.518181
4026.519182
4026.520182
4026.521182
4026.522182
4026.523182
4026.524181
4026.525181
4026.526181
4026.527183
4026.528182
4026.529182
4026.530182
4026.531182
4026.532182
4026.533181
4026.535181
4026.536183
4026.537182
4026.538182
4026.539182
4026.540182
4026.541182
4026.542181
