4241.779692
4241.780694
4241.781693
4241.782693
4241.783693
4241.784693
4241.785693
4241.786692
4241.787692
4241.788694
4241.789694
4241.790693
4241.791693
4241.792693
4241.793693
4241.794693
4241.795692
4241.796692
4241.797694
4241.798694
4241.799693
4241.800693
4241.801693
4241.802693
4241.803693
4241.804692
4241.805692
4241.806694
4241.807694
4241.808693
4241.809693
4241.810693
4241.811693
4241.812693
4241.813692
4241.814692
4241.815694
4241.816694
4241.817693
4241.818693
4241.819693
4241.820693
4241.821693
4241.822692
4241.823692
4241.824694
4241.825693
4241.826693
4241.827693
4241.828693
4241.829693
4241.830693
4241.831692
4241.832692
4241.833694
4241.834693
4241.835693
4241.836693
4241.837693
4241.838693
4241.839692
4241.840692
4241.841692
4241.842694
4241.843693
4241.844693
4241.845693
4241.846693
4241.847693
4241.848692
4241.849692
4241.850694
4241.851694
4241.852693
4241.853693
4241.854693
4241.855693
4241.856693
4241.857692
4241.858692
4241.859694
4241.860694
4241.861693
4241.862693
4241.863693
4241.864693
4241.865693
4241.866692
4241.867692
4241.868694
4241.869694
4241.870693
4241.871693
4241.872693
4241.873693
4241.874693
4241.875692
4241.876692
4241.877694
4241.878694
4241.879693
4241.880693
4241.881693
4241.882693
4241.883693
4241.884692
4241.885692
4241.886694
4241.887693
4241.888693
4241.889693
4241.890693
4241.891693
4241.892693
4241.893692
4241.894692
4241.895694
4241.896693
4241.897693
4241.898693
4241.899693
4241.900693
4241.901692
4241.902692
4241.903692
4241.904694
4241.905693
4241.906693
4241.907693
4241.908693
4241.909693
4241.910692
4241.911692
4241.912694
4241.913694
4241.914693
4241.915693
4241.916693
4241.917693
4241.918693
4241.919692
4241.920692
4241.921694
4241.922694
4241.923693
4241.924693
4241.925693
4241.926693
4241.927693
4241.928692
4241.929692
4241.930694
4241.931694
4241.932693
4241.933693
4241.934693
4241.935693
4241.936693
4241.937692
4241.938692
4241.939694
4241.940694
4241.941693
4241.942693
4241.943693
4241.944693
4241.945693
4241.946692
4241.947692
4241.948694
4241.949693
4241.950693
4241.951693
4241.952693
4241.953693
4241.954693
4241.955692
4241.956692
4241.957694
4241.958693
4241.959693
4241.960693
4241.961693
4241.962693
4241.963692
4241.964692
4241.965692
4241.966694
4241.967693
4241.968693
4241.969693
4241.970693
4241.971693
4241.972692
4241.973692
4241.974694
4241.975694
4241.976693
4241.977693
4241.978693
4241.979693
4241.980693
4241.981692
4241.982692
4241.983694
4241.984694
4241.985693
4241.986693
4241.987693
4241.988693
4241.989693
4241.990692
4241.991692
4241.992694
4241.993694
4241.994693
4241.995693
4241.996693
4241.997693
4241.998693
4241.999692
4242.000692
4242.001694
4242.002694
4242.003693
4242.004693
4242.005693
4242.006693
4242.007693
4242.008692
4242.009692
4242.010694
4242.011693
4242.012693
4242.013693
4242.014693
4242.015693
4242.016693
4242.017692
4242.018692
4242.019694
4242.020693
4242.021693
4242.022693
4242.023693
4242.024693
4242.025692
4242.026692
4242.027692
4242.028694
4242.029693
4242.030693
4242.031693
4242.032693
4242.033693
4242.034692
4242.035692
4242.036694
4242.037694
4242.038693
4242.039693
4242.040693
4242.041693
4242.042693
4242.043692
4242.044692
4242.045694
4242.046694
4242.047693
4242.048693
4242.049693
4242.050693
4242.051693
4242.052692
4242.053692
4242.054694
4242.055694
4242.056693
4242.057693
4242.058693
4242.059693
4242.060693
4242.061692
4242.062692
4242.063694
4242.064694
4242.065693
4242.066693
4242.067693
4242.068693
4242.069693
4242.070692
4242.071692
4242.072694
4242.073693
4242.074693
4242.075693
4242.076693
4242.077693
4242.078693
4242.079692
4242.080692
4242.081694
4242.082693
4242.083693
4242.084693
4242.085693
4242.086693
4242.087692
4242.088692
4242.089692
4242.090694
4242.091693
4242.092693
4242.093693
4242.094693
4242.095693
4242.096692
4242.097692
4242.098694
4242.099694
4242.100693
4242.101693
4242.102693
4242.103693
4242.104693
4242.105692
4242.106692
4242.107694
4242.108694
4242.109693
4242.110693
4242.111693
4242.112693
4242.113693
4242.114692
4242.115692
4242.116694
4242.117694
4242.118693
4242.119693
4242.120693
4242.121693
4242.122693
4242.123692
4242.124692
4242.125694
4242.126694
4242.127693
4242.128693
4242.129693
4242.130693
4242.131693
4242.132692
4242.133692
4242.134694
4242.135693
4242.136693
4242.137693
4242.138693
4242.139693
4242.140693
4242.141692
4242.142692
4242.143694
4242.144693
4242.145693
4242.146693
4242.147693
4242.148693
4242.149692
4242.150692
4242.151692
4242.152694
4242.153693
4242.154693
4242.155693
4242.156693
4242.157693
4242.158692
4242.159692
4242.160694
4242.161694
4242.162693
4242.163693
4242.164693
4242.165693
4242.166693
4242.167692
4242.168692
4242.169694
4242.170694
4242.171693
4242.172693
4242.173693
4242.174693
4242.175693
4242.176692
4242.177692
4242.178694
4242.179694
4242.180693
4242.181693
4242.182693
4242.183693
4242.184693
4242.185692
4242.186692
4242.187694
4242.188694
4242.189693
4242.190693
4242.191693
4242.192693
4242.193693
4242.194692
4242.195692
4242.196694
4242.197693
4242.198693
4242.199693
4242.200693
4242.201693
4242.202693
4242.203692
4242.204692
4242.205694
4242.206693
4242.207693
4242.208693
4242.209693
4242.210693
4242.211692
4242.212692
4242.213692
4242.214694
4242.215693
4242.216693
4242.217693
4242.218693
4242.219693
4242.220692
4242.221692
4242.222694
4242.223694
4242.224693
4242.225693
4242.226693
4242.227693
4242.228693
4242.229692
4242.230692
4242.231694
4242.232694
4242.233693
4242.234693
4242.235693
4242.236693
4242.237693
4242.238692
4242.239692
4242.240694
4242.241694
4242.242693
4242.243693
4242.244693
4242.245693
4242.246693
4242.247692
4242.248692
4242.249694
4242.250694
4242.251693
4242.252693
4242.253693
4242.254693
4242.255693
4242.256692
4242.257692
4242.258694
4242.259693
4242.260693
4242.261693
4242.262693
4242.263693
4242.264693
4242.265692
4242.266692
4242.267694
4242.268693
4242.269693
4242.270693
4242.271693
4242.272693
4242.273692
4242.274692
4242.275692
4242.276694
4242.277693
4242.278693
4242.279693
4242.280693
4242.281693
4242.282692
4242.283692
4242.284694
4242.285694
4242.286693
4242.287693
4242.288693
4242.289693
4242.290693
4242.291692
4242.292692
4242.293694
4242.294694
4242.295693
4242.296693
4242.297693
4242.298693
4242.299693
4242.300692
4242.301692
4242.302694
4242.303694
4242.304693
4242.305693
4242.306693
4242.307693
4242.308693
4242.309692
4242.310692
4242.311694
4242.312694
4242.313693
4242.314693
4242.315693
4242.316693
4242.317693
4242.318692
4242.319692
4242.320694
4242.321693
4242.322693
4242.323693
4242.324693
4242.325693
4242.326693
4242.327692
4242.328692
4242.329694
4242.330693
4242.331693
4242.332693
4242.333693
4242.334693
4242.335692
4242.336692
4242.337692
4242.338694
4242.339693
4242.340693
4242.341693
4242.342693
4242.343693
4242.344692
4242.345692
4242.346694
4242.347694
4242.348693
4242.349693
4242.350693
4242.351693
4242.352693
4242.353692
4242.354692
4242.355694
4242.356694
4242.357693
4242.358693
4242.359693
4242.360693
4242.361693
4242.362692
4242.363692
4242.364694
4242.365694
4242.366693
4242.367693
4242.368693
4242.369693
4242.370693
4242.371692
4242.372692
4242.373694
4242.374694
4242.375693
4242.376693
4242.377693
4242.378693
4242.379693
4242.380692
4242.381692
4242.382694
4242.383693
4242.384693
4242.385693
4242.386693
4242.387693
4242.388693
4242.389692
4242.390692
4242.391694
4242.392693
4242.393693
4242.394693
4242.395693
4242.396693
4242.397692
4242.398692
4242.399692
4242.400694
4242.401693
4242.402693
4242.403693
4242.404693
4242.405693
4242.406692
4242.407692
4242.408694
4242.409694
4242.410693
4242.411693
4242.412693
4242.413693
4242.414693
4242.415692
4242.416692
4242.417694
4242.418694
4242.419693
4242.420693
4242.421693
4242.422693
4242.423693
4242.424692
4242.425692
4242.426694
4242.427694
4242.428693
4242.429693
4242.430693
4242.431693
4242.432693
4242.433692
4242.434692
4242.435694
4242.436694
4242.437693
4242.438693
4242.439693
4242.440693
4242.441693
4242.442692
4242.443692
4242.444694
4242.445693
4242.446693
4242.447693
4242.448693
4242.449693
4242.450693
4242.451692
4242.452692
4242.453694
4242.454693
4242.455693
4242.456693
4242.457693
4242.458693
4242.459692
4242.460692
4242.461692
4242.462694
4242.463693
4242.464693
4242.465693
4242.466693
4242.467693
4242.468692
4242.469692
4242.470694
4242.471694
4242.472693
4242.473693
4242.474693
4242.475693
4242.476693
4242.477692
4242.478692
4242.479694
4242.480694
4242.481693
4242.482693
4242.483693
4242.484693
4242.485693
4242.486692
4242.487692
4242.488694
4242.489694
4242.490693
4242.491693
4242.492693
4242.493693
4242.494693
4242.495692
4242.496692
4242.497694
4242.498694
4242.499693
4242.500693
4242.501693
4242.502693
4242.503693
4242.504692
4242.505692
4242.506694
4242.507693
4242.508693
4242.509693
4242.510693
4242.511693
4242.512693
4242.513692
4242.514692
4242.515694
4242.516693
4242.517693
4242.518693
4242.519693
4242.520693
4242.521692
4242.522692
4242.523692
4242.524694
4242.525693
4242.526693
4242.527693
4242.528693
4242.529693
4242.530692
4242.531692
4242.532694
4242.533694
4242.534693
4242.535693
4242.536693
4242.537693
4242.538693
4242.539692
4242.540692
4242.541694
4242.542694
4242.543693
4242.544693
4242.545693
4242.546693
4242.547693
4242.548692
4242.549692
4242.550694
4242.551694
4242.552693
4242.553693
4242.554693
4242.555693
4242.556693
4242.557692
4242.558692
4242.559694
4242.560694
4242.561693
4242.562693
4242.563693
4242.564693
4242.565693
4242.566692
4242.567692
4242.568694
4242.569693
4242.570693
4242.571693
4242.572693
4242.573693
4242.574693
4242.575692
4242.576692
4242.577694
4242.578693
4242.579693
4242.580693
4242.581693
4242.582693
4242.583692
4242.584692
4242.585692
4242.586694
4242.587693
4242.588693
4242.589693
4242.590693
4242.591693
4242.592692
4242.593692
4242.594694
4242.595694
4242.596693
4242.597693
4242.598693
4242.599693
4242.600693
4242.601692
4242.602692
4242.603694
4242.604694
4242.605693
4242.606693
4242.607693
4242.608693
4242.609693
4242.610692
4242.611692
4242.612694
4242.613694
4242.614693
4242.615693
4242.616693
4242.617693
4242.618693
4242.619692
4242.620692
4242.621694
4242.622694
4242.623693
4242.624693
4242.625693
4242.626693
4242.627693
4242.628692
4242.629692
4242.630694
4242.631693
4242.632693
4242.633693
4242.634693
4242.635693
4242.636693
4242.637692
4242.638692
4242.639694
4242.640693
4242.641693
4242.642693
4242.643693
4242.644693
4242.645692
4242.646692
4242.647692
4242.648694
4242.649693
4242.650693
4242.651693
4242.652693
4242.653693
4242.654692
4242.655692
4242.656694
4242.657694
4242.658693
4242.659693
4242.660693
4242.661693
4242.662693
4242.663692
4242.664692
4242.665694
4242.666694
4242.667693
4242.668693
4242.669693
4242.670693
4242.671693
4242.672692
4242.673692
4242.674694
4242.675694
4242.676693
4242.677693
4242.678693
4242.679693
4242.680693
4242.681692
4242.682692
4242.683694
4242.684694
4242.685693
4242.686693
4242.687693
4242.688693
4242.689693
4242.690692
4242.691692
4242.692694
4242.693693
4242.694693
4242.695693
4242.696693
4242.697693
4242.698693
4242.699692
4242.700692
4242.701694
4242.702693
4242.703693
4242.704693
4242.705693
4242.706693
4242.707692
4242.708692
4242.709692
4242.710694
4242.711693
4242.712693
4242.713693
4242.714693
4242.715693
4242.716692
4242.717692
4242.718694
4242.719694
4242.720693
4242.721693
4242.722693
4242.723693
4242.724693
4242.725692
4242.726692
4242.727694
4242.728694
4242.729693
4242.730693
4242.731693
4242.732693
4242.733693
4242.734692
4242.735692
4242.736694
4242.737694
4242.738693
4242.739693
4242.740693
4242.741693
4242.742693
4242.743692
4242.744692
4242.745694
4242.746694
4242.747693
4242.748693
4242.749693
4242.750693
4242.751693
4242.752692
4242.753692
4242.754694
4242.755693
4242.756693
4242.757693
4242.758693
4242.759693
4242.760693
4242.761692
4242.762692
4242.763694
4242.764693
4242.765693
4242.766693
4242.767693
4242.768693
4242.769692
4242.770692
4242.771692
4242.772694
4242.773693
4242.774693
4242.775693
4242.776693
4242.777693
4242.778692
4242.779692
4242.780694
4242.781694
4242.782693
4242.783693
4242.784693
4242.785693
4242.786693
4242.787692
4242.788692
4242.789694
4242.790694
4242.791693
4242.792693
4242.793693
4242.794693
4242.795693
4242.796692
4242.797692
4242.798694
4242.799694
4242.800693
4242.801693
4242.802693
4242.803693
4242.804693
4242.805692
4242.806692
4242.807694
4242.808694
4242.809693
4242.810693
4242.811693
4242.812693
4242.813693
4242.814692
4242.815692
4242.816694
4242.817693
4242.818693
4242.819693
4242.820693
4242.821693
4242.822693
4242.823692
4242.824692
4242.825694
4242.826693
4242.827693
4242.828693
4242.829693
4242.830693
4242.831692
4242.832692
4242.833692
4242.834694
4242.835693
4242.836693
4242.837693
4242.838693
4242.839693
4242.840692
4242.841692
4242.842694
4242.843694
4242.844693
4242.845693
4242.846693
4242.847693
4242.848693
4242.849692
4242.850692
4242.851694
4242.852694
4242.853693
4242.854693
4242.855693
4242.856693
4242.857693
4242.858692
4242.859692
4242.860694
4242.861694
4242.862693
4242.863693
4242.864693
4242.865693
4242.866693
4242.867692
4242.868692
4242.869694
4242.870694
4242.871693
4242.872693
4242.873693
4242.874693
4242.875693
4242.876692
4242.877692
4242.878694
4242.879693
4242.880693
4242.881693
4242.882693
4242.883693
4242.884693
4242.885692
4242.886692
4242.887694
4242.888693
4242.889693
4242.890693
4242.891693
4242.892693
4242.893692
4242.894692
4242.895692
4242.896694
4242.897693
4242.898693
4242.899693
4242.900693
4242.901693
4242.902692
4242.903692
4242.904694
4242.905694
4242.906693
4242.907693
4242.908693
4242.909693
4242.910693
4242.911692
4242.912692
4242.913694
4242.914694
4242.915693
4242.916693
4242.917693
4242.918693
4242.919693
4242.920692
4242.921692
4242.922694
4242.923694
4242.924693
4242.925693
4242.926693
4242.927693
4242.928693
4242.929692
4242.930692
4242.931694
4242.932694
4242.933693
4242.934693
4242.935693
4242.936693
4242.937693
4242.938692
4242.939692
4242.940694
4242.941693
4242.942693
4242.943693
4242.944693
4242.945693
4242.946693
4242.947692
4242.948692
4242.949694
4242.950693
4242.951693
4242.952693
4242.953693
4242.954693
4242.955692
4242.956692
4242.957692
4242.958694
4242.959693
4242.960693
4242.961693
4242.962693
4242.963693
4242.964692
4242.965692
4242.966694
4242.967694
4242.968693
4242.969693
4242.970693
4242.971693
4242.972693
4242.973692
4242.974692
4242.975694
4242.976694
4242.977693
4242.978693
4242.979693
4242.980693
4242.981693
4242.983692
4242.994694
4242.995693
4243.005693
4243.007693
4243.008693
4243.009692
4243.010692
4243.011694
4243.012693
4243.013693
4243.014693
4243.015693
4243.016693
4243.017692
4243.018692
4243.019692
4243.020694
4243.021693
4243.022693
4243.023693
4243.024693
4243.025693
4243.026692
4243.027692
4243.028694
4243.029694
4243.030693
4243.031693
4243.032693
4243.033693
4243.034693
4243.035692
4243.036692
4243.037694
4243.038694
4243.039693
4243.040693
4243.041693
4243.042693
4243.043693
4243.044692
4243.045692
4243.046694
4243.047694
4243.048693
4243.049693
4243.050693
4243.051693
4243.052693
4243.053692
4243.054692
4243.055694
4243.056694
4243.057693
4243.058693
4243.059693
4243.060693
4243.061693
4243.062692
4243.063692
4243.066693
4243.067693
4243.068693
4243.069693
4243.070693
4243.071692
4243.072692
4243.073694
4243.074693
4243.075693
4243.076693
4243.077693
4243.078693
4243.079692
4243.080692
4243.081692
4243.082694
4243.083693
4243.084693
4243.085693
4243.086693
4243.087693
4243.088692
4243.089692
4243.092693
4243.093693
4243.095693
4243.096693
4243.097692
4243.098692
4243.099694
4243.100694
4243.101693
4243.102693
4243.105693
4243.106692
4243.111693
4243.112693
4243.113693
4243.114693
4243.115692
4243.116692
4243.117694
4243.118694
4243.119693
4243.120693
4243.121693
4243.122693
4243.123693
4243.124692
4243.125692
4243.126694
4243.127693
4243.128693
4243.129693
4243.130693
4243.131693
4243.132693
4243.133692
4243.134692
4243.135694
4243.136693
4243.137693
4243.138693
4243.139693
4243.140693
4243.141692
4243.142692
4243.143692
4243.144694
4243.145693
4243.146693
4243.147693
4243.149693
4243.150692
4243.151692
4243.152694
4243.153694
4243.154693
4243.155693
4243.156693
4243.157693
4243.158693
4243.159692
4243.160692
4243.161694
4243.162694
4243.163693
4243.164693
4243.165693
4243.166693
4243.167693
4243.168692
4243.184693
4243.185693
4243.192693
4243.195692
4243.215694
4243.216693
4243.217693
4243.218693
4243.219693
4243.220693
4243.221692
4243.222692
4243.223694
4243.224694
4243.225693
4243.226693
4243.227693
4243.228693
4243.229693
4243.230692
4243.231692
4243.232694
4243.233694
4243.234693
4243.235693
4243.236693
4243.237693
4243.238693
4243.239692
4243.243693
4243.249692
4243.250694
4243.251693
4243.252693
4243.253693
4243.254693
4243.255693
4243.256693
4243.257692
4243.258692
4243.259694
4243.260693
4243.261693
4243.262693
4243.263693
4243.264693
4243.266692
4243.267692
4243.268694
4243.269693
4243.270693
4243.271693
4243.272693
4243.275692
4243.276694
4243.277694
