1037.548325
1037.549324
1037.550324
1037.551324
1037.552324
1037.553324
1037.554324
1037.555323
1037.556323
1037.557325
1037.558324
1037.559324
1037.560324
1037.561324
1037.562324
1037.563323
1037.564323
1037.565323
1037.566325
1037.567324
1037.568324
1037.569324
1037.570324
1037.571324
1037.572323
1037.573323
1037.574323
1037.575325
1037.576324
1037.577324
1037.578324
1037.579324
1037.580324
1037.581323
1037.582323
1037.583325
1037.584325
1037.585324
1037.586324
1037.587324
1037.588324
1037.589324
1037.590323
1037.591323
1037.592325
1037.593325
1037.594324
1037.595324
1037.596324
1037.597324
1037.598324
1037.599323
1037.600323
1037.601325
1037.602325
1037.603324
1037.604324
1037.605324
1037.606324
1037.607324
1037.608323
1037.609323
1037.610325
1037.611324
1037.612324
1037.613324
1037.614324
1037.615324
1037.616324
1037.617323
1037.618323
1037.619325
1037.620324
1037.621324
1037.622324
1037.623324
1037.624324
1037.625323
1037.626323
1037.627323
1037.628325
1037.629324
1037.630324
1037.631324
1037.632324
1037.633324
1037.634323
1037.635323
1037.636323
1037.637325
1037.638324
1037.639324
1037.640324
1037.641324
1037.642324
1037.643323
1037.644323
1037.645325
1037.646325
1037.647324
1037.648324
1037.649324
1037.650324
1037.651324
1037.652323
1037.653323
1037.654325
1037.655325
1037.656324
1037.657324
1037.658324
1037.659324
1037.660324
1037.661323
1037.662323
1037.663325
1037.664325
1037.665324
1037.666324
1037.667324
1037.668324
1037.669324
1037.670323
1037.671323
1037.672325
1037.673324
1037.674324
1037.675324
1037.676324
1037.677324
1037.678324
1037.679323
1037.680323
1037.681325
1037.682324
1037.683324
1037.684324
1037.685324
1037.686324
1037.687323
1037.688323
1037.689323
1037.690325
1037.691324
1037.692324
1037.693324
1037.694324
1037.695324
1037.696323
1037.697323
1037.698323
1037.699325
1037.700324
1037.701324
1037.702324
1037.703324
1037.704324
1037.705323
1037.706323
1037.707325
1037.708325
1037.709324
1037.710324
1037.711324
1037.712324
1037.713324
1037.714323
1037.715323
1037.716325
1037.717325
1037.718324
1037.719324
1037.720324
1037.721324
1037.722324
1037.723323
1037.724323
1037.725325
1037.726325
1037.727324
1037.728324
1037.729324
1037.730324
1037.731324
1037.732323
1037.733323
1037.734325
1037.735324
1037.736324
1037.737324
1037.738324
1037.739324
1037.740324
1037.741323
1037.742323
1037.743325
1037.744324
1037.745324
1037.746324
1037.747324
1037.748324
1037.749323
1037.750323
1037.751323
1037.752325
1037.753324
1037.754324
1037.755324
1037.756324
1037.757324
1037.758323
1037.759323
1037.760323
1037.761325
1037.762324
1037.763324
1037.764324
1037.765324
1037.766324
1037.767323
1037.768323
1037.769325
1037.770325
1037.771324
1037.772324
1037.773324
1037.774324
1037.775324
1037.776323
1037.777323
1037.778325
1037.779325
1037.780324
1037.781324
1037.782324
1037.783324
1037.784324
1037.785323
1037.786323
1037.787325
1037.788325
1037.789324
1037.790324
1037.791324
1037.792324
1037.793324
1037.794323
1037.795323
1037.796325
1037.797324
1037.798324
1037.799324
1037.800324
1037.801324
1037.802324
1037.803323
1037.804323
1037.805325
1037.806324
1037.807324
1037.808324
1037.809324
1037.810324
1037.811323
1037.812323
1037.813323
1037.814325
1037.815324
1037.816324
1037.817324
1037.818324
1037.819324
1037.820323
1037.821323
1037.822323
1037.823325
1037.824324
1037.825324
1037.826324
1037.827324
1037.828324
1037.829323
1037.830323
1037.831325
1037.832325
1037.833324
1037.834324
1037.835324
1037.836324
1037.837324
1037.838323
1037.839323
1037.840325
1037.841325
1037.842324
1037.843324
1037.844324
1037.845324
1037.846324
1037.847323
1037.848323
1037.849325
1037.850325
1037.851324
1037.852324
1037.853324
1037.854324
1037.855324
1037.856323
1037.857323
1037.858325
1037.859324
1037.860324
1037.861324
1037.862324
1037.863324
1037.864324
1037.865323
1037.866323
1037.867325
1037.868324
1037.869324
1037.870324
1037.871324
1037.872324
1037.873323
1037.874323
1037.875323
1037.876325
1037.877324
1037.878324
1037.879324
1037.880324
1037.881324
1037.882323
1037.883323
1037.884323
1037.885325
1037.886324
1037.887324
1037.888324
1037.889324
1037.890324
1037.891323
1037.892323
1037.893325
1037.894325
1037.895324
1037.896324
1037.897324
1037.898324
1037.899324
1037.900323
1037.901323
1037.902325
1037.903325
1037.904324
1037.905324
1037.906324
1037.907324
1037.908324
1037.909323
1037.910323
1037.911325
1037.912325
1037.913324
1037.914324
1037.915324
1037.916324
1037.917324
1037.918323
1037.919323
1037.920325
1037.921324
1037.922324
1037.923324
1037.924324
1037.925324
1037.926324
1037.927323
1037.928323
1037.929325
1037.930324
1037.931324
1037.932324
1037.933324
1037.934324
1037.935323
1037.936323
1037.937323
1037.938325
1037.939324
1037.940324
1037.941324
1037.942324
1037.943324
1037.944323
1037.945323
1037.946323
1037.947325
1037.948324
1037.949324
1037.950324
1037.951324
1037.952324
1037.953323
1037.954323
1037.955325
1037.956325
1037.957324
1037.958324
1037.959324
1037.960324
1037.961324
1037.962323
1037.963323
1037.964325
1037.965325
1037.966324
1037.967324
1037.968324
1037.969324
1037.970324
1037.971323
1037.972323
1037.973325
1037.974325
1037.975324
1037.976324
1037.977324
1037.978324
1037.979324
1037.980323
1037.981323
1037.982325
1037.983324
1037.984324
1037.985324
1037.986324
1037.987324
1037.988324
1037.989323
1037.990323
1037.991325
1037.992324
1037.993324
1037.994324
1037.995324
1037.996324
1037.997323
1037.998323
1037.999323
1038.000325
1038.001324
1038.002324
1038.003324
1038.004324
1038.005324
1038.006323
1038.007323
1038.008323
1038.009325
1038.010324
1038.011324
1038.012324
1038.013324
1038.014324
1038.015323
1038.016323
1038.017325
1038.018325
1038.019324
1038.020324
1038.021324
1038.022324
1038.023324
1038.024323
1038.025323
1038.026325
1038.027325
1038.028324
1038.029324
1038.030324
1038.031324
1038.032324
1038.033323
1038.034323
1038.035325
1038.036325
1038.037324
1038.038324
1038.039324
1038.040324
1038.041324
1038.042323
1038.043323
1038.044325
1038.045324
1038.046324
1038.047324
1038.048324
1038.049324
1038.050324
1038.051323
1038.052323
1038.053325
1038.054324
1038.055324
1038.056324
1038.057324
1038.058324
1038.059323
1038.060323
1038.061323
1038.062325
1038.063324
1038.064324
1038.065324
1038.066324
1038.067324
1038.068323
1038.069323
1038.070323
1038.071325
1038.072324
1038.073324
1038.074324
1038.075324
1038.076324
1038.077323
1038.078323
1038.079325
1038.080325
1038.081324
1038.082324
1038.083324
1038.084324
1038.085324
1038.086323
1038.087323
1038.088325
1038.089325
1038.090324
1038.091324
1038.092324
1038.093324
1038.094324
1038.095323
1038.096323
1038.097325
1038.098325
1038.099324
1038.100324
1038.101324
1038.102324
1038.103324
1038.104323
1038.105323
1038.106325
1038.107324
1038.108324
1038.109324
1038.110324
1038.111324
1038.112324
1038.113323
1038.114323
1038.115325
1038.116324
1038.117324
1038.118324
1038.119324
1038.120324
1038.121323
1038.122323
1038.123323
1038.124325
1038.125324
1038.126324
1038.127324
1038.128324
1038.129324
1038.130323
1038.131323
1038.132323
1038.133325
1038.134324
1038.135324
1038.136324
1038.137324
1038.138324
1038.139323
1038.140323
1038.141325
1038.142325
1038.143324
1038.144324
1038.145324
1038.146324
1038.147324
1038.148323
1038.149323
1038.150325
1038.151325
1038.152324
1038.153324
1038.154324
1038.155324
1038.156324
1038.157323
1038.158323
1038.159325
1038.160325
1038.161324
1038.162324
1038.163324
1038.164324
1038.165324
1038.166323
1038.167323
1038.168325
1038.169324
1038.170324
1038.171324
1038.172324
1038.173324
1038.174324
1038.175323
1038.176323
1038.177325
1038.178324
1038.179324
1038.180324
1038.181324
1038.182324
1038.183323
1038.184323
1038.185323
1038.186325
1038.187324
1038.188324
1038.189324
1038.190324
1038.191324
1038.192323
1038.193323
1038.194323
1038.195325
1038.196324
1038.197324
1038.198324
1038.199324
1038.200324
1038.201323
1038.202323
1038.203325
1038.204325
1038.205324
1038.206324
1038.207324
1038.208324
1038.209324
1038.210323
1038.211323
1038.212325
1038.213325
1038.214324
1038.215324
1038.216324
1038.217324
1038.218324
1038.219323
1038.220323
1038.221325
1038.222325
1038.223324
1038.224324
1038.225324
1038.226324
1038.227324
1038.228323
1038.229323
1038.230325
1038.231324
1038.232324
1038.233324
1038.234324
1038.235324
1038.236324
1038.237323
1038.238323
1038.239325
1038.240324
1038.241324
1038.242324
1038.243324
1038.244324
1038.245323
1038.246323
1038.247323
1038.248325
1038.249324
1038.250324
1038.251324
1038.252324
1038.253324
1038.254323
1038.255323
1038.256323
1038.257325
1038.258324
1038.259324
1038.260324
1038.261324
1038.262324
1038.263323
1038.264323
1038.265325
1038.266325
1038.267324
1038.268324
1038.269324
1038.270324
1038.271324
1038.272323
1038.273323
1038.274325
1038.275325
1038.276324
1038.277324
1038.278324
1038.279324
1038.280324
1038.281323
1038.282323
1038.283325
1038.284325
1038.285324
1038.286324
1038.287324
1038.288324
1038.289324
1038.290323
1038.291323
1038.292325
1038.293324
1038.294324
1038.295324
1038.296324
1038.297324
1038.298324
1038.299323
1038.300323
1038.301325
1038.302324
1038.303324
1038.304324
1038.305324
1038.306324
1038.307323
1038.308323
1038.309323
1038.310325
1038.311324
1038.312324
1038.313324
1038.314324
1038.315324
1038.316323
1038.317323
1038.318323
1038.319325
1038.320324
1038.321324
1038.322324
1038.323324
1038.324324
1038.325323
1038.326323
1038.327325
1038.328325
1038.329324
1038.330324
1038.331324
1038.332324
1038.333324
1038.334323
1038.335323
1038.336325
1038.337325
1038.338324
1038.339324
1038.340324
1038.341324
1038.342324
1038.343323
1038.344323
1038.345325
1038.346325
1038.347324
1038.348324
1038.349324
1038.350324
1038.351324
1038.352323
1038.353323
1038.354325
1038.355324
1038.356324
1038.357324
1038.358324
1038.359324
1038.360324
1038.361323
1038.362323
1038.363325
1038.364324
1038.365324
1038.366324
1038.367324
1038.368324
1038.369323
1038.370323
1038.371323
1038.372325
1038.373324
1038.374324
1038.375324
1038.376324
1038.377324
1038.378323
1038.379323
1038.380323
1038.381325
1038.382324
1038.383324
1038.384324
1038.385324
1038.386324
1038.387323
1038.388323
1038.389325
1038.390325
1038.391324
1038.392324
1038.393324
1038.394324
1038.395324
1038.396323
1038.397323
1038.398325
1038.399325
1038.400324
1038.401324
1038.402324
1038.403324
1038.404324
1038.405323
1038.406323
1038.407325
1038.408325
1038.409324
1038.410324
1038.411324
1038.412324
1038.413324
1038.414323
1038.415323
1038.416325
1038.417324
1038.418324
1038.419324
1038.420324
1038.421324
1038.422324
1038.423323
1038.424323
1038.425325
1038.426324
1038.427324
1038.428324
1038.429324
1038.430324
1038.431323
1038.432323
1038.433323
1038.434325
1038.435324
1038.436324
1038.437324
1038.438324
1038.439324
1038.440323
1038.441323
1038.442323
1038.443325
1038.444324
1038.445324
1038.446324
1038.447324
1038.448324
1038.449323
1038.450323
1038.451325
1038.452325
1038.453324
1038.454324
1038.455324
1038.456324
1038.457324
1038.458323
1038.459323
1038.460325
1038.461325
1038.462324
1038.463324
1038.464324
1038.465324
1038.466324
1038.467323
1038.468323
1038.469325
1038.470325
1038.471324
1038.472324
1038.473324
1038.474324
1038.475324
1038.476323
1038.477323
1038.478325
1038.479324
1038.480324
1038.481324
1038.482324
1038.483324
1038.484324
1038.485323
1038.486323
1038.487325
1038.488324
1038.489324
1038.490324
1038.491324
1038.492324
1038.493323
1038.494323
1038.495323
1038.496325
1038.497324
1038.498324
1038.499324
1038.500324
1038.501324
1038.502323
1038.503323
1038.504323
1038.505325
1038.506324
1038.507324
1038.508324
1038.509324
1038.510324
1038.511323
1038.512323
1038.513325
1038.514325
1038.515324
1038.516324
1038.517324
1038.518324
1038.519324
1038.520323
1038.521323
1038.522325
1038.523325
1038.524324
1038.525324
1038.526324
1038.527324
1038.528324
1038.529323
1038.530323
1038.531325
1038.532325
1038.533324
1038.534324
1038.535324
1038.536324
1038.537324
1038.538323
1038.539323
1038.540325
1038.541324
1038.542324
1038.543324
1038.544324
1038.545324
1038.546324
1038.547323
1038.548323
1038.549325
1038.550324
1038.551324
1038.552324
1038.553324
1038.554324
1038.555323
1038.611325
1038.621324
1038.628323
1038.629325
1038.630324
1038.631324
1038.632324
1038.633324
1038.634324
1038.635323
1038.636323
1038.637325
1038.638325
1038.639324
1038.640324
1038.641324
1038.642324
1038.643324
1038.644323
1038.645323
1038.646325
1038.647325
1038.648324
1038.649324
1038.650324
1038.651324
1038.652324
1038.653323
1038.654323
1038.655325
1038.656325
1038.657324
1038.658324
1038.659324
1038.660324
1038.661324
1038.663323
1038.664325
1038.665324
1038.666324
1038.667324
1038.668324
1038.669324
1038.670324
1038.671323
1038.672323
1038.673325
1038.674324
1038.675324
1038.677324
1038.681323
1038.682325
1038.683324
1038.684324
1038.685324
1038.686324
1038.687324
1038.688323
1038.689323
1038.690323
1038.691325
1038.692324
1038.693324
1038.694324
1038.695324
1038.696324
1038.697323
1038.698323
1038.699325
1038.700325
1038.701324
1038.702324
1038.703324
1038.704324
1038.705324
1038.706323
1038.707323
1038.708325
1038.709325
1038.710324
1038.711324
1038.712324
1038.713324
1038.714324
1038.715323
1038.716323
1038.717325
1038.718325
1038.719324
1038.720324
1038.721324
1038.722324
1038.723324
1038.724323
1038.725323
1038.726325
1038.727324
1038.728324
1038.729324
1038.730324
1038.731324
1038.732324
1038.741323
1038.742323
1038.743323
1038.744325
1038.745324
1038.746324
1038.747324
1038.748324
1038.749324
1038.765324
1038.766324
1038.770325
1038.771325
1038.772324
1038.773324
1038.774324
1038.775324
1038.776324
1038.777323
1038.778323
1038.779325
1038.780325
1038.781324
1038.782324
1038.783324
1038.784324
1038.786323
1038.787323
1038.788325
1038.789324
1038.790324
1038.792324
1038.793324
1038.794324
1038.795323
1038.796323
1038.797325
1038.798324
1038.799324
1038.800324
1038.801324
1038.802324
1038.803323
1038.804323
1038.805323
1038.806325
1038.807324
1038.808324
1038.809324
1038.810324
1038.811324
1038.812323
1038.813323
1038.814323
1038.817324
1038.823325
1038.824325
1038.827324
1038.829324
1038.837324
1038.839323
1038.840323
1038.841325
1038.842325
1038.843324
1038.844324
1038.845324
1038.846324
1038.847324
1038.848323
1038.849323
1038.850325
1038.851324
1038.852324
1038.853324
1038.854324
1038.855324
1038.856324
1038.857323
1038.858323
1038.859325
1038.860324
1038.861324
1038.862324
1038.863324
1038.866323
1038.867323
1038.868325
1038.869324
1038.870324
1038.871324
1038.872324
1038.873324
1038.874323
1038.875323
1038.876323
1038.877325
1038.878324
1038.879324
1038.880324
1038.881324
1038.883323
1038.885325
1038.886325
1038.887324
1038.888324
1038.891324
1038.892323
1038.893323
