1234.098485
1234.099485
1234.100485
1234.101484
1234.102484
1234.103484
1234.104484
1234.105484
1234.106485
1234.107485
1234.108485
1234.109485
1234.110484
1234.111484
1234.112484
1234.113484
1234.114484
1234.115485
1234.116485
1234.117485
1234.118484
1234.119484
1234.120484
1234.121484
1234.122484
1234.123484
1234.124485
1234.125485
1234.126485
1234.127484
1234.128484
1234.129484
1234.130484
1234.131484
1234.132483
1234.133485
1234.134485
1234.135485
1234.136484
1234.137484
1234.138484
1234.139484
1234.140484
1234.141483
1234.142485
1234.143485
1234.144485
1234.145484
1234.146484
1234.147484
1234.148484
1234.149484
1234.150483
1234.151485
1234.152485
1234.153485
1234.154484
1234.155484
1234.156484
1234.157484
1234.158484
1234.159483
1234.160485
1234.161485
1234.162485
1234.163484
1234.164484
1234.165484
1234.166484
1234.167484
1234.168485
1234.169485
1234.170485
1234.171485
1234.172484
1234.173484
1234.174484
1234.175484
1234.176484
1234.177485
1234.178485
1234.179485
1234.180484
1234.181484
1234.182484
1234.183484
1234.184484
1234.185484
1234.186485
1234.187485
1234.188485
1234.189484
1234.190484
1234.191484
1234.192484
1234.193484
1234.194483
1234.195485
1234.196485
1234.197485
1234.198484
1234.199484
1234.200484
1234.201484
1234.202484
1234.203483
1234.204485
1234.205485
1234.206485
1234.207484
1234.208484
1234.209484
1234.210484
1234.211484
1234.212483
1234.213485
1234.214485
1234.215485
1234.216484
1234.217484
1234.218484
1234.219484
1234.220484
1234.221483
1234.222485
1234.223485
1234.224485
1234.225484
1234.226484
1234.227484
1234.228484
1234.229484
1234.230485
1234.231485
1234.232485
1234.233485
1234.234484
1234.235484
1234.236484
1234.237484
1234.238484
1234.239485
1234.240485
1234.241485
1234.242484
1234.243484
1234.244484
1234.245484
1234.246484
1234.247484
1234.248485
1234.249485
1234.250485
1234.251484
1234.252484
1234.253484
1234.254484
1234.255484
1234.256483
1234.257485
1234.258485
1234.259485
1234.260484
1234.261484
1234.262484
1234.263484
1234.264484
1234.265483
1234.266485
1234.267485
1234.268485
1234.269484
1234.270484
1234.271484
1234.272484
1234.273484
1234.274483
1234.275485
1234.276485
1234.277485
1234.278484
1234.279484
1234.280484
1234.281484
1234.282484
1234.283483
1234.284485
1234.285485
1234.286485
1234.287484
1234.288484
1234.289484
1234.290484
1234.291484
1234.292485
1234.293485
1234.294485
1234.295485
1234.296484
1234.297484
1234.298484
1234.299484
1234.300484
1234.301485
1234.302485
1234.303485
1234.304484
1234.305484
1234.306484
1234.307484
1234.308484
1234.309484
1234.310485
1234.311485
1234.312485
1234.313484
1234.314484
1234.315484
1234.316484
1234.317484
1234.318483
1234.319485
1234.320485
1234.321485
1234.322484
1234.323484
1234.324484
1234.325484
1234.326484
1234.327483
1234.328485
1234.329485
1234.330485
1234.331484
1234.332484
1234.333484
1234.334484
1234.335484
1234.336483
1234.337485
1234.338485
1234.339485
1234.340484
1234.341484
1234.342484
1234.343484
1234.344484
1234.345483
1234.346485
1234.347485
1234.348485
1234.349484
1234.350484
1234.351484
1234.352484
1234.353484
1234.354485
1234.355485
1234.356485
1234.357485
1234.358484
1234.359484
1234.360484
1234.361484
1234.362484
1234.363485
1234.364485
1234.365485
1234.366484
1234.367484
1234.368484
1234.369484
1234.370484
1234.371484
1234.372485
1234.373485
1234.374485
1234.375484
1234.376484
1234.377484
1234.378484
1234.379484
1234.380483
1234.381485
1234.382485
1234.383485
1234.384484
1234.385484
1234.386484
1234.387484
1234.388484
1234.389483
1234.390485
1234.391485
1234.392485
1234.393484
1234.394484
1234.395484
1234.396484
1234.397484
1234.398483
1234.399485
1234.400485
1234.401485
1234.402484
1234.403484
1234.404484
1234.405484
1234.406484
1234.407483
1234.408485
1234.409485
1234.410485
1234.411484
1234.412484
1234.413484
1234.414484
1234.415484
1234.416485
1234.417485
1234.418485
1234.419485
1234.420484
1234.421484
1234.422484
1234.423484
1234.424484
1234.425485
1234.426485
1234.427485
1234.428484
1234.429484
1234.430484
1234.431484
1234.432484
1234.433484
1234.434485
1234.435485
1234.436485
1234.437484
1234.438484
1234.439484
1234.440484
1234.441484
1234.442483
1234.443485
1234.444485
1234.445485
1234.446484
1234.447484
1234.448484
1234.449484
1234.450484
1234.451483
1234.452485
1234.453485
1234.454485
1234.455484
1234.456484
1234.457484
1234.458484
1234.459484
1234.460483
1234.461485
1234.462485
1234.463485
1234.464484
1234.465484
1234.466484
1234.467484
1234.468484
1234.469483
1234.470485
1234.471485
1234.472485
1234.473484
1234.474484
1234.475484
1234.476484
1234.477484
1234.478485
1234.479485
1234.480485
1234.481485
1234.482484
1234.483484
1234.484484
1234.485484
1234.486484
1234.487485
1234.488485
1234.489485
1234.490484
1234.491484
1234.492484
1234.493484
1234.494484
1234.495484
1234.496485
1234.497485
1234.498485
1234.499484
1234.500484
1234.501484
1234.502484
1234.503484
1234.504483
1234.505485
1234.506485
1234.507485
1234.508484
1234.509484
1234.510484
1234.511484
1234.512484
1234.513483
1234.514485
1234.515485
1234.516485
1234.517484
1234.518484
1234.519484
1234.520484
1234.521484
1234.522483
1234.523485
1234.524485
1234.525485
1234.526484
1234.527484
1234.528484
1234.529484
1234.530484
1234.531483
1234.532485
1234.533485
1234.534485
1234.535484
1234.536484
1234.537484
1234.538484
1234.539484
1234.540485
1234.541485
1234.542485
1234.543485
1234.544484
1234.545484
1234.546484
1234.547484
1234.548484
1234.549485
1234.550485
1234.551485
1234.552484
1234.553484
1234.554484
1234.555484
1234.556484
1234.557484
1234.558485
1234.559485
1234.560485
1234.561484
1234.562484
1234.563484
1234.564484
1234.565484
1234.566483
1234.567485
1234.568485
1234.569485
1234.570484
1234.571484
1234.572484
1234.573484
1234.574484
1234.575483
1234.576485
1234.577485
1234.578485
1234.579484
1234.580484
1234.581484
1234.582484
1234.583484
1234.584483
1234.585485
1234.586485
1234.587485
1234.588484
1234.589484
1234.590484
1234.591484
1234.592484
1234.593483
1234.594485
1234.595485
1234.596485
1234.597484
1234.598484
1234.599484
1234.600484
1234.601484
1234.602485
1234.603485
1234.604485
1234.605485
1234.606484
1234.607484
1234.608484
1234.609484
1234.610484
1234.611485
1234.612485
1234.613485
1234.614484
1234.615484
1234.616484
1234.617484
1234.618484
1234.619484
1234.620485
1234.621485
1234.622485
1234.623484
1234.624484
1234.625484
1234.626484
1234.627484
1234.628483
1234.629485
1234.630485
1234.631485
1234.632484
1234.633484
1234.634484
1234.635484
1234.636484
1234.637483
1234.638485
1234.639485
1234.640485
1234.641484
1234.642484
1234.643484
1234.644484
1234.645484
1234.646483
1234.647485
1234.648485
1234.649485
1234.650484
1234.651484
1234.652484
1234.653484
1234.654484
1234.655483
1234.656485
1234.657485
1234.658485
1234.659484
1234.660484
1234.661484
1234.662484
1234.663484
1234.664485
1234.665485
1234.666485
1234.667485
1234.668484
1234.669484
1234.670484
1234.671484
1234.672484
1234.673485
1234.674485
1234.675485
1234.676484
1234.677484
1234.678484
1234.679484
1234.680484
1234.681484
1234.682485
1234.683485
1234.684485
1234.685484
1234.686484
1234.687484
1234.688484
1234.689484
1234.690483
1234.691485
1234.692485
1234.693485
1234.694484
1234.695484
1234.696484
1234.697484
1234.698484
1234.699483
1234.700485
1234.701485
1234.702485
1234.703484
1234.704484
1234.705484
1234.706484
1234.707484
1234.708483
1234.709485
1234.710485
1234.711485
1234.712484
1234.713484
1234.714484
1234.715484
1234.716484
1234.717483
1234.718485
1234.719485
1234.720485
1234.721484
1234.722484
1234.723484
1234.724484
1234.725484
1234.726485
1234.727485
1234.728485
1234.729485
1234.730484
1234.731484
1234.732484
1234.733484
1234.734484
1234.735485
1234.736485
1234.737485
1234.738484
1234.739484
1234.740484
1234.741484
1234.742484
1234.743484
1234.744485
1234.745485
1234.746485
1234.747484
1234.748484
1234.749484
1234.750484
1234.751484
1234.752483
1234.753485
1234.754485
1234.755485
1234.756484
1234.757484
1234.758484
1234.759484
1234.760484
1234.761483
1234.762485
1234.763485
1234.764485
1234.765484
1234.766484
1234.767484
1234.768484
1234.769484
1234.770483
1234.771485
1234.772485
1234.773485
1234.774484
1234.775484
1234.776484
1234.777484
1234.778484
1234.779483
1234.780485
1234.781485
1234.782485
1234.783484
1234.784484
1234.785484
1234.786484
1234.787484
1234.788485
1234.789485
1234.790485
1234.791485
1234.792484
1234.793484
1234.794484
1234.795484
1234.796484
1234.797485
1234.798485
1234.799485
1234.800484
1234.801484
1234.802484
1234.803484
1234.804484
1234.805484
1234.806485
1234.807485
1234.808485
1234.809484
1234.810484
1234.811484
1234.812484
1234.813484
1234.814483
1234.815485
1234.816485
1234.817485
1234.818484
1234.819484
1234.820484
1234.821484
1234.822484
1234.823483
1234.824485
1234.825485
1234.826485
1234.827484
1234.828484
1234.829484
1234.830484
1234.831484
1234.832483
1234.833485
1234.834485
1234.835485
1234.836484
1234.837484
1234.838484
1234.839484
1234.840484
1234.841483
1234.842485
1234.843485
1234.844485
1234.845484
1234.846484
1234.847484
1234.848484
1234.849484
1234.850485
1234.851485
1234.852485
1234.853485
1234.854484
1234.855484
1234.856484
1234.857484
1234.858484
1234.859485
1234.860485
1234.861485
1234.862484
1234.863484
1234.864484
1234.865484
1234.866484
1234.867484
1234.868485
1234.869485
1234.870485
1234.871484
1234.872484
1234.873484
1234.874484
1234.875484
1234.876483
1234.877485
1234.878485
1234.879485
1234.880484
1234.881484
1234.882484
1234.883484
1234.884484
1234.885483
1234.886485
1234.887485
1234.888485
1234.889484
1234.890484
1234.891484
1234.892484
1234.893484
1234.894483
1234.895485
1234.896485
1234.897485
1234.898484
1234.899484
1234.900484
1234.901484
1234.902484
1234.903483
1234.904485
1234.905485
1234.906485
1234.907484
1234.908484
1234.909484
1234.910484
1234.911484
1234.912485
1234.913485
1234.914485
1234.915485
1234.916484
1234.917484
1234.918484
1234.919484
1234.920484
1234.921485
1234.922485
1234.923485
1234.924484
1234.925484
1234.926484
1234.927484
1234.928484
1234.929484
1234.930485
1234.931485
1234.932485
1234.933484
1234.934484
1234.935484
1234.936484
1234.937484
1234.938483
1234.939485
1234.940485
1234.941485
1234.942484
1234.943484
1234.944484
1234.945484
1234.946484
1234.947483
1234.948485
1234.949485
1234.950485
1234.951484
1234.952484
1234.953484
1234.954484
1234.955484
1234.956483
1234.957485
1234.958485
1234.959485
1234.960484
1234.961484
1234.962484
1234.963484
1234.964484
1234.965483
1234.966485
1234.967485
1234.968485
1234.969484
1234.970484
1234.971484
1234.972484
1234.973484
1234.974485
1234.975485
1234.976485
1234.977485
1234.978484
1234.979484
1234.980484
1234.981484
1234.982484
1234.983485
1234.984485
1234.985485
1234.986484
1234.987484
1234.988484
1234.989484
1234.990484
1234.991484
1234.992485
1234.993485
1234.994485
1234.995484
1234.996484
1234.997484
1234.998484
1234.999484
1235.000483
1235.001485
1235.002485
1235.003485
1235.004484
1235.005484
1235.006484
1235.007484
1235.008484
1235.009483
1235.010485
1235.011485
1235.012485
1235.013484
1235.014484
1235.015484
1235.016484
1235.017484
1235.018483
1235.019485
1235.020485
1235.021485
1235.022484
1235.023484
1235.024484
1235.025484
1235.026484
1235.027483
1235.028485
1235.029485
1235.030485
1235.031484
1235.032484
1235.033484
1235.034484
1235.035484
1235.036485
1235.037485
1235.038485
1235.039485
1235.040484
1235.041484
1235.042484
1235.043484
1235.044484
1235.045485
1235.046485
1235.047485
1235.048484
1235.049484
1235.050484
1235.051484
1235.052484
1235.053484
1235.054485
1235.055485
1235.056485
1235.057484
1235.058484
1235.059484
1235.060484
1235.061484
1235.062483
1235.063485
1235.064485
1235.065485
1235.066484
1235.067484
1235.068484
1235.069484
1235.070484
1235.071483
1235.072485
1235.073485
1235.074485
1235.075484
1235.076484
1235.077484
1235.078484
1235.079484
1235.080483
1235.081485
1235.082485
1235.083485
1235.084484
1235.085484
1235.086484
1235.087484
1235.088484
1235.089483
1235.090485
1235.091485
1235.092485
1235.093484
1235.094484
1235.095484
1235.096484
1235.097484
1235.098485
1235.099485
1235.100485
1235.101485
1235.102484
1235.103484
1235.104484
1235.105484
1235.106484
1235.107485
1235.108485
1235.109485
1235.110484
1235.111484
1235.112484
1235.113484
1235.114484
1235.115484
1235.116485
1235.117485
1235.118485
1235.119484
1235.120484
1235.121484
1235.122484
1235.123484
1235.124483
1235.125485
1235.126485
1235.127485
1235.128484
1235.129484
1235.130484
1235.131484
1235.132484
1235.133483
1235.134485
1235.135485
1235.136485
1235.137484
1235.138484
1235.139484
1235.140484
1235.141484
1235.142483
1235.143485
1235.144485
1235.145485
1235.146484
1235.147484
1235.148484
1235.149484
1235.150484
1235.151483
1235.152485
1235.153485
1235.154485
1235.155484
1235.156484
1235.157484
1235.158484
1235.159484
1235.160485
1235.161485
1235.162485
1235.163485
1235.164484
1235.165484
1235.166484
1235.167484
1235.168484
1235.169485
1235.170485
1235.171485
1235.172484
1235.173484
1235.174484
1235.175484
1235.176484
1235.177484
1235.178485
1235.179485
1235.180485
1235.181484
1235.182484
1235.183484
1235.184484
1235.185484
1235.186483
1235.187485
1235.188485
1235.189485
1235.190484
1235.191484
1235.192484
1235.193484
1235.194484
1235.195483
1235.196485
1235.197485
1235.198485
1235.199484
1235.200484
1235.201484
1235.202484
1235.203484
1235.204483
1235.205485
1235.206485
1235.207485
1235.208484
1235.209484
1235.210484
1235.211484
1235.212484
1235.213483
1235.214485
1235.215485
1235.216485
1235.217484
1235.218484
1235.219484
1235.220484
1235.221484
1235.222485
1235.223485
1235.224485
1235.225485
1235.226484
1235.227484
1235.228484
1235.229484
1235.230484
1235.231485
1235.232485
1235.233485
1235.234484
1235.235484
1235.236484
1235.237484
1235.238484
1235.239484
1235.240485
1235.241485
1235.242485
1235.243484
1235.244484
1235.245484
1235.246484
1235.247484
1235.248483
1235.249485
1235.250485
1235.251485
1235.252484
1235.253484
1235.254484
1235.255484
1235.256484
1235.257483
1235.258485
1235.259485
1235.260485
1235.261484
1235.262484
1235.263484
1235.264484
1235.265484
1235.266483
1235.267485
1235.268485
1235.269485
1235.270484
1235.271484
1235.272484
1235.273484
1235.274484
1235.275483
1235.276485
1235.277485
1235.278485
1235.279484
1235.280484
1235.281484
1235.282484
1235.283484
1235.284485
1235.285485
1235.286485
1235.287485
1235.288484
1235.289484
1235.290484
1235.291484
1235.292484
1235.293485
1235.294485
1235.295485
1235.296484
1235.297484
1235.298484
1235.299484
1235.300484
1235.301484
1235.302485
1235.303485
1235.304485
1235.305484
1235.306484
1235.307484
1235.308484
1235.309484
1235.310483
1235.311485
1235.312485
1235.313485
1235.314484
1235.315484
1235.316484
1235.317484
1235.318484
1235.319483
1235.320485
1235.321485
1235.322485
1235.323484
1235.324484
1235.325484
1235.326484
1235.327484
1235.328483
1235.329485
1235.330485
1235.331485
1235.332484
1235.333484
1235.334484
1235.335484
1235.336484
1235.337483
1235.338485
1235.339485
1235.340485
1235.341484
1235.342484
1235.343484
1235.344484
1235.345484
1235.346485
1235.347485
1235.348485
1235.349485
1235.350484
1235.351484
1235.352484
1235.353484
1235.354484
1235.355485
1235.356485
1235.357485
1235.358484
1235.359484
1235.360484
1235.361484
1235.362484
1235.363484
1235.364485
1235.365485
1235.366485
1235.367484
1235.368484
1235.369484
1235.370484
1235.371484
1235.372483
1235.373485
1235.374485
1235.375485
1235.376484
1235.377484
1235.378484
1235.379484
1235.380484
1235.381483
1235.382485
1235.383485
1235.384485
1235.385484
1235.386484
1235.387484
1235.388484
1235.389484
1235.390483
1235.391485
1235.392485
1235.393485
1235.394484
1235.395484
1235.396484
1235.397484
1235.398484
1235.399483
1235.400485
1235.401485
1235.402485
1235.403484
1235.404484
1235.405484
1235.406484
1235.407484
1235.408485
1235.409485
1235.410485
1235.411485
1235.412484
1235.413484
1235.414484
1235.415484
1235.416484
1235.417485
1235.418485
1235.419485
1235.420484
1235.421484
1235.422484
1235.423484
1235.424484
1235.425484
1235.426485
1235.427485
1235.428485
1235.429484
1235.430484
1235.431484
1235.432484
1235.433484
1235.434483
1235.435485
1235.436485
1235.437485
1235.438484
1235.439484
1235.440484
1235.441484
1235.442484
1235.443483
1235.444485
1235.445485
1235.446485
1235.447484
1235.448484
1235.449484
1235.450484
1235.451484
1235.452483
1235.453485
1235.454485
1235.455485
1235.456484
1235.457484
1235.458484
1235.459484
1235.460484
1235.461483
1235.462485
1235.463485
1235.464485
1235.465484
1235.466484
1235.467484
1235.468484
1235.469484
1235.470485
1235.471485
1235.472485
1235.473485
1235.474484
1235.475484
1235.476484
1235.477484
1235.478484
1235.479485
1235.480485
1235.481485
1235.482484
1235.483484
1235.484484
1235.485484
1235.486484
1235.487484
1235.488485
1235.489485
1235.490485
1235.491484
1235.492484
1235.493484
1235.494484
1235.495484
1235.496483
1235.497485
1235.498485
1235.499485
1235.500484
1235.501484
1235.502484
1235.503484
1235.504484
1235.505483
1235.506485
1235.507485
1235.508485
1235.509484
1235.510484
1235.511484
1235.512484
1235.513484
1235.514483
1235.515485
1235.516485
1235.517485
1235.518484
1235.519484
1235.520484
1235.521484
1235.522484
1235.523483
1235.524485
1235.525485
1235.526485
1235.527484
1235.528484
1235.529484
1235.530484
1235.531484
1235.532485
1235.533485
1235.534485
1235.535485
1235.536484
1235.537484
1235.538484
1235.539484
1235.540484
1235.541485
1235.542485
1235.543485
1235.544484
1235.545484
1235.546484
1235.547484
1235.548484
1235.549484
1235.550485
1235.551485
1235.552485
1235.553484
1235.554484
1235.555484
1235.556484
1235.557484
1235.558483
1235.559485
1235.560485
1235.561485
1235.562484
1235.563484
1235.564484
1235.565484
1235.566484
1235.567483
1235.568485
1235.569485
1235.570485
1235.571484
1235.572484
1235.573484
1235.574484
1235.575484
1235.576483
1235.577485
1235.578485
1235.579485
1235.580484
1235.581484
1235.582484
1235.583484
1235.584484
1235.585483
1235.586485
1235.587485
1235.588485
1235.589484
1235.590484
1235.591484
1235.592484
1235.593484
1235.594485
1235.595485
1235.596485
1235.597485
1235.598484
1235.599484
1235.600484
1235.601484
1235.602484
1235.603485
1235.604485
1235.605485
1235.606484
1235.607484
1235.608484
1235.609484
1235.610484
1235.611484
1235.612485
1235.613485
1235.614485
1235.615484
1235.616484
1235.617484
1235.618484
1235.619484
1235.620483
1235.621485
1235.622485
1235.623485
1235.624484
1235.625484
1235.626484
1235.627484
1235.628484
1235.629483
1235.630485
1235.631485
1235.632485
1235.633484
1235.634484
1235.635484
1235.636484
1235.637484
1235.638483
1235.639485
1235.640485
1235.641485
1235.642484
1235.643484
1235.644484
1235.645484
1235.646484
1235.647483
1235.648485
1235.649485
1235.650485
1235.651484
1235.652484
1235.653484
1235.654484
1235.655484
1235.656485
1235.657485
1235.658485
1235.659485
1235.660484
1235.661484
1235.662484
1235.663484
1235.664484
1235.665485
1235.666485
1235.667485
1235.668484
1235.669484
1235.670484
1235.671484
1235.672484
1235.673484
1235.674485
1235.675485
1235.676485
1235.677484
1235.678484
1235.679484
1235.680484
1235.681484
1235.682483
1235.683485
1235.684485
1235.685485
1235.686484
1235.687484
1235.688484
1235.689484
1235.690484
1235.691483
1235.692485
1235.693485
1235.694485
1235.695484
1235.696484
1235.697484
1235.698484
1235.699484
1235.700483
1235.701485
1235.702485
1235.703485
1235.704484
1235.705484
1235.706484
1235.707484
1235.708484
1235.709483
1235.710485
1235.711485
1235.712485
1235.713484
1235.714484
1235.715484
1235.716484
1235.717484
1235.718485
1235.719485
1235.720485
1235.721485
1235.722484
1235.723484
1235.724484
1235.725484
1235.726484
1235.727485
1235.728485
1235.729485
1235.730484
1235.731484
1235.732484
1235.733484
1235.734484
1235.735484
1235.736485
1235.737485
1235.738485
1235.739484
1235.740484
1235.741484
1235.742484
1235.743484
1235.744483
1235.745485
1235.746485
1235.747485
1235.748484
1235.749484
1235.750484
1235.751484
1235.752484
1235.753483
1235.754485
1235.755485
1235.756485
1235.757484
1235.758484
1235.759484
1235.760484
1235.761484
1235.762483
1235.763485
1235.764485
1235.765485
1235.766484
1235.767484
1235.768484
1235.769484
1235.770484
1235.771483
1235.772485
1235.773485
1235.774485
1235.775484
1235.776484
1235.777484
1235.778484
1235.779484
1235.780485
1235.781485
1235.782485
1235.783485
1235.784484
1235.785484
1235.786484
1235.787484
1235.788484
1235.789485
1235.790485
1235.791485
1235.792484
1235.793484
1235.794484
1235.795484
1235.796484
1235.797484
1235.798485
1235.799485
1235.800485
1235.801484
1235.802484
1235.803484
1235.804484
1235.805484
1235.806483
1235.807485
1235.808485
1235.809485
1235.810484
1235.811484
1235.812484
1235.813484
1235.814484
1235.815483
1235.816485
1235.817485
1235.818485
1235.819484
1235.820484
1235.821484
1235.822484
1235.823484
1235.824483
1235.825485
1235.826485
1235.827485
1235.828484
1235.829484
1235.830484
1235.831484
1235.832484
1235.833483
1235.834485
1235.835485
1235.836485
1235.837484
1235.838484
1235.839484
1235.840484
1235.841484
1235.842485
1235.843485
1235.844485
1235.845485
1235.846484
1235.847484
1235.848484
1235.849484
1235.850484
1235.851485
1235.852485
1235.853485
1235.854484
1235.855484
1235.856484
1235.857484
1235.858484
1235.859484
1235.860485
1235.861485
1235.862485
1235.863484
1235.864484
1235.865484
1235.866484
1235.867484
1235.868483
1235.869485
1235.870485
1235.871485
1235.872484
1235.873484
1235.874484
1235.875484
1235.876484
1235.877483
1235.878485
1235.879485
1235.880485
1235.881484
1235.882484
1235.883484
1235.884484
1235.885484
1235.886483
1235.887485
1235.888485
1235.889485
1235.890484
1235.891484
1235.892484
1235.893484
1235.894484
1235.895483
1235.896485
1235.897485
1235.898485
1235.899484
1235.900484
1235.901484
1235.902484
1235.903484
1235.904485
1235.905485
1235.906485
1235.907485
1235.908484
1235.909484
1235.910484
1235.911484
1235.912484
1235.913485
1235.914485
1235.915485
1235.916484
1235.917484
1235.918484
1235.919484
1235.920484
1235.921484
1235.922485
1235.923485
1235.924485
1235.925484
1235.926484
1235.927484
1235.928484
1235.929484
1235.930483
1235.931485
1235.932485
1235.933485
1235.934484
1235.935484
1235.936484
1235.937484
1235.938484
1235.939483
1235.940485
1235.941485
1235.942485
1235.943484
1235.944484
1235.945484
1235.946484
1235.947484
1235.948483
1235.949485
1235.950485
1235.951485
1235.952484
1235.953484
1235.954484
1235.955484
1235.956484
1235.957483
1235.958485
1235.959485
1235.960485
1235.961484
1235.962484
1235.963484
1235.964484
1235.965484
1235.966485
1235.967485
1235.968485
1235.969485
1235.970484
1235.971484
1235.972484
1235.973484
1235.974484
1235.975485
1235.976485
1235.977485
1235.978484
1235.979484
1235.980484
1235.981484
1235.982484
1235.983484
1235.984485
1235.985485
1235.986485
1235.987484
1235.988484
1235.989484
1235.990484
1235.991484
1235.992483
1235.993485
1235.994485
1235.995485
1235.996484
1235.997484
1235.998484
1235.999484
1236.000484
1236.001483
1236.002485
1236.003485
1236.004485
1236.005484
1236.006484
1236.007484
1236.008484
1236.009484
1236.010483
1236.011485
1236.012485
1236.013485
1236.014484
1236.015484
1236.016484
1236.017484
1236.018484
1236.019483
1236.020485
1236.021485
1236.022485
1236.023484
1236.024484
1236.025484
1236.026484
1236.027484
1236.028485
1236.029485
1236.030485
1236.031485
1236.032484
1236.033484
1236.034484
1236.035484
1236.036484
1236.037485
1236.038485
1236.039485
1236.040484
1236.041484
1236.042484
1236.043484
1236.044484
1236.045484
1236.046485
1236.047485
1236.048485
1236.049484
1236.050484
1236.051484
1236.052484
1236.053484
1236.054483
1236.055485
1236.056485
1236.057485
1236.058484
1236.059484
1236.060484
1236.061484
1236.062484
1236.063483
1236.064485
1236.065485
1236.066485
1236.067484
1236.068484
1236.069484
1236.070484
1236.071484
1236.072483
1236.073485
1236.074485
1236.075485
1236.076484
1236.077484
1236.078484
1236.079484
1236.080484
1236.081483
1236.082485
1236.083485
1236.084485
1236.085484
1236.086484
1236.087484
1236.088484
1236.089484
1236.090485
1236.091485
1236.092485
1236.093485
1236.094484
1236.095484
1236.096484
1236.097484
1236.098484
1236.099485
1236.100485
1236.101485
1236.102484
1236.103484
1236.104484
1236.105484
1236.106484
1236.107484
1236.108485
