1203.213324
1203.224324
1203.225324
1203.226324
1203.227323
1203.228323
1203.229323
1203.230325
1203.231324
1203.232324
1203.233324
1203.234324
1203.235324
1203.236323
1203.237323
1203.238323
1203.239325
1203.240324
1203.241324
1203.242324
1203.243324
1203.244324
1203.245323
1203.246323
1203.247325
1203.248325
1203.249324
1203.250324
1203.251324
1203.252324
1203.253324
1203.254323
1203.255323
1203.256325
1203.257325
1203.258324
1203.259324
1203.260324
1203.261324
1203.262324
1203.263323
1203.264323
1203.265325
1203.266325
1203.267324
1203.268324
1203.269324
1203.270324
1203.271324
1203.272323
1203.273323
1203.274325
1203.275324
1203.276324
1203.277324
1203.278324
1203.279324
1203.280324
1203.281323
1203.282323
1203.283325
1203.284324
1203.285324
1203.286324
1203.287324
1203.288324
1203.289323
1203.290323
1203.291323
1203.292325
1203.293324
1203.294324
1203.295324
1203.296324
1203.297324
1203.298323
1203.299323
1203.300323
1203.301325
1203.302324
1203.303324
1203.304324
1203.305324
1203.306324
1203.307323
1203.308323
1203.309325
1203.310325
1203.311324
1203.312324
1203.313324
1203.314324
1203.315324
1203.316323
1203.317323
1203.318325
1203.319325
1203.320324
1203.321324
1203.322324
1203.323324
1203.324324
1203.325323
1203.326323
1203.327325
1203.328325
1203.329324
1203.330324
1203.331324
1203.332324
1203.333324
1203.334323
1203.335323
1203.336325
1203.337324
1203.338324
1203.339324
1203.340324
1203.341324
1203.342324
1203.343323
1203.344323
1203.345325
1203.346324
1203.347324
1203.348324
1203.349324
1203.350324
1203.351323
1203.352323
1203.353323
1203.354325
1203.355324
1203.356324
1203.357324
1203.358324
1203.359324
1203.360323
1203.361323
1203.362323
1203.363325
1203.364324
1203.365324
1203.366324
1203.367324
1203.368324
1203.369323
1203.370323
1203.371325
1203.372325
1203.373324
1203.374324
1203.375324
1203.376324
1203.377324
1203.378323
1203.379323
1203.380325
1203.381325
1203.382324
1203.383324
1203.384324
1203.385324
1203.386324
1203.387323
1203.388323
1203.389325
1203.390325
1203.391324
1203.392324
1203.393324
1203.394324
1203.395324
1203.396323
1203.397323
1203.398325
1203.399324
1203.400324
1203.401324
1203.402324
1203.403324
1203.404324
1203.405323
1203.406323
1203.407325
1203.408324
1203.409324
1203.410324
1203.411324
1203.412324
1203.413323
1203.414323
1203.415323
1203.416325
1203.417324
1203.418324
1203.419324
1203.420324
1203.421324
1203.422323
1203.423323
1203.424323
1203.425325
1203.426324
1203.427324
1203.428324
1203.429324
1203.430324
1203.431323
1203.432323
1203.433325
1203.434325
1203.435324
1203.436324
1203.437324
1203.438324
1203.439324
1203.440323
1203.441323
1203.442325
1203.443325
1203.444324
1203.445324
1203.446324
1203.447324
1203.448324
1203.449323
1203.450323
1203.451325
1203.452325
1203.453324
1203.454324
1203.455324
1203.456324
1203.457324
1203.458323
1203.459323
1203.460325
1203.461324
1203.462324
1203.463324
1203.464324
1203.465324
1203.468323
1203.469325
1203.470324
1203.471324
1203.472324
1203.473324
1203.474324
1203.475323
1203.476323
1203.477323
1203.478325
1203.479324
1203.480324
1203.481324
1203.482324
1203.483324
1203.484323
1203.485323
1203.486323
1203.487325
1203.488324
1203.489324
1203.490324
1203.491324
1203.492324
1203.493323
1203.494323
1203.495325
1203.496325
1203.497324
1203.498324
1203.499324
1203.500324
1203.501324
1203.502323
1203.503323
1203.505325
1203.506324
1203.510324
1203.511323
1203.512323
1203.513325
1203.514325
1203.515324
1203.516324
1203.517324
1203.518324
1203.519324
1203.520323
1203.521323
1203.522325
1203.523324
1203.524324
1203.525324
1203.526324
1203.527324
1203.528324
1203.529323
1203.530323
1203.531325
1203.532324
1203.533324
1203.534324
1203.535324
1203.536324
1203.537323
1203.538323
1203.539323
1203.541324
1203.542324
1203.543324
1203.544324
1203.545324
1203.546323
1203.547323
1203.548323
1203.549325
1203.550324
1203.551324
1203.552324
1203.553324
1203.554324
1203.555323
1203.556323
1203.557325
1203.558325
1203.559324
1203.560324
1203.561324
1203.562324
1203.563324
1203.564323
1203.565323
1203.566325
1203.567325
1203.568324
1203.569324
1203.570324
1203.571324
1203.572324
1203.573323
1203.574323
1203.575325
1203.576325
1203.577324
1203.578324
1203.579324
1203.580324
1203.581324
1203.582323
1203.583323
1203.584325
1203.585324
1203.586324
1203.587324
1203.588324
1203.589324
1203.590324
1203.591323
1203.592323
1203.593325
1203.594324
1203.595324
1203.596324
1203.597324
1203.598324
1203.599323
1203.600323
1203.601323
1203.602325
1203.603324
1203.604324
1203.605324
1203.606324
1203.607324
1203.608323
1203.609323
1203.610323
1203.611325
1203.612324
1203.613324
1203.614324
1203.615324
1203.616324
1203.617323
1203.618323
1203.619325
1203.620325
1203.621324
1203.622324
1203.623324
1203.624324
1203.625324
1203.626323
1203.627323
1203.628325
1203.629325
1203.630324
1203.631324
1203.632324
1203.633324
1203.634324
1203.635323
1203.636323
1203.637325
1203.638325
1203.639324
1203.640324
1203.641324
1203.642324
1203.643324
1203.644323
1203.645323
1203.646325
1203.647324
1203.648324
1203.649324
1203.650324
1203.651324
1203.652324
1203.653323
1203.654323
1203.655325
1203.656324
1203.657324
1203.658324
1203.659324
1203.660324
1203.661323
1203.662323
1203.663323
1203.664325
1203.665324
1203.666324
1203.667324
1203.668324
1203.669324
1203.670323
1203.671323
1203.672323
1203.673325
1203.674324
1203.675324
1203.676324
1203.677324
1203.678324
1203.679323
1203.680323
1203.681325
1203.682325
1203.683324
1203.684324
1203.685324
1203.686324
1203.687324
1203.688323
1203.689323
1203.690325
1203.691325
1203.692324
1203.693324
1203.694324
1203.695324
1203.696324
1203.697323
1203.698323
1203.699325
1203.700325
1203.701324
1203.702324
1203.703324
1203.704324
1203.705324
1203.706323
1203.707323
1203.708325
1203.709324
1203.710324
1203.711324
1203.712324
1203.713324
1203.714324
1203.715323
1203.716323
1203.717325
1203.718324
1203.719324
1203.720324
1203.721324
1203.722324
1203.723323
1203.724323
1203.725323
1203.726325
1203.727324
1203.728324
1203.729324
1203.730324
1203.731324
1203.732323
1203.733323
1203.734323
1203.737324
1203.738324
1203.739324
1203.740324
1203.741323
1203.742323
1203.743325
1203.744325
1203.745324
1203.746324
1203.747324
1203.748324
1203.749324
1203.750323
1203.751323
1203.752325
1203.753325
1203.754324
1203.755324
1203.756324
1203.757324
1203.758324
1203.759323
1203.760323
1203.761325
1203.762325
1203.763324
1203.764324
1203.765324
1203.766324
1203.767324
1203.768323
1203.769323
1203.770325
1203.771324
1203.772324
1203.773324
1203.774324
1203.775324
1203.776324
1203.777323
1203.778323
1203.779325
1203.780324
1203.781324
1203.782324
1203.783324
1203.784324
1203.785323
1203.786323
1203.787323
1203.788325
1203.789324
1203.790324
1203.791324
1203.792324
1203.793324
1203.794323
1203.795323
1203.796323
1203.797325
1203.798324
1203.799324
1203.800324
1203.801324
1203.802324
1203.803323
1203.804323
1203.805325
1203.806325
1203.807324
1203.808324
1203.809324
1203.810324
1203.811324
1203.812323
1203.813323
1203.814325
1203.815325
1203.816324
1203.817324
1203.818324
1203.819324
1203.820324
1203.821323
1203.822323
1203.823325
1203.824325
1203.825324
1203.826324
1203.827324
1203.828324
1203.829324
1203.830323
1203.831323
1203.832325
1203.833324
1203.834324
1203.835324
1203.836324
1203.837324
1203.838324
1203.839323
1203.840323
1203.841325
1203.842324
1203.843324
1203.844324
1203.845324
1203.846324
1203.847323
1203.848323
1203.849323
1203.850325
1203.851324
1203.852324
1203.853324
1203.854324
1203.855324
1203.856323
1203.857323
1203.858323
1203.859325
1203.860324
1203.861324
1203.862324
1203.863324
1203.864324
1203.865323
1203.866323
1203.867325
1203.868325
1203.869324
1203.870324
1203.871324
1203.872324
1203.873324
1203.874323
1203.875323
1203.876325
1203.877325
1203.878324
1203.879324
1203.880324
1203.881324
1203.882324
1203.883323
1203.884323
1203.885325
1203.886325
1203.887324
1203.888324
1203.889324
1203.890324
1203.891324
1203.892323
1203.893323
1203.894325
1203.895324
1203.896324
1203.897324
1203.898324
1203.899324
1203.900324
1203.901323
1203.902323
1203.903325
1203.904324
1203.905324
1203.906324
1203.907324
1203.908324
1203.909323
1203.910323
1203.911323
1203.912325
1203.913324
1203.914324
1203.915324
1203.916324
1203.917324
1203.918323
1203.919323
1203.920323
1203.921325
1203.922324
1203.923324
1203.924324
1203.925324
1203.926324
1203.927323
1203.928323
1203.929325
1203.930325
1203.931324
1203.932324
1203.933324
1203.934324
1203.935324
1203.936323
1203.937323
1203.938325
1203.939325
1203.940324
1203.941324
1203.942324
1203.943324
1203.944324
1203.945323
1203.946323
1203.947325
1203.948325
1203.949324
1203.950324
1203.951324
1203.952324
1203.953324
1203.954323
1203.955323
1203.956325
1203.957324
1203.958324
1203.959324
1203.960324
1203.961324
1203.962324
1203.963323
1203.964323
1203.965325
1203.966324
1203.967324
1203.968324
1203.969324
1203.970324
1203.971323
1203.972323
1203.973323
1203.974325
1203.975324
1203.976324
1203.977324
1203.978324
1203.979324
1203.980323
1203.981323
1203.982323
1203.983325
1203.984324
1203.985324
1203.986324
1204.020324
1204.021324
1204.022324
1204.023324
1204.024324
1204.025323
1204.026323
1204.027325
1204.028324
1204.029324
1204.030324
1204.031324
1204.034323
1204.035323
1204.036325
1204.037324
1204.038324
1204.039324
1204.040324
1204.043323
1204.047324
1204.048324
1204.049324
1204.050324
1204.051323
1204.052323
1204.053325
1204.054325
1204.055324
1204.056324
1204.057324
1204.058324
1204.059324
1204.060323
1204.061323
1204.062325
1204.063325
1204.064324
1204.065324
1204.066324
1204.067324
1204.068324
1204.069323
1204.070323
1204.071325
1204.072325
1204.076324
1204.078323
1204.079323
1204.080325
1204.081324
1204.082324
1204.083324
1204.084324
1204.085324
1204.090324
1204.092324
1204.093324
1204.094324
1204.095323
1204.096323
1204.097323
1204.098325
1204.099324
1204.100324
1204.101324
1204.102324
1204.103324
1204.104323
1204.105323
1204.106323
1204.107325
1204.108324
1204.109324
1204.110324
1204.111324
1204.112324
1204.113323
1204.114323
1204.115325
1204.116325
1204.117324
1204.118324
1204.119324
1204.120324
1204.121324
1204.122323
1204.123323
1204.124325
1204.125325
1204.126324
1204.133325
1204.134325
1204.138324
1204.139324
1204.140323
1204.141323
1204.142325
1204.143324
1204.144324
1204.145324
1204.146324
1204.147324
1204.148324
1204.149323
1204.150323
1204.151325
1204.152324
1204.153324
1204.154324
1204.155324
1204.156324
1204.157323
1204.158323
1204.159323
1204.160325
1204.161324
1204.162324
1204.163324
1204.164324
1204.165324
1204.166323
1204.167323
1204.168323
1204.169325
1204.170324
1204.171324
1204.172324
1204.173324
1204.174324
1204.175323
1204.176323
1204.177325
1204.178325
1204.179324
1204.180324
1204.181324
1204.182324
1204.183324
1204.184323
1204.185323
1204.186325
1204.187325
1204.188324
1204.189324
1204.190324
1204.191324
1204.192324
1204.193323
1204.194323
1204.195325
1204.196325
1204.197324
1204.198324
1204.199324
1204.200324
1204.201324
1204.202323
1204.203323
1204.204325
1204.205324
1204.206324
1204.207324
1204.208324
1204.209324
1204.210324
1204.211323
1204.212323
1204.213325
1204.214324
1204.215324
1204.216324
1204.217324
1204.218324
1204.219323
1204.220323
1204.221323
1204.222325
1204.223324
1204.224324
1204.225324
1204.226324
1204.227324
1204.228323
1204.229323
1204.252324
1204.254324
1204.255323
1204.256323
1204.257325
1204.258325
1204.259324
1204.260324
1204.261324
1204.262324
1204.263324
1204.264323
1204.265323
1204.266325
1204.267324
1204.268324
1204.269324
1204.270324
1204.271324
1204.272324
1204.273323
1204.274323
1204.275325
1204.276324
1204.277324
1204.278324
1204.279324
1204.280324
1204.281323
1204.282323
1204.283323
1204.284325
1204.285324
1204.286324
1204.287324
1204.288324
1204.289324
1204.290323
1204.291323
1204.292323
1204.293325
1204.294324
1204.295324
1204.296324
1204.297324
1204.298324
1204.299323
1204.300323
1204.301325
1204.302325
1204.303324
1204.304324
1204.305324
1204.306324
1204.307324
1204.308323
1204.309323
1204.310325
1204.311325
1204.312324
1204.313324
1204.314324
1204.315324
1204.316324
1204.317323
1204.318323
1204.319325
1204.320325
1204.321324
1204.322324
1204.323324
1204.324324
1204.325324
1204.326323
1204.327323
1204.328325
1204.329324
1204.330324
1204.331324
1204.332324
1204.333324
1204.335323
1204.336323
1204.337325
1204.340324
1204.344323
1204.345323
1204.346325
1204.348324
1204.349324
1204.350324
1204.351324
1204.352323
1204.353323
1204.354323
1204.355325
1204.359324
1204.360324
1204.362323
1204.363325
1204.364325
1204.365324
1204.366324
1204.367324
1204.368324
1204.370323
1204.371323
1204.372325
1204.373325
1204.379323
1204.380323
1204.381325
1204.382325
1204.383324
1204.384324
1204.397323
1204.398323
1204.400324
1204.407323
1204.408325
1204.409324
1204.410324
1204.411324
1204.412324
1204.413324
1204.414323
1204.415323
1204.416323
1204.424323
1204.425325
1204.426325
1204.427324
1204.428324
1204.429324
1204.430324
1204.431324
1204.432323
1204.433323
1204.434325
1204.435325
1204.436324
1204.437324
1204.438324
1204.439324
1204.440324
1204.441323
1204.442323
1204.443325
1204.444325
1204.445324
1204.446324
1204.447324
1204.448324
1204.449324
1204.450323
1204.451323
1204.452325
1204.453324
1204.454324
1204.455324
1204.456324
1204.457324
1204.458324
1204.459323
1204.460323
1204.461325
1204.462324
1204.463324
1204.464324
1204.465324
1204.466324
1204.467323
1204.468323
1204.469323
1204.470325
1204.471324
1204.472324
1204.473324
1204.474324
1204.475324
1204.477323
1204.478323
1204.479325
1204.480324
1204.481324
1204.482324
1204.483324
1204.484324
1204.485323
1204.489324
1204.491324
1204.492324
1204.493324
1204.494323
1204.495323
1204.496325
1204.497325
1204.498324
1204.499324
1204.500324
1204.501324
1204.502324
1204.503323
1204.504323
1204.505325
1204.506325
1204.507324
1204.508324
1204.509324
1204.510324
1204.511324
1204.512323
1204.513323
1204.515324
1204.516324
1204.519324
1204.533324
1204.534324
1204.535324
1204.536324
1204.545324
1204.546324
1204.547323
1204.548323
1204.550325
1204.552324
1204.580324
1204.581324
1204.582324
1204.583323
1204.585325
1204.587324
1204.588324
1204.589324
1204.590324
1204.591323
1204.592323
1204.593323
1204.594325
1204.595324
1204.596324
1204.597324
1204.598324
1204.599324
1204.600323
1204.601323
1204.602323
1204.603325
1204.604324
1204.629325
1204.630325
1204.634324
1204.641324
1204.642324
1204.643324
1204.644324
1204.645323
1204.646323
1204.647325
1204.648324
1204.649324
1204.650324
1204.651324
1204.652324
1204.653323
1204.654323
1204.655323
1204.656325
1204.657324
1204.658324
1204.659324
1204.660324
1204.661324
1204.662323
1204.693324
1204.694324
1204.695324
1204.697324
1204.698323
1204.699323
1204.700325
1204.701324
1204.702324
1204.704324
1204.705324
1204.706324
1204.707323
1204.710324
1204.712324
1204.713324
1204.714324
1204.715323
1204.717323
1204.718325
1204.719324
1204.720324
1204.721324
1204.722324
1204.723324
1204.724323
1204.758324
1204.759324
1204.760323
1204.761323
1204.774324
1204.776324
1204.777323
1204.778323
1204.779323
1204.780325
1204.781324
1204.782324
1204.783324
1204.784324
1204.785324
1204.786323
1204.787323
1204.788323
1204.789325
1204.790324
1204.791324
1204.792324
1204.793324
1204.794324
1204.795323
1204.796323
1204.797325
1204.798325
1204.799324
1204.800324
1204.801324
1204.802324
1204.803324
1204.804323
1204.805323
1204.806325
1204.807325
1204.808324
1204.809324
1204.810324
1204.811324
1204.812324
1204.813323
1204.817324
1204.818324
1204.819324
1204.838324
1204.845324
1204.877325
1204.897324
1204.900324
1204.904325
1204.905324
1204.906324
1204.907324
1204.908324
1204.909324
1204.910323
1204.911323
1204.912323
1204.913325
1204.914324
1204.915324
1204.916324
1204.917324
1204.918324
1204.919323
1204.922325
1204.923324
1204.926324
1204.928323
1204.931325
1204.934324
1204.935324
1204.937323
1204.941324
1204.942324
1204.943324
1204.944324
1204.945324
1204.946323
1204.947323
1204.948325
1204.949324
1204.951324
1204.952324
1204.953324
1204.954324
1204.955323
1204.956323
1204.957325
1204.958324
1204.959324
1204.960324
1204.961324
1204.962324
1204.963323
1204.964323
1204.965323
1204.966325
1204.967324
1204.968324
1204.969324
1204.970324
1204.971324
1204.972323
1204.973323
1204.997324
1204.998324
1205.000323
1205.001325
1205.002325
1205.003324
1205.004324
1205.005324
1205.007324
1205.008323
1205.009323
1205.010325
1205.011324
1205.013324
1205.014324
1205.016324
1205.017323
1205.018323
1205.019325
1205.043323
1205.044323
1205.045325
1205.046325
1205.047324
1205.048324
1205.049324
1205.050324
1205.051324
1205.052323
1205.053323
1205.054325
1205.055325
1205.056324
1205.057324
1205.058324
1205.059324
1205.060324
1205.061323
1205.089323
1205.090325
1205.091324
1205.092324
1205.093324
1205.094324
1205.095324
1205.096323
1205.097323
1205.098323
1205.104324
1205.105323
1205.106323
1205.107325
1205.108325
1205.140324
1205.141323
1205.145324
1205.146324
1205.147324
1205.148324
1205.149323
1205.150323
1205.151323
1205.152325
1205.156324
1205.157324
1205.159323
1205.160323
1205.161325
1205.162324
1205.163324
1205.164324
1205.165324
1205.166324
1205.167323
1205.168323
1205.169325
1205.170325
1205.171324
1205.172324
1205.180324
1205.181324
1205.182324
1205.183324
1205.184324
1205.185323
1205.186323
1205.187325
1205.188325
1205.189324
1205.190324
1205.191324
1205.192324
1205.193324
1205.194323
1205.195323
1205.196325
1205.197324
1205.198324
1205.199324
1205.200324
1205.201324
1205.202324
1205.203323
1205.204323
1205.205325
1205.206324
1205.207324
1205.208324
1205.209324
1205.210324
1205.211323
1205.212323
1205.213323
1205.214325
1205.215324
1205.216324
1205.217324
1205.218324
1205.219324
1205.220323
1205.223325
1205.224324
1205.225324
1205.226324
1205.227324
1205.228324
1205.231325
1205.232325
1205.233324
1205.234324
1205.237324
1205.238323
1205.239323
1205.240325
1205.241325
1205.242324
1205.243324
1205.244324
1205.277324
1205.278324
1205.279324
1205.280324
1205.281324
1205.282323
1205.283323
1205.284323
1205.285325
1205.286324
1205.287324
1205.288324
1205.289324
1205.290324
1205.291323
1205.292323
1205.293325
1205.294325
1205.295324
1205.296324
1205.297324
1205.298324
1205.299324
1205.300323
1205.301323
1205.302325
1205.303325
1205.304324
1205.305324
1205.306324
1205.307324
1205.308324
1205.341324
1205.343324
1205.347325
1205.349324
1205.350324
